ma_window,upper_k,lower_k,num_rows,num_trades,total_pnl,total_return,win_rate,avg_trade_return,avg_holding_days,buy_hold_return,buy_hold_pnl,excess_vs_bh,rank
22,1.400000000000004,3.0000000000000053,43,1,5.319999999999993,0.032077178173048004,1.0,0.032077178173048004,42.0,-0.04541877459246779,-8.080000000000013,0.0774959527655158,1
22,1.5000000000000036,3.0000000000000053,43,1,5.319999999999993,0.032077178173048004,1.0,0.032077178173048004,42.0,-0.04541877459246779,-8.080000000000013,0.0774959527655158,2
10,2.100000000000005,2.400000000000005,55,1,5.319999999999993,0.032077178173048004,1.0,0.032077178173048004,42.0,-0.007654999123473449,-1.3100000000000023,0.039732177296521454,3
10,2.2000000000000046,2.400000000000005,55,1,5.319999999999993,0.032077178173048004,1.0,0.032077178173048004,42.0,-0.007654999123473449,-1.3100000000000023,0.039732177296521454,4
10,2.3000000000000043,2.400000000000005,55,1,5.319999999999993,0.032077178173048004,1.0,0.032077178173048004,42.0,-0.007654999123473449,-1.3100000000000023,0.039732177296521454,5
10,2.400000000000005,2.400000000000005,55,1,5.319999999999993,0.032077178173048004,1.0,0.032077178173048004,42.0,-0.007654999123473449,-1.3100000000000023,0.039732177296521454,6
22,1.2000000000000037,3.0000000000000053,43,1,5.219999999999999,0.03147422369611097,1.0,0.03147422369611097,28.0,-0.04541877459246779,-8.080000000000013,0.07689299828857876,7
22,1.3000000000000043,3.0000000000000053,43,1,5.219999999999999,0.03147422369611097,1.0,0.03147422369611097,28.0,-0.04541877459246779,-8.080000000000013,0.07689299828857876,8
22,0.400000000000003,3.0000000000000053,43,1,5.189999999999998,0.03129333735302975,1.0,0.03129333735302975,27.0,-0.04541877459246779,-8.080000000000013,0.07671211194549754,9
22,0.5000000000000031,3.0000000000000053,43,1,5.189999999999998,0.03129333735302975,1.0,0.03129333735302975,27.0,-0.04541877459246779,-8.080000000000013,0.07671211194549754,10
22,0.6000000000000032,3.0000000000000053,43,1,5.189999999999998,0.03129333735302975,1.0,0.03129333735302975,27.0,-0.04541877459246779,-8.080000000000013,0.07671211194549754,11
22,0.7000000000000033,3.0000000000000053,43,1,5.189999999999998,0.03129333735302975,1.0,0.03129333735302975,27.0,-0.04541877459246779,-8.080000000000013,0.07671211194549754,12
22,0.8000000000000034,3.0000000000000053,43,1,5.189999999999998,0.03129333735302975,1.0,0.03129333735302975,27.0,-0.04541877459246779,-8.080000000000013,0.07671211194549754,13
22,0.9000000000000035,3.0000000000000053,43,1,5.189999999999998,0.03129333735302975,1.0,0.03129333735302975,27.0,-0.04541877459246779,-8.080000000000013,0.07671211194549754,14
22,1.0000000000000036,3.0000000000000053,43,1,5.189999999999998,0.03129333735302975,1.0,0.03129333735302975,27.0,-0.04541877459246779,-8.080000000000013,0.07671211194549754,15
22,1.1000000000000032,3.0000000000000053,43,1,5.189999999999998,0.03129333735302975,1.0,0.03129333735302975,27.0,-0.04541877459246779,-8.080000000000013,0.07671211194549754,16
10,-3.0,-3.0,55,27,5.180000000000035,0.03024634836343343,0.6296296296296297,0.0011204884112060484,1.2962962962962963,-0.007654999123473449,-1.3100000000000023,0.03790134748690688,17
10,-3.0,-2.9,55,27,5.180000000000035,0.03024634836343343,0.6296296296296297,0.0011204884112060484,1.2962962962962963,-0.007654999123473449,-1.3100000000000023,0.03790134748690688,18
10,-3.0,-2.8,55,27,5.180000000000035,0.03024634836343343,0.6296296296296297,0.0011204884112060484,1.2962962962962963,-0.007654999123473449,-1.3100000000000023,0.03790134748690688,19
10,-3.0,-2.6999999999999997,55,27,5.180000000000035,0.03024634836343343,0.6296296296296297,0.0011204884112060484,1.2962962962962963,-0.007654999123473449,-1.3100000000000023,0.03790134748690688,20
10,-3.0,-2.5999999999999996,55,27,5.180000000000035,0.03024634836343343,0.6296296296296297,0.0011204884112060484,1.2962962962962963,-0.007654999123473449,-1.3100000000000023,0.03790134748690688,21
10,-3.0,-2.4999999999999996,55,27,5.180000000000035,0.03024634836343343,0.6296296296296297,0.0011204884112060484,1.2962962962962963,-0.007654999123473449,-1.3100000000000023,0.03790134748690688,22
10,-3.0,-2.3999999999999995,55,27,5.180000000000035,0.03024634836343343,0.6296296296296297,0.0011204884112060484,1.2962962962962963,-0.007654999123473449,-1.3100000000000023,0.03790134748690688,23
10,-3.0,-2.2999999999999994,55,27,5.180000000000035,0.03024634836343343,0.6296296296296297,0.0011204884112060484,1.2962962962962963,-0.007654999123473449,-1.3100000000000023,0.03790134748690688,24
10,-3.0,-2.1999999999999993,55,27,5.180000000000035,0.03024634836343343,0.6296296296296297,0.0011204884112060484,1.2962962962962963,-0.007654999123473449,-1.3100000000000023,0.03790134748690688,25
10,-3.0,-2.099999999999999,55,27,5.180000000000035,0.03024634836343343,0.6296296296296297,0.0011204884112060484,1.2962962962962963,-0.007654999123473449,-1.3100000000000023,0.03790134748690688,26
10,-2.9,-3.0,55,27,5.180000000000035,0.03024634836343343,0.6296296296296297,0.0011204884112060484,1.2962962962962963,-0.007654999123473449,-1.3100000000000023,0.03790134748690688,27
10,-2.9,-2.9,55,27,5.180000000000035,0.03024634836343343,0.6296296296296297,0.0011204884112060484,1.2962962962962963,-0.007654999123473449,-1.3100000000000023,0.03790134748690688,28
10,-2.9,-2.8,55,27,5.180000000000035,0.03024634836343343,0.6296296296296297,0.0011204884112060484,1.2962962962962963,-0.007654999123473449,-1.3100000000000023,0.03790134748690688,29
10,-2.9,-2.6999999999999997,55,27,5.180000000000035,0.03024634836343343,0.6296296296296297,0.0011204884112060484,1.2962962962962963,-0.007654999123473449,-1.3100000000000023,0.03790134748690688,30
10,-2.9,-2.5999999999999996,55,27,5.180000000000035,0.03024634836343343,0.6296296296296297,0.0011204884112060484,1.2962962962962963,-0.007654999123473449,-1.3100000000000023,0.03790134748690688,31
10,-2.9,-2.4999999999999996,55,27,5.180000000000035,0.03024634836343343,0.6296296296296297,0.0011204884112060484,1.2962962962962963,-0.007654999123473449,-1.3100000000000023,0.03790134748690688,32
10,-2.9,-2.3999999999999995,55,27,5.180000000000035,0.03024634836343343,0.6296296296296297,0.0011204884112060484,1.2962962962962963,-0.007654999123473449,-1.3100000000000023,0.03790134748690688,33
10,-2.9,-2.2999999999999994,55,27,5.180000000000035,0.03024634836343343,0.6296296296296297,0.0011204884112060484,1.2962962962962963,-0.007654999123473449,-1.3100000000000023,0.03790134748690688,34
10,-2.9,-2.1999999999999993,55,27,5.180000000000035,0.03024634836343343,0.6296296296296297,0.0011204884112060484,1.2962962962962963,-0.007654999123473449,-1.3100000000000023,0.03790134748690688,35
10,-2.9,-2.099999999999999,55,27,5.180000000000035,0.03024634836343343,0.6296296296296297,0.0011204884112060484,1.2962962962962963,-0.007654999123473449,-1.3100000000000023,0.03790134748690688,36
10,-2.8,-3.0,55,27,5.180000000000035,0.03024634836343343,0.6296296296296297,0.0011204884112060484,1.2962962962962963,-0.007654999123473449,-1.3100000000000023,0.03790134748690688,37
10,-2.8,-2.9,55,27,5.180000000000035,0.03024634836343343,0.6296296296296297,0.0011204884112060484,1.2962962962962963,-0.007654999123473449,-1.3100000000000023,0.03790134748690688,38
10,-2.8,-2.8,55,27,5.180000000000035,0.03024634836343343,0.6296296296296297,0.0011204884112060484,1.2962962962962963,-0.007654999123473449,-1.3100000000000023,0.03790134748690688,39
10,-2.8,-2.6999999999999997,55,27,5.180000000000035,0.03024634836343343,0.6296296296296297,0.0011204884112060484,1.2962962962962963,-0.007654999123473449,-1.3100000000000023,0.03790134748690688,40
10,-2.8,-2.5999999999999996,55,27,5.180000000000035,0.03024634836343343,0.6296296296296297,0.0011204884112060484,1.2962962962962963,-0.007654999123473449,-1.3100000000000023,0.03790134748690688,41
10,-2.8,-2.4999999999999996,55,27,5.180000000000035,0.03024634836343343,0.6296296296296297,0.0011204884112060484,1.2962962962962963,-0.007654999123473449,-1.3100000000000023,0.03790134748690688,42
10,-2.8,-2.3999999999999995,55,27,5.180000000000035,0.03024634836343343,0.6296296296296297,0.0011204884112060484,1.2962962962962963,-0.007654999123473449,-1.3100000000000023,0.03790134748690688,43
10,-2.8,-2.2999999999999994,55,27,5.180000000000035,0.03024634836343343,0.6296296296296297,0.0011204884112060484,1.2962962962962963,-0.007654999123473449,-1.3100000000000023,0.03790134748690688,44
10,-2.8,-2.1999999999999993,55,27,5.180000000000035,0.03024634836343343,0.6296296296296297,0.0011204884112060484,1.2962962962962963,-0.007654999123473449,-1.3100000000000023,0.03790134748690688,45
10,-2.8,-2.099999999999999,55,27,5.180000000000035,0.03024634836343343,0.6296296296296297,0.0011204884112060484,1.2962962962962963,-0.007654999123473449,-1.3100000000000023,0.03790134748690688,46
10,-2.6999999999999997,-3.0,55,27,5.180000000000035,0.03024634836343343,0.6296296296296297,0.0011204884112060484,1.2962962962962963,-0.007654999123473449,-1.3100000000000023,0.03790134748690688,47
10,-2.6999999999999997,-2.9,55,27,5.180000000000035,0.03024634836343343,0.6296296296296297,0.0011204884112060484,1.2962962962962963,-0.007654999123473449,-1.3100000000000023,0.03790134748690688,48
10,-2.6999999999999997,-2.8,55,27,5.180000000000035,0.03024634836343343,0.6296296296296297,0.0011204884112060484,1.2962962962962963,-0.007654999123473449,-1.3100000000000023,0.03790134748690688,49
10,-2.6999999999999997,-2.6999999999999997,55,27,5.180000000000035,0.03024634836343343,0.6296296296296297,0.0011204884112060484,1.2962962962962963,-0.007654999123473449,-1.3100000000000023,0.03790134748690688,50
10,-2.6999999999999997,-2.5999999999999996,55,27,5.180000000000035,0.03024634836343343,0.6296296296296297,0.0011204884112060484,1.2962962962962963,-0.007654999123473449,-1.3100000000000023,0.03790134748690688,51
10,-2.6999999999999997,-2.4999999999999996,55,27,5.180000000000035,0.03024634836343343,0.6296296296296297,0.0011204884112060484,1.2962962962962963,-0.007654999123473449,-1.3100000000000023,0.03790134748690688,52
10,-2.6999999999999997,-2.3999999999999995,55,27,5.180000000000035,0.03024634836343343,0.6296296296296297,0.0011204884112060484,1.2962962962962963,-0.007654999123473449,-1.3100000000000023,0.03790134748690688,53
10,-2.6999999999999997,-2.2999999999999994,55,27,5.180000000000035,0.03024634836343343,0.6296296296296297,0.0011204884112060484,1.2962962962962963,-0.007654999123473449,-1.3100000000000023,0.03790134748690688,54
10,-2.6999999999999997,-2.1999999999999993,55,27,5.180000000000035,0.03024634836343343,0.6296296296296297,0.0011204884112060484,1.2962962962962963,-0.007654999123473449,-1.3100000000000023,0.03790134748690688,55
10,-2.6999999999999997,-2.099999999999999,55,27,5.180000000000035,0.03024634836343343,0.6296296296296297,0.0011204884112060484,1.2962962962962963,-0.007654999123473449,-1.3100000000000023,0.03790134748690688,56
10,-2.5999999999999996,-3.0,55,27,5.180000000000035,0.03024634836343343,0.6296296296296297,0.0011204884112060484,1.2962962962962963,-0.007654999123473449,-1.3100000000000023,0.03790134748690688,57
10,-2.5999999999999996,-2.9,55,27,5.180000000000035,0.03024634836343343,0.6296296296296297,0.0011204884112060484,1.2962962962962963,-0.007654999123473449,-1.3100000000000023,0.03790134748690688,58
10,-2.5999999999999996,-2.8,55,27,5.180000000000035,0.03024634836343343,0.6296296296296297,0.0011204884112060484,1.2962962962962963,-0.007654999123473449,-1.3100000000000023,0.03790134748690688,59
10,-2.5999999999999996,-2.6999999999999997,55,27,5.180000000000035,0.03024634836343343,0.6296296296296297,0.0011204884112060484,1.2962962962962963,-0.007654999123473449,-1.3100000000000023,0.03790134748690688,60
10,-2.5999999999999996,-2.5999999999999996,55,27,5.180000000000035,0.03024634836343343,0.6296296296296297,0.0011204884112060484,1.2962962962962963,-0.007654999123473449,-1.3100000000000023,0.03790134748690688,61
10,-2.5999999999999996,-2.4999999999999996,55,27,5.180000000000035,0.03024634836343343,0.6296296296296297,0.0011204884112060484,1.2962962962962963,-0.007654999123473449,-1.3100000000000023,0.03790134748690688,62
10,-2.5999999999999996,-2.3999999999999995,55,27,5.180000000000035,0.03024634836343343,0.6296296296296297,0.0011204884112060484,1.2962962962962963,-0.007654999123473449,-1.3100000000000023,0.03790134748690688,63
10,-2.5999999999999996,-2.2999999999999994,55,27,5.180000000000035,0.03024634836343343,0.6296296296296297,0.0011204884112060484,1.2962962962962963,-0.007654999123473449,-1.3100000000000023,0.03790134748690688,64
10,-2.5999999999999996,-2.1999999999999993,55,27,5.180000000000035,0.03024634836343343,0.6296296296296297,0.0011204884112060484,1.2962962962962963,-0.007654999123473449,-1.3100000000000023,0.03790134748690688,65
10,-2.5999999999999996,-2.099999999999999,55,27,5.180000000000035,0.03024634836343343,0.6296296296296297,0.0011204884112060484,1.2962962962962963,-0.007654999123473449,-1.3100000000000023,0.03790134748690688,66
10,-2.4999999999999996,-3.0,55,27,5.180000000000035,0.03024634836343343,0.6296296296296297,0.0011204884112060484,1.2962962962962963,-0.007654999123473449,-1.3100000000000023,0.03790134748690688,67
10,-2.4999999999999996,-2.9,55,27,5.180000000000035,0.03024634836343343,0.6296296296296297,0.0011204884112060484,1.2962962962962963,-0.007654999123473449,-1.3100000000000023,0.03790134748690688,68
10,-2.4999999999999996,-2.8,55,27,5.180000000000035,0.03024634836343343,0.6296296296296297,0.0011204884112060484,1.2962962962962963,-0.007654999123473449,-1.3100000000000023,0.03790134748690688,69
10,-2.4999999999999996,-2.6999999999999997,55,27,5.180000000000035,0.03024634836343343,0.6296296296296297,0.0011204884112060484,1.2962962962962963,-0.007654999123473449,-1.3100000000000023,0.03790134748690688,70
10,-2.4999999999999996,-2.5999999999999996,55,27,5.180000000000035,0.03024634836343343,0.6296296296296297,0.0011204884112060484,1.2962962962962963,-0.007654999123473449,-1.3100000000000023,0.03790134748690688,71
10,-2.4999999999999996,-2.4999999999999996,55,27,5.180000000000035,0.03024634836343343,0.6296296296296297,0.0011204884112060484,1.2962962962962963,-0.007654999123473449,-1.3100000000000023,0.03790134748690688,72
10,-2.4999999999999996,-2.3999999999999995,55,27,5.180000000000035,0.03024634836343343,0.6296296296296297,0.0011204884112060484,1.2962962962962963,-0.007654999123473449,-1.3100000000000023,0.03790134748690688,73
10,-2.4999999999999996,-2.2999999999999994,55,27,5.180000000000035,0.03024634836343343,0.6296296296296297,0.0011204884112060484,1.2962962962962963,-0.007654999123473449,-1.3100000000000023,0.03790134748690688,74
10,-2.4999999999999996,-2.1999999999999993,55,27,5.180000000000035,0.03024634836343343,0.6296296296296297,0.0011204884112060484,1.2962962962962963,-0.007654999123473449,-1.3100000000000023,0.03790134748690688,75
10,-2.4999999999999996,-2.099999999999999,55,27,5.180000000000035,0.03024634836343343,0.6296296296296297,0.0011204884112060484,1.2962962962962963,-0.007654999123473449,-1.3100000000000023,0.03790134748690688,76
10,-2.3999999999999995,-3.0,55,27,5.180000000000035,0.03024634836343343,0.6296296296296297,0.0011204884112060484,1.2962962962962963,-0.007654999123473449,-1.3100000000000023,0.03790134748690688,77
10,-2.3999999999999995,-2.9,55,27,5.180000000000035,0.03024634836343343,0.6296296296296297,0.0011204884112060484,1.2962962962962963,-0.007654999123473449,-1.3100000000000023,0.03790134748690688,78
10,-2.3999999999999995,-2.8,55,27,5.180000000000035,0.03024634836343343,0.6296296296296297,0.0011204884112060484,1.2962962962962963,-0.007654999123473449,-1.3100000000000023,0.03790134748690688,79
10,-2.3999999999999995,-2.6999999999999997,55,27,5.180000000000035,0.03024634836343343,0.6296296296296297,0.0011204884112060484,1.2962962962962963,-0.007654999123473449,-1.3100000000000023,0.03790134748690688,80
10,-2.3999999999999995,-2.5999999999999996,55,27,5.180000000000035,0.03024634836343343,0.6296296296296297,0.0011204884112060484,1.2962962962962963,-0.007654999123473449,-1.3100000000000023,0.03790134748690688,81
10,-2.3999999999999995,-2.4999999999999996,55,27,5.180000000000035,0.03024634836343343,0.6296296296296297,0.0011204884112060484,1.2962962962962963,-0.007654999123473449,-1.3100000000000023,0.03790134748690688,82
10,-2.3999999999999995,-2.3999999999999995,55,27,5.180000000000035,0.03024634836343343,0.6296296296296297,0.0011204884112060484,1.2962962962962963,-0.007654999123473449,-1.3100000000000023,0.03790134748690688,83
10,-2.3999999999999995,-2.2999999999999994,55,27,5.180000000000035,0.03024634836343343,0.6296296296296297,0.0011204884112060484,1.2962962962962963,-0.007654999123473449,-1.3100000000000023,0.03790134748690688,84
10,-2.3999999999999995,-2.1999999999999993,55,27,5.180000000000035,0.03024634836343343,0.6296296296296297,0.0011204884112060484,1.2962962962962963,-0.007654999123473449,-1.3100000000000023,0.03790134748690688,85
10,-2.3999999999999995,-2.099999999999999,55,27,5.180000000000035,0.03024634836343343,0.6296296296296297,0.0011204884112060484,1.2962962962962963,-0.007654999123473449,-1.3100000000000023,0.03790134748690688,86
5,1.7000000000000046,0.6000000000000032,60,3,5.069999999999965,0.02963176439150228,0.6666666666666666,0.010165929551078165,21.0,-0.0014112666117841455,-0.2400000000000091,0.031043031003286425,87
5,1.7000000000000046,0.7000000000000033,60,3,5.069999999999965,0.02963176439150228,0.6666666666666666,0.010165929551078165,21.0,-0.0014112666117841455,-0.2400000000000091,0.031043031003286425,88
5,1.7000000000000046,0.8000000000000034,60,3,5.069999999999965,0.02963176439150228,0.6666666666666666,0.010165929551078165,21.0,-0.0014112666117841455,-0.2400000000000091,0.031043031003286425,89
5,1.7000000000000046,0.9000000000000035,60,3,5.069999999999965,0.02963176439150228,0.6666666666666666,0.010165929551078165,21.0,-0.0014112666117841455,-0.2400000000000091,0.031043031003286425,90
5,1.8000000000000043,0.6000000000000032,60,3,5.069999999999965,0.02963176439150228,0.6666666666666666,0.010165929551078165,21.0,-0.0014112666117841455,-0.2400000000000091,0.031043031003286425,91
5,1.8000000000000043,0.7000000000000033,60,3,5.069999999999965,0.02963176439150228,0.6666666666666666,0.010165929551078165,21.0,-0.0014112666117841455,-0.2400000000000091,0.031043031003286425,92
5,1.8000000000000043,0.8000000000000034,60,3,5.069999999999965,0.02963176439150228,0.6666666666666666,0.010165929551078165,21.0,-0.0014112666117841455,-0.2400000000000091,0.031043031003286425,93
5,1.8000000000000043,0.9000000000000035,60,3,5.069999999999965,0.02963176439150228,0.6666666666666666,0.010165929551078165,21.0,-0.0014112666117841455,-0.2400000000000091,0.031043031003286425,94
5,1.7000000000000046,0.10000000000000275,60,3,5.0499999999999545,0.029510209375341434,0.6666666666666666,0.010126163764152244,22.333333333333332,-0.0014112666117841455,-0.2400000000000091,0.03092147598712558,95
5,1.7000000000000046,0.20000000000000284,60,3,5.0499999999999545,0.029510209375341434,0.6666666666666666,0.010126163764152244,22.333333333333332,-0.0014112666117841455,-0.2400000000000091,0.03092147598712558,96
5,1.7000000000000046,0.30000000000000293,60,3,5.0499999999999545,0.029510209375341434,0.6666666666666666,0.010126163764152244,22.333333333333332,-0.0014112666117841455,-0.2400000000000091,0.03092147598712558,97
5,1.7000000000000046,0.400000000000003,60,3,5.0499999999999545,0.029510209375341434,0.6666666666666666,0.010126163764152244,22.333333333333332,-0.0014112666117841455,-0.2400000000000091,0.03092147598712558,98
5,1.7000000000000046,0.5000000000000031,60,3,5.0499999999999545,0.029510209375341434,0.6666666666666666,0.010126163764152244,22.333333333333332,-0.0014112666117841455,-0.2400000000000091,0.03092147598712558,99
5,1.8000000000000043,0.10000000000000275,60,3,5.0499999999999545,0.029510209375341434,0.6666666666666666,0.010126163764152244,22.333333333333332,-0.0014112666117841455,-0.2400000000000091,0.03092147598712558,100
5,1.8000000000000043,0.20000000000000284,60,3,5.0499999999999545,0.029510209375341434,0.6666666666666666,0.010126163764152244,22.333333333333332,-0.0014112666117841455,-0.2400000000000091,0.03092147598712558,101
5,1.8000000000000043,0.30000000000000293,60,3,5.0499999999999545,0.029510209375341434,0.6666666666666666,0.010126163764152244,22.333333333333332,-0.0014112666117841455,-0.2400000000000091,0.03092147598712558,102
5,1.8000000000000043,0.400000000000003,60,3,5.0499999999999545,0.029510209375341434,0.6666666666666666,0.010126163764152244,22.333333333333332,-0.0014112666117841455,-0.2400000000000091,0.03092147598712558,103
5,1.8000000000000043,0.5000000000000031,60,3,5.0499999999999545,0.029510209375341434,0.6666666666666666,0.010126163764152244,22.333333333333332,-0.0014112666117841455,-0.2400000000000091,0.03092147598712558,104
10,-3.0,-1.899999999999999,55,26,4.540000000000049,0.02633927522434454,0.6153846153846154,0.0010171685553549072,1.3076923076923077,-0.007654999123473449,-1.3100000000000023,0.03399427434781799,105
10,-2.9,-1.899999999999999,55,26,4.540000000000049,0.02633927522434454,0.6153846153846154,0.0010171685553549072,1.3076923076923077,-0.007654999123473449,-1.3100000000000023,0.03399427434781799,106
10,-2.8,-1.899999999999999,55,26,4.540000000000049,0.02633927522434454,0.6153846153846154,0.0010171685553549072,1.3076923076923077,-0.007654999123473449,-1.3100000000000023,0.03399427434781799,107
10,-2.6999999999999997,-1.899999999999999,55,26,4.540000000000049,0.02633927522434454,0.6153846153846154,0.0010171685553549072,1.3076923076923077,-0.007654999123473449,-1.3100000000000023,0.03399427434781799,108
10,-2.5999999999999996,-1.899999999999999,55,26,4.540000000000049,0.02633927522434454,0.6153846153846154,0.0010171685553549072,1.3076923076923077,-0.007654999123473449,-1.3100000000000023,0.03399427434781799,109
10,-2.4999999999999996,-1.899999999999999,55,26,4.540000000000049,0.02633927522434454,0.6153846153846154,0.0010171685553549072,1.3076923076923077,-0.007654999123473449,-1.3100000000000023,0.03399427434781799,110
10,-2.3999999999999995,-1.899999999999999,55,26,4.540000000000049,0.02633927522434454,0.6153846153846154,0.0010171685553549072,1.3076923076923077,-0.007654999123473449,-1.3100000000000023,0.03399427434781799,111
5,1.600000000000004,-3.0,60,5,4.549999999999983,0.02624059503507503,0.8,0.005344160458664949,16.0,-0.0014112666117841455,-0.2400000000000091,0.027651861646859177,112
5,1.600000000000004,-2.9,60,5,4.549999999999983,0.02624059503507503,0.8,0.005344160458664949,16.0,-0.0014112666117841455,-0.2400000000000091,0.027651861646859177,113
5,1.600000000000004,-2.8,60,5,4.549999999999983,0.02624059503507503,0.8,0.005344160458664949,16.0,-0.0014112666117841455,-0.2400000000000091,0.027651861646859177,114
5,1.600000000000004,-2.6999999999999997,60,5,4.549999999999983,0.02624059503507503,0.8,0.005344160458664949,16.0,-0.0014112666117841455,-0.2400000000000091,0.027651861646859177,115
5,1.600000000000004,-2.5999999999999996,60,5,4.549999999999983,0.02624059503507503,0.8,0.005344160458664949,16.0,-0.0014112666117841455,-0.2400000000000091,0.027651861646859177,116
5,1.600000000000004,-2.4999999999999996,60,5,4.549999999999983,0.02624059503507503,0.8,0.005344160458664949,16.0,-0.0014112666117841455,-0.2400000000000091,0.027651861646859177,117
5,1.600000000000004,-2.3999999999999995,60,5,4.549999999999983,0.02624059503507503,0.8,0.005344160458664949,16.0,-0.0014112666117841455,-0.2400000000000091,0.027651861646859177,118
5,1.600000000000004,-2.2999999999999994,60,5,4.549999999999983,0.02624059503507503,0.8,0.005344160458664949,16.0,-0.0014112666117841455,-0.2400000000000091,0.027651861646859177,119
5,1.600000000000004,-2.1999999999999993,60,5,4.549999999999983,0.02624059503507503,0.8,0.005344160458664949,16.0,-0.0014112666117841455,-0.2400000000000091,0.027651861646859177,120
5,1.600000000000004,-2.099999999999999,60,5,4.549999999999983,0.02624059503507503,0.8,0.005344160458664949,16.0,-0.0014112666117841455,-0.2400000000000091,0.027651861646859177,121
5,1.600000000000004,-1.9999999999999991,60,5,4.549999999999983,0.02624059503507503,0.8,0.005344160458664949,16.0,-0.0014112666117841455,-0.2400000000000091,0.027651861646859177,122
5,1.600000000000004,-1.899999999999999,60,5,4.549999999999983,0.02624059503507503,0.8,0.005344160458664949,16.0,-0.0014112666117841455,-0.2400000000000091,0.027651861646859177,123
5,1.600000000000004,-1.799999999999999,60,5,4.549999999999983,0.02624059503507503,0.8,0.005344160458664949,16.0,-0.0014112666117841455,-0.2400000000000091,0.027651861646859177,124
10,1.2000000000000037,-1.4999999999999987,55,9,4.269999999999982,0.02437308001988958,0.8888888888888888,0.0028428049546338732,6.333333333333333,-0.007654999123473449,-1.3100000000000023,0.03202807914336303,125
10,1.3000000000000043,-1.4999999999999987,55,9,4.269999999999982,0.02437308001988958,0.8888888888888888,0.0028428049546338732,6.333333333333333,-0.007654999123473449,-1.3100000000000023,0.03202807914336303,126
10,-3.0,-1.4999999999999987,55,24,4.170000000000044,0.024166064070065385,0.5833333333333334,0.001013532974869974,1.3333333333333333,-0.007654999123473449,-1.3100000000000023,0.031821063193538834,127
10,-2.9,-1.4999999999999987,55,24,4.170000000000044,0.024166064070065385,0.5833333333333334,0.001013532974869974,1.3333333333333333,-0.007654999123473449,-1.3100000000000023,0.031821063193538834,128
10,-2.8,-1.4999999999999987,55,24,4.170000000000044,0.024166064070065385,0.5833333333333334,0.001013532974869974,1.3333333333333333,-0.007654999123473449,-1.3100000000000023,0.031821063193538834,129
10,-2.6999999999999997,-1.4999999999999987,55,24,4.170000000000044,0.024166064070065385,0.5833333333333334,0.001013532974869974,1.3333333333333333,-0.007654999123473449,-1.3100000000000023,0.031821063193538834,130
10,-2.5999999999999996,-1.4999999999999987,55,24,4.170000000000044,0.024166064070065385,0.5833333333333334,0.001013532974869974,1.3333333333333333,-0.007654999123473449,-1.3100000000000023,0.031821063193538834,131
10,-2.4999999999999996,-1.4999999999999987,55,24,4.170000000000044,0.024166064070065385,0.5833333333333334,0.001013532974869974,1.3333333333333333,-0.007654999123473449,-1.3100000000000023,0.031821063193538834,132
10,-2.3999999999999995,-1.4999999999999987,55,24,4.170000000000044,0.024166064070065385,0.5833333333333334,0.001013532974869974,1.3333333333333333,-0.007654999123473449,-1.3100000000000023,0.031821063193538834,133
5,1.5000000000000036,-1.1999999999999984,60,5,4.039999999999964,0.0232516208704332,0.8,0.00471855873559437,14.8,-0.0014112666117841455,-0.2400000000000091,0.024662887482217344,134
5,1.600000000000004,-1.1999999999999984,60,5,4.039999999999964,0.0232516208704332,0.8,0.00471855873559437,14.8,-0.0014112666117841455,-0.2400000000000091,0.024662887482217344,135
5,1.5000000000000036,-3.0,60,6,4.029999999999973,0.023139990134614763,0.8333333333333334,0.003913609099984357,12.833333333333334,-0.0014112666117841455,-0.2400000000000091,0.02455125674639891,136
5,1.5000000000000036,-2.9,60,6,4.029999999999973,0.023139990134614763,0.8333333333333334,0.003913609099984357,12.833333333333334,-0.0014112666117841455,-0.2400000000000091,0.02455125674639891,137
5,1.5000000000000036,-2.8,60,6,4.029999999999973,0.023139990134614763,0.8333333333333334,0.003913609099984357,12.833333333333334,-0.0014112666117841455,-0.2400000000000091,0.02455125674639891,138
5,1.5000000000000036,-2.6999999999999997,60,6,4.029999999999973,0.023139990134614763,0.8333333333333334,0.003913609099984357,12.833333333333334,-0.0014112666117841455,-0.2400000000000091,0.02455125674639891,139
5,1.5000000000000036,-2.5999999999999996,60,6,4.029999999999973,0.023139990134614763,0.8333333333333334,0.003913609099984357,12.833333333333334,-0.0014112666117841455,-0.2400000000000091,0.02455125674639891,140
5,1.5000000000000036,-2.4999999999999996,60,6,4.029999999999973,0.023139990134614763,0.8333333333333334,0.003913609099984357,12.833333333333334,-0.0014112666117841455,-0.2400000000000091,0.02455125674639891,141
5,1.5000000000000036,-2.3999999999999995,60,6,4.029999999999973,0.023139990134614763,0.8333333333333334,0.003913609099984357,12.833333333333334,-0.0014112666117841455,-0.2400000000000091,0.02455125674639891,142
5,1.5000000000000036,-2.2999999999999994,60,6,4.029999999999973,0.023139990134614763,0.8333333333333334,0.003913609099984357,12.833333333333334,-0.0014112666117841455,-0.2400000000000091,0.02455125674639891,143
5,1.5000000000000036,-2.1999999999999993,60,6,4.029999999999973,0.023139990134614763,0.8333333333333334,0.003913609099984357,12.833333333333334,-0.0014112666117841455,-0.2400000000000091,0.02455125674639891,144
5,1.5000000000000036,-2.099999999999999,60,6,4.029999999999973,0.023139990134614763,0.8333333333333334,0.003913609099984357,12.833333333333334,-0.0014112666117841455,-0.2400000000000091,0.02455125674639891,145
5,1.5000000000000036,-1.9999999999999991,60,6,4.029999999999973,0.023139990134614763,0.8333333333333334,0.003913609099984357,12.833333333333334,-0.0014112666117841455,-0.2400000000000091,0.02455125674639891,146
5,1.5000000000000036,-1.899999999999999,60,6,4.029999999999973,0.023139990134614763,0.8333333333333334,0.003913609099984357,12.833333333333334,-0.0014112666117841455,-0.2400000000000091,0.02455125674639891,147
5,1.5000000000000036,-1.799999999999999,60,6,4.029999999999973,0.023139990134614763,0.8333333333333334,0.003913609099984357,12.833333333333334,-0.0014112666117841455,-0.2400000000000091,0.02455125674639891,148
5,1.5000000000000036,-1.0999999999999983,60,5,4.009999999999991,0.023073291901999804,0.8,0.0046831788640195,14.6,-0.0014112666117841455,-0.2400000000000091,0.02448455851378395,149
5,1.600000000000004,-1.0999999999999983,60,5,4.009999999999991,0.023073291901999804,0.8,0.0046831788640195,14.6,-0.0014112666117841455,-0.2400000000000091,0.02448455851378395,150
5,1.5000000000000036,-0.9999999999999982,60,5,3.9399999999999693,0.0226703031538531,0.8,0.00460389769515559,14.4,-0.0014112666117841455,-0.2400000000000091,0.024081569765637245,151
5,1.5000000000000036,-0.8999999999999981,60,5,3.9399999999999693,0.0226703031538531,0.8,0.00460389769515559,14.4,-0.0014112666117841455,-0.2400000000000091,0.024081569765637245,152
5,1.600000000000004,-0.9999999999999982,60,5,3.9399999999999693,0.0226703031538531,0.8,0.00460389769515559,14.4,-0.0014112666117841455,-0.2400000000000091,0.024081569765637245,153
5,1.600000000000004,-0.8999999999999981,60,5,3.9399999999999693,0.0226703031538531,0.8,0.00460389769515559,14.4,-0.0014112666117841455,-0.2400000000000091,0.024081569765637245,154
10,-3.0,-1.1999999999999984,55,21,3.810000000000059,0.021889993048451517,0.5714285714285714,0.0010530898006089354,1.2857142857142858,-0.007654999123473449,-1.3100000000000023,0.029544992171924966,155
10,-2.9,-1.1999999999999984,55,21,3.810000000000059,0.021889993048451517,0.5714285714285714,0.0010530898006089354,1.2857142857142858,-0.007654999123473449,-1.3100000000000023,0.029544992171924966,156
10,-2.8,-1.1999999999999984,55,21,3.810000000000059,0.021889993048451517,0.5714285714285714,0.0010530898006089354,1.2857142857142858,-0.007654999123473449,-1.3100000000000023,0.029544992171924966,157
10,-2.6999999999999997,-1.1999999999999984,55,21,3.810000000000059,0.021889993048451517,0.5714285714285714,0.0010530898006089354,1.2857142857142858,-0.007654999123473449,-1.3100000000000023,0.029544992171924966,158
10,-2.5999999999999996,-1.1999999999999984,55,21,3.810000000000059,0.021889993048451517,0.5714285714285714,0.0010530898006089354,1.2857142857142858,-0.007654999123473449,-1.3100000000000023,0.029544992171924966,159
10,-2.4999999999999996,-1.1999999999999984,55,21,3.810000000000059,0.021889993048451517,0.5714285714285714,0.0010530898006089354,1.2857142857142858,-0.007654999123473449,-1.3100000000000023,0.029544992171924966,160
10,-2.3999999999999995,-1.1999999999999984,55,21,3.810000000000059,0.021889993048451517,0.5714285714285714,0.0010530898006089354,1.2857142857142858,-0.007654999123473449,-1.3100000000000023,0.029544992171924966,161
10,-3.0,-0.9999999999999982,55,19,3.7400000000000375,0.02186029956340607,0.5263157894736842,0.001163232562707754,1.3157894736842106,-0.007654999123473449,-1.3100000000000023,0.02951529868687952,162
10,-2.9,-0.9999999999999982,55,19,3.7400000000000375,0.02186029956340607,0.5263157894736842,0.001163232562707754,1.3157894736842106,-0.007654999123473449,-1.3100000000000023,0.02951529868687952,163
10,-2.8,-0.9999999999999982,55,19,3.7400000000000375,0.02186029956340607,0.5263157894736842,0.001163232562707754,1.3157894736842106,-0.007654999123473449,-1.3100000000000023,0.02951529868687952,164
10,-2.6999999999999997,-0.9999999999999982,55,19,3.7400000000000375,0.02186029956340607,0.5263157894736842,0.001163232562707754,1.3157894736842106,-0.007654999123473449,-1.3100000000000023,0.02951529868687952,165
10,-2.5999999999999996,-0.9999999999999982,55,19,3.7400000000000375,0.02186029956340607,0.5263157894736842,0.001163232562707754,1.3157894736842106,-0.007654999123473449,-1.3100000000000023,0.02951529868687952,166
10,-2.4999999999999996,-0.9999999999999982,55,19,3.7400000000000375,0.02186029956340607,0.5263157894736842,0.001163232562707754,1.3157894736842106,-0.007654999123473449,-1.3100000000000023,0.02951529868687952,167
10,-2.3999999999999995,-0.9999999999999982,55,19,3.7400000000000375,0.02186029956340607,0.5263157894736842,0.001163232562707754,1.3157894736842106,-0.007654999123473449,-1.3100000000000023,0.02951529868687952,168
5,0.6000000000000032,-3.0,60,17,3.5999999999999375,0.02083768831307653,0.8235294117647058,0.0013185476674808386,3.235294117647059,-0.0014112666117841455,-0.2400000000000091,0.022248954924860675,169
5,0.6000000000000032,-2.9,60,17,3.5999999999999375,0.02083768831307653,0.8235294117647058,0.0013185476674808386,3.235294117647059,-0.0014112666117841455,-0.2400000000000091,0.022248954924860675,170
5,0.6000000000000032,-2.8,60,17,3.5999999999999375,0.02083768831307653,0.8235294117647058,0.0013185476674808386,3.235294117647059,-0.0014112666117841455,-0.2400000000000091,0.022248954924860675,171
5,0.6000000000000032,-2.6999999999999997,60,17,3.5999999999999375,0.02083768831307653,0.8235294117647058,0.0013185476674808386,3.235294117647059,-0.0014112666117841455,-0.2400000000000091,0.022248954924860675,172
5,0.6000000000000032,-2.5999999999999996,60,17,3.5999999999999375,0.02083768831307653,0.8235294117647058,0.0013185476674808386,3.235294117647059,-0.0014112666117841455,-0.2400000000000091,0.022248954924860675,173
5,0.6000000000000032,-2.4999999999999996,60,17,3.5999999999999375,0.02083768831307653,0.8235294117647058,0.0013185476674808386,3.235294117647059,-0.0014112666117841455,-0.2400000000000091,0.022248954924860675,174
5,0.6000000000000032,-2.3999999999999995,60,17,3.5999999999999375,0.02083768831307653,0.8235294117647058,0.0013185476674808386,3.235294117647059,-0.0014112666117841455,-0.2400000000000091,0.022248954924860675,175
5,0.6000000000000032,-2.2999999999999994,60,17,3.5999999999999375,0.02083768831307653,0.8235294117647058,0.0013185476674808386,3.235294117647059,-0.0014112666117841455,-0.2400000000000091,0.022248954924860675,176
5,0.6000000000000032,-2.1999999999999993,60,17,3.5999999999999375,0.02083768831307653,0.8235294117647058,0.0013185476674808386,3.235294117647059,-0.0014112666117841455,-0.2400000000000091,0.022248954924860675,177
5,0.6000000000000032,-2.099999999999999,60,17,3.5999999999999375,0.02083768831307653,0.8235294117647058,0.0013185476674808386,3.235294117647059,-0.0014112666117841455,-0.2400000000000091,0.022248954924860675,178
5,0.6000000000000032,-1.9999999999999991,60,17,3.5999999999999375,0.02083768831307653,0.8235294117647058,0.0013185476674808386,3.235294117647059,-0.0014112666117841455,-0.2400000000000091,0.022248954924860675,179
5,0.7000000000000033,-3.0,60,17,3.5999999999999375,0.02083768831307653,0.8235294117647058,0.0013185476674808386,3.235294117647059,-0.0014112666117841455,-0.2400000000000091,0.022248954924860675,180
5,0.7000000000000033,-2.9,60,17,3.5999999999999375,0.02083768831307653,0.8235294117647058,0.0013185476674808386,3.235294117647059,-0.0014112666117841455,-0.2400000000000091,0.022248954924860675,181
5,0.7000000000000033,-2.8,60,17,3.5999999999999375,0.02083768831307653,0.8235294117647058,0.0013185476674808386,3.235294117647059,-0.0014112666117841455,-0.2400000000000091,0.022248954924860675,182
5,0.7000000000000033,-2.6999999999999997,60,17,3.5999999999999375,0.02083768831307653,0.8235294117647058,0.0013185476674808386,3.235294117647059,-0.0014112666117841455,-0.2400000000000091,0.022248954924860675,183
5,0.7000000000000033,-2.5999999999999996,60,17,3.5999999999999375,0.02083768831307653,0.8235294117647058,0.0013185476674808386,3.235294117647059,-0.0014112666117841455,-0.2400000000000091,0.022248954924860675,184
5,0.7000000000000033,-2.4999999999999996,60,17,3.5999999999999375,0.02083768831307653,0.8235294117647058,0.0013185476674808386,3.235294117647059,-0.0014112666117841455,-0.2400000000000091,0.022248954924860675,185
5,0.7000000000000033,-2.3999999999999995,60,17,3.5999999999999375,0.02083768831307653,0.8235294117647058,0.0013185476674808386,3.235294117647059,-0.0014112666117841455,-0.2400000000000091,0.022248954924860675,186
5,0.7000000000000033,-2.2999999999999994,60,17,3.5999999999999375,0.02083768831307653,0.8235294117647058,0.0013185476674808386,3.235294117647059,-0.0014112666117841455,-0.2400000000000091,0.022248954924860675,187
5,0.7000000000000033,-2.1999999999999993,60,17,3.5999999999999375,0.02083768831307653,0.8235294117647058,0.0013185476674808386,3.235294117647059,-0.0014112666117841455,-0.2400000000000091,0.022248954924860675,188
5,0.7000000000000033,-2.099999999999999,60,17,3.5999999999999375,0.02083768831307653,0.8235294117647058,0.0013185476674808386,3.235294117647059,-0.0014112666117841455,-0.2400000000000091,0.022248954924860675,189
5,0.7000000000000033,-1.9999999999999991,60,17,3.5999999999999375,0.02083768831307653,0.8235294117647058,0.0013185476674808386,3.235294117647059,-0.0014112666117841455,-0.2400000000000091,0.022248954924860675,190
5,0.8000000000000034,-3.0,60,17,3.5999999999999375,0.02083768831307653,0.8235294117647058,0.0013185476674808386,3.235294117647059,-0.0014112666117841455,-0.2400000000000091,0.022248954924860675,191
5,0.8000000000000034,-2.9,60,17,3.5999999999999375,0.02083768831307653,0.8235294117647058,0.0013185476674808386,3.235294117647059,-0.0014112666117841455,-0.2400000000000091,0.022248954924860675,192
5,0.8000000000000034,-2.8,60,17,3.5999999999999375,0.02083768831307653,0.8235294117647058,0.0013185476674808386,3.235294117647059,-0.0014112666117841455,-0.2400000000000091,0.022248954924860675,193
5,0.8000000000000034,-2.6999999999999997,60,17,3.5999999999999375,0.02083768831307653,0.8235294117647058,0.0013185476674808386,3.235294117647059,-0.0014112666117841455,-0.2400000000000091,0.022248954924860675,194
5,0.8000000000000034,-2.5999999999999996,60,17,3.5999999999999375,0.02083768831307653,0.8235294117647058,0.0013185476674808386,3.235294117647059,-0.0014112666117841455,-0.2400000000000091,0.022248954924860675,195
5,0.8000000000000034,-2.4999999999999996,60,17,3.5999999999999375,0.02083768831307653,0.8235294117647058,0.0013185476674808386,3.235294117647059,-0.0014112666117841455,-0.2400000000000091,0.022248954924860675,196
5,0.8000000000000034,-2.3999999999999995,60,17,3.5999999999999375,0.02083768831307653,0.8235294117647058,0.0013185476674808386,3.235294117647059,-0.0014112666117841455,-0.2400000000000091,0.022248954924860675,197
5,0.8000000000000034,-2.2999999999999994,60,17,3.5999999999999375,0.02083768831307653,0.8235294117647058,0.0013185476674808386,3.235294117647059,-0.0014112666117841455,-0.2400000000000091,0.022248954924860675,198
5,0.8000000000000034,-2.1999999999999993,60,17,3.5999999999999375,0.02083768831307653,0.8235294117647058,0.0013185476674808386,3.235294117647059,-0.0014112666117841455,-0.2400000000000091,0.022248954924860675,199
5,0.8000000000000034,-2.099999999999999,60,17,3.5999999999999375,0.02083768831307653,0.8235294117647058,0.0013185476674808386,3.235294117647059,-0.0014112666117841455,-0.2400000000000091,0.022248954924860675,200
5,0.8000000000000034,-1.9999999999999991,60,17,3.5999999999999375,0.02083768831307653,0.8235294117647058,0.0013185476674808386,3.235294117647059,-0.0014112666117841455,-0.2400000000000091,0.022248954924860675,201
22,0.10000000000000275,3.0000000000000053,43,1,3.3700000000000045,0.020319565872776613,1.0,0.020319565872776613,26.0,-0.04541877459246779,-8.080000000000013,0.0657383404652444,202
22,0.20000000000000284,3.0000000000000053,43,1,3.3700000000000045,0.020319565872776613,1.0,0.020319565872776613,26.0,-0.04541877459246779,-8.080000000000013,0.0657383404652444,203
22,0.30000000000000293,3.0000000000000053,43,1,3.3700000000000045,0.020319565872776613,1.0,0.020319565872776613,26.0,-0.04541877459246779,-8.080000000000013,0.0657383404652444,204
22,-0.09999999999999742,3.0000000000000053,43,1,3.3600000000000136,0.02025927042508302,1.0,0.02025927042508302,22.0,-0.04541877459246779,-8.080000000000013,0.06567804501755081,205
22,2.6645352591003757e-15,3.0000000000000053,43,1,3.3600000000000136,0.02025927042508302,1.0,0.02025927042508302,22.0,-0.04541877459246779,-8.080000000000013,0.06567804501755081,206
5,-1.899999999999999,-3.0,60,29,3.0999999999999943,0.018637093167227947,0.6206896551724138,0.0006547940280562419,1.4137931034482758,-0.0014112666117841455,-0.2400000000000091,0.020048359779012093,207
5,-1.899999999999999,-2.9,60,29,3.0999999999999943,0.018637093167227947,0.6206896551724138,0.0006547940280562419,1.4137931034482758,-0.0014112666117841455,-0.2400000000000091,0.020048359779012093,208
5,-1.899999999999999,-2.8,60,29,3.0999999999999943,0.018637093167227947,0.6206896551724138,0.0006547940280562419,1.4137931034482758,-0.0014112666117841455,-0.2400000000000091,0.020048359779012093,209
5,-1.899999999999999,-2.6999999999999997,60,29,3.0999999999999943,0.018637093167227947,0.6206896551724138,0.0006547940280562419,1.4137931034482758,-0.0014112666117841455,-0.2400000000000091,0.020048359779012093,210
5,-1.899999999999999,-2.5999999999999996,60,29,3.0999999999999943,0.018637093167227947,0.6206896551724138,0.0006547940280562419,1.4137931034482758,-0.0014112666117841455,-0.2400000000000091,0.020048359779012093,211
5,-1.899999999999999,-2.4999999999999996,60,29,3.0999999999999943,0.018637093167227947,0.6206896551724138,0.0006547940280562419,1.4137931034482758,-0.0014112666117841455,-0.2400000000000091,0.020048359779012093,212
5,-1.899999999999999,-2.3999999999999995,60,29,3.0999999999999943,0.018637093167227947,0.6206896551724138,0.0006547940280562419,1.4137931034482758,-0.0014112666117841455,-0.2400000000000091,0.020048359779012093,213
5,-1.899999999999999,-2.2999999999999994,60,29,3.0999999999999943,0.018637093167227947,0.6206896551724138,0.0006547940280562419,1.4137931034482758,-0.0014112666117841455,-0.2400000000000091,0.020048359779012093,214
5,-1.899999999999999,-2.1999999999999993,60,29,3.0999999999999943,0.018637093167227947,0.6206896551724138,0.0006547940280562419,1.4137931034482758,-0.0014112666117841455,-0.2400000000000091,0.020048359779012093,215
5,-1.899999999999999,-2.099999999999999,60,29,3.0999999999999943,0.018637093167227947,0.6206896551724138,0.0006547940280562419,1.4137931034482758,-0.0014112666117841455,-0.2400000000000091,0.020048359779012093,216
5,-1.899999999999999,-1.9999999999999991,60,29,3.0999999999999943,0.018637093167227947,0.6206896551724138,0.0006547940280562419,1.4137931034482758,-0.0014112666117841455,-0.2400000000000091,0.020048359779012093,217
5,-1.799999999999999,-3.0,60,29,3.0999999999999943,0.018637093167227947,0.6206896551724138,0.0006547940280562419,1.4137931034482758,-0.0014112666117841455,-0.2400000000000091,0.020048359779012093,218
5,-1.799999999999999,-2.9,60,29,3.0999999999999943,0.018637093167227947,0.6206896551724138,0.0006547940280562419,1.4137931034482758,-0.0014112666117841455,-0.2400000000000091,0.020048359779012093,219
5,-1.799999999999999,-2.8,60,29,3.0999999999999943,0.018637093167227947,0.6206896551724138,0.0006547940280562419,1.4137931034482758,-0.0014112666117841455,-0.2400000000000091,0.020048359779012093,220
5,-1.799999999999999,-2.6999999999999997,60,29,3.0999999999999943,0.018637093167227947,0.6206896551724138,0.0006547940280562419,1.4137931034482758,-0.0014112666117841455,-0.2400000000000091,0.020048359779012093,221
5,-1.799999999999999,-2.5999999999999996,60,29,3.0999999999999943,0.018637093167227947,0.6206896551724138,0.0006547940280562419,1.4137931034482758,-0.0014112666117841455,-0.2400000000000091,0.020048359779012093,222
5,-1.799999999999999,-2.4999999999999996,60,29,3.0999999999999943,0.018637093167227947,0.6206896551724138,0.0006547940280562419,1.4137931034482758,-0.0014112666117841455,-0.2400000000000091,0.020048359779012093,223
5,-1.799999999999999,-2.3999999999999995,60,29,3.0999999999999943,0.018637093167227947,0.6206896551724138,0.0006547940280562419,1.4137931034482758,-0.0014112666117841455,-0.2400000000000091,0.020048359779012093,224
5,-1.799999999999999,-2.2999999999999994,60,29,3.0999999999999943,0.018637093167227947,0.6206896551724138,0.0006547940280562419,1.4137931034482758,-0.0014112666117841455,-0.2400000000000091,0.020048359779012093,225
5,-1.799999999999999,-2.1999999999999993,60,29,3.0999999999999943,0.018637093167227947,0.6206896551724138,0.0006547940280562419,1.4137931034482758,-0.0014112666117841455,-0.2400000000000091,0.020048359779012093,226
5,-1.799999999999999,-2.099999999999999,60,29,3.0999999999999943,0.018637093167227947,0.6206896551724138,0.0006547940280562419,1.4137931034482758,-0.0014112666117841455,-0.2400000000000091,0.020048359779012093,227
5,-1.799999999999999,-1.9999999999999991,60,29,3.0999999999999943,0.018637093167227947,0.6206896551724138,0.0006547940280562419,1.4137931034482758,-0.0014112666117841455,-0.2400000000000091,0.020048359779012093,228
5,-1.6999999999999988,-3.0,60,29,3.0999999999999943,0.018637093167227947,0.6206896551724138,0.0006547940280562419,1.4137931034482758,-0.0014112666117841455,-0.2400000000000091,0.020048359779012093,229
5,-1.6999999999999988,-2.9,60,29,3.0999999999999943,0.018637093167227947,0.6206896551724138,0.0006547940280562419,1.4137931034482758,-0.0014112666117841455,-0.2400000000000091,0.020048359779012093,230
5,-1.6999999999999988,-2.8,60,29,3.0999999999999943,0.018637093167227947,0.6206896551724138,0.0006547940280562419,1.4137931034482758,-0.0014112666117841455,-0.2400000000000091,0.020048359779012093,231
5,-1.6999999999999988,-2.6999999999999997,60,29,3.0999999999999943,0.018637093167227947,0.6206896551724138,0.0006547940280562419,1.4137931034482758,-0.0014112666117841455,-0.2400000000000091,0.020048359779012093,232
5,-1.6999999999999988,-2.5999999999999996,60,29,3.0999999999999943,0.018637093167227947,0.6206896551724138,0.0006547940280562419,1.4137931034482758,-0.0014112666117841455,-0.2400000000000091,0.020048359779012093,233
5,-1.6999999999999988,-2.4999999999999996,60,29,3.0999999999999943,0.018637093167227947,0.6206896551724138,0.0006547940280562419,1.4137931034482758,-0.0014112666117841455,-0.2400000000000091,0.020048359779012093,234
5,-1.6999999999999988,-2.3999999999999995,60,29,3.0999999999999943,0.018637093167227947,0.6206896551724138,0.0006547940280562419,1.4137931034482758,-0.0014112666117841455,-0.2400000000000091,0.020048359779012093,235
5,-1.6999999999999988,-2.2999999999999994,60,29,3.0999999999999943,0.018637093167227947,0.6206896551724138,0.0006547940280562419,1.4137931034482758,-0.0014112666117841455,-0.2400000000000091,0.020048359779012093,236
5,-1.6999999999999988,-2.1999999999999993,60,29,3.0999999999999943,0.018637093167227947,0.6206896551724138,0.0006547940280562419,1.4137931034482758,-0.0014112666117841455,-0.2400000000000091,0.020048359779012093,237
5,-1.6999999999999988,-2.099999999999999,60,29,3.0999999999999943,0.018637093167227947,0.6206896551724138,0.0006547940280562419,1.4137931034482758,-0.0014112666117841455,-0.2400000000000091,0.020048359779012093,238
5,-1.6999999999999988,-1.9999999999999991,60,29,3.0999999999999943,0.018637093167227947,0.6206896551724138,0.0006547940280562419,1.4137931034482758,-0.0014112666117841455,-0.2400000000000091,0.020048359779012093,239
5,1.400000000000004,-3.0,60,7,3.19999999999996,0.018088799367236064,0.8571428571428571,0.002779234248875051,10.428571428571429,-0.0014112666117841455,-0.2400000000000091,0.01950006597902021,240
5,1.400000000000004,-2.9,60,7,3.19999999999996,0.018088799367236064,0.8571428571428571,0.002779234248875051,10.428571428571429,-0.0014112666117841455,-0.2400000000000091,0.01950006597902021,241
5,1.400000000000004,-2.8,60,7,3.19999999999996,0.018088799367236064,0.8571428571428571,0.002779234248875051,10.428571428571429,-0.0014112666117841455,-0.2400000000000091,0.01950006597902021,242
5,1.400000000000004,-2.6999999999999997,60,7,3.19999999999996,0.018088799367236064,0.8571428571428571,0.002779234248875051,10.428571428571429,-0.0014112666117841455,-0.2400000000000091,0.01950006597902021,243
5,1.400000000000004,-2.5999999999999996,60,7,3.19999999999996,0.018088799367236064,0.8571428571428571,0.002779234248875051,10.428571428571429,-0.0014112666117841455,-0.2400000000000091,0.01950006597902021,244
5,1.400000000000004,-2.4999999999999996,60,7,3.19999999999996,0.018088799367236064,0.8571428571428571,0.002779234248875051,10.428571428571429,-0.0014112666117841455,-0.2400000000000091,0.01950006597902021,245
5,1.400000000000004,-2.3999999999999995,60,7,3.19999999999996,0.018088799367236064,0.8571428571428571,0.002779234248875051,10.428571428571429,-0.0014112666117841455,-0.2400000000000091,0.01950006597902021,246
5,1.400000000000004,-2.2999999999999994,60,7,3.19999999999996,0.018088799367236064,0.8571428571428571,0.002779234248875051,10.428571428571429,-0.0014112666117841455,-0.2400000000000091,0.01950006597902021,247
5,1.400000000000004,-2.1999999999999993,60,7,3.19999999999996,0.018088799367236064,0.8571428571428571,0.002779234248875051,10.428571428571429,-0.0014112666117841455,-0.2400000000000091,0.01950006597902021,248
5,1.400000000000004,-2.099999999999999,60,7,3.19999999999996,0.018088799367236064,0.8571428571428571,0.002779234248875051,10.428571428571429,-0.0014112666117841455,-0.2400000000000091,0.01950006597902021,249
5,1.400000000000004,-1.9999999999999991,60,7,3.19999999999996,0.018088799367236064,0.8571428571428571,0.002779234248875051,10.428571428571429,-0.0014112666117841455,-0.2400000000000091,0.01950006597902021,250
5,1.400000000000004,-1.899999999999999,60,7,3.19999999999996,0.018088799367236064,0.8571428571428571,0.002779234248875051,10.428571428571429,-0.0014112666117841455,-0.2400000000000091,0.01950006597902021,251
5,1.400000000000004,-1.799999999999999,60,7,3.19999999999996,0.018088799367236064,0.8571428571428571,0.002779234248875051,10.428571428571429,-0.0014112666117841455,-0.2400000000000091,0.01950006597902021,252
22,-0.3999999999999977,3.0000000000000053,43,1,2.9099999999999966,0.017545975278866477,1.0,0.017545975278866477,20.0,-0.04541877459246779,-8.080000000000013,0.06296474987133427,253
22,-0.2999999999999976,3.0000000000000053,43,1,2.9099999999999966,0.017545975278866477,1.0,0.017545975278866477,20.0,-0.04541877459246779,-8.080000000000013,0.06296474987133427,254
5,1.5000000000000036,-1.6999999999999988,60,5,3.019999999999982,0.0170900145210382,0.8,0.0035121827602250023,15.8,-0.0014112666117841455,-0.2400000000000091,0.018501281132822345,255
5,1.5000000000000036,-1.5999999999999988,60,5,3.019999999999982,0.0170900145210382,0.8,0.0035121827602250023,15.8,-0.0014112666117841455,-0.2400000000000091,0.018501281132822345,256
5,1.600000000000004,-1.6999999999999988,60,5,3.019999999999982,0.0170900145210382,0.8,0.0035121827602250023,15.8,-0.0014112666117841455,-0.2400000000000091,0.018501281132822345,257
5,1.600000000000004,-1.5999999999999988,60,5,3.019999999999982,0.0170900145210382,0.8,0.0035121827602250023,15.8,-0.0014112666117841455,-0.2400000000000091,0.018501281132822345,258
22,-0.1999999999999975,3.0000000000000053,43,1,2.8000000000000114,0.01688272535423585,1.0,0.01688272535423585,21.0,-0.04541877459246779,-8.080000000000013,0.06230149994670364,259
5,1.5000000000000036,-0.799999999999998,60,4,2.859999999999957,0.016736333826617544,0.75,0.004318463175120246,16.25,-0.0014112666117841455,-0.2400000000000091,0.01814760043840169,260
5,1.600000000000004,-0.799999999999998,60,4,2.859999999999957,0.016736333826617544,0.75,0.004318463175120246,16.25,-0.0014112666117841455,-0.2400000000000091,0.01814760043840169,261
10,-3.0,-1.9999999999999991,55,26,2.930000000000007,0.016689031353498418,0.5,0.0006554561737402559,1.3846153846153846,-0.007654999123473449,-1.3100000000000023,0.024344030476971867,262
10,-2.9,-1.9999999999999991,55,26,2.930000000000007,0.016689031353498418,0.5,0.0006554561737402559,1.3846153846153846,-0.007654999123473449,-1.3100000000000023,0.024344030476971867,263
10,-2.8,-1.9999999999999991,55,26,2.930000000000007,0.016689031353498418,0.5,0.0006554561737402559,1.3846153846153846,-0.007654999123473449,-1.3100000000000023,0.024344030476971867,264
10,-2.6999999999999997,-1.9999999999999991,55,26,2.930000000000007,0.016689031353498418,0.5,0.0006554561737402559,1.3846153846153846,-0.007654999123473449,-1.3100000000000023,0.024344030476971867,265
10,-2.5999999999999996,-1.9999999999999991,55,26,2.930000000000007,0.016689031353498418,0.5,0.0006554561737402559,1.3846153846153846,-0.007654999123473449,-1.3100000000000023,0.024344030476971867,266
10,-2.4999999999999996,-1.9999999999999991,55,26,2.930000000000007,0.016689031353498418,0.5,0.0006554561737402559,1.3846153846153846,-0.007654999123473449,-1.3100000000000023,0.024344030476971867,267
10,-2.3999999999999995,-1.9999999999999991,55,26,2.930000000000007,0.016689031353498418,0.5,0.0006554561737402559,1.3846153846153846,-0.007654999123473449,-1.3100000000000023,0.024344030476971867,268
10,1.2000000000000037,-1.3999999999999986,55,7,2.909999999999968,0.016341033878087385,0.8571428571428571,0.0025282150828871103,7.857142857142857,-0.007654999123473449,-1.3100000000000023,0.023996033001560835,269
10,1.2000000000000037,-1.2999999999999985,55,7,2.909999999999968,0.016341033878087385,0.8571428571428571,0.0025282150828871103,7.857142857142857,-0.007654999123473449,-1.3100000000000023,0.023996033001560835,270
10,1.3000000000000043,-1.3999999999999986,55,7,2.909999999999968,0.016341033878087385,0.8571428571428571,0.0025282150828871103,7.857142857142857,-0.007654999123473449,-1.3100000000000023,0.023996033001560835,271
10,1.3000000000000043,-1.2999999999999985,55,7,2.909999999999968,0.016341033878087385,0.8571428571428571,0.0025282150828871103,7.857142857142857,-0.007654999123473449,-1.3100000000000023,0.023996033001560835,272
5,-3.0,-1.3999999999999986,60,27,2.8199999999999648,0.016163976767076482,0.5185185185185185,0.0006137119901537063,1.4814814814814814,-0.0014112666117841455,-0.2400000000000091,0.017575243378860628,273
5,-2.9,-1.3999999999999986,60,27,2.8199999999999648,0.016163976767076482,0.5185185185185185,0.0006137119901537063,1.4814814814814814,-0.0014112666117841455,-0.2400000000000091,0.017575243378860628,274
5,-2.8,-1.3999999999999986,60,27,2.8199999999999648,0.016163976767076482,0.5185185185185185,0.0006137119901537063,1.4814814814814814,-0.0014112666117841455,-0.2400000000000091,0.017575243378860628,275
5,-2.6999999999999997,-1.3999999999999986,60,27,2.8199999999999648,0.016163976767076482,0.5185185185185185,0.0006137119901537063,1.4814814814814814,-0.0014112666117841455,-0.2400000000000091,0.017575243378860628,276
5,-2.5999999999999996,-1.3999999999999986,60,27,2.8199999999999648,0.016163976767076482,0.5185185185185185,0.0006137119901537063,1.4814814814814814,-0.0014112666117841455,-0.2400000000000091,0.017575243378860628,277
5,-2.4999999999999996,-1.3999999999999986,60,27,2.8199999999999648,0.016163976767076482,0.5185185185185185,0.0006137119901537063,1.4814814814814814,-0.0014112666117841455,-0.2400000000000091,0.017575243378860628,278
5,-2.3999999999999995,-1.3999999999999986,60,27,2.8199999999999648,0.016163976767076482,0.5185185185185185,0.0006137119901537063,1.4814814814814814,-0.0014112666117841455,-0.2400000000000091,0.017575243378860628,279
5,-2.2999999999999994,-1.3999999999999986,60,27,2.8199999999999648,0.016163976767076482,0.5185185185185185,0.0006137119901537063,1.4814814814814814,-0.0014112666117841455,-0.2400000000000091,0.017575243378860628,280
5,-2.1999999999999993,-1.3999999999999986,60,27,2.8199999999999648,0.016163976767076482,0.5185185185185185,0.0006137119901537063,1.4814814814814814,-0.0014112666117841455,-0.2400000000000091,0.017575243378860628,281
5,-2.099999999999999,-1.3999999999999986,60,27,2.8199999999999648,0.016163976767076482,0.5185185185185185,0.0006137119901537063,1.4814814814814814,-0.0014112666117841455,-0.2400000000000091,0.017575243378860628,282
5,-1.9999999999999991,-1.3999999999999986,60,27,2.8199999999999648,0.016163976767076482,0.5185185185185185,0.0006137119901537063,1.4814814814814814,-0.0014112666117841455,-0.2400000000000091,0.017575243378860628,283
5,-1.899999999999999,-1.3999999999999986,60,27,2.8199999999999648,0.016163976767076482,0.5185185185185185,0.0006137119901537063,1.4814814814814814,-0.0014112666117841455,-0.2400000000000091,0.017575243378860628,284
5,-1.799999999999999,-1.3999999999999986,60,27,2.8199999999999648,0.016163976767076482,0.5185185185185185,0.0006137119901537063,1.4814814814814814,-0.0014112666117841455,-0.2400000000000091,0.017575243378860628,285
5,-1.6999999999999988,-1.3999999999999986,60,27,2.8199999999999648,0.016163976767076482,0.5185185185185185,0.0006137119901537063,1.4814814814814814,-0.0014112666117841455,-0.2400000000000091,0.017575243378860628,286
5,-3.0,-1.4999999999999987,60,27,2.7399999999999523,0.015769319844852525,0.5925925925925926,0.0005976642411139188,1.4074074074074074,-0.0014112666117841455,-0.2400000000000091,0.01718058645663667,287
5,-2.9,-1.4999999999999987,60,27,2.7399999999999523,0.015769319844852525,0.5925925925925926,0.0005976642411139188,1.4074074074074074,-0.0014112666117841455,-0.2400000000000091,0.01718058645663667,288
5,-2.8,-1.4999999999999987,60,27,2.7399999999999523,0.015769319844852525,0.5925925925925926,0.0005976642411139188,1.4074074074074074,-0.0014112666117841455,-0.2400000000000091,0.01718058645663667,289
5,-2.6999999999999997,-1.4999999999999987,60,27,2.7399999999999523,0.015769319844852525,0.5925925925925926,0.0005976642411139188,1.4074074074074074,-0.0014112666117841455,-0.2400000000000091,0.01718058645663667,290
5,-2.5999999999999996,-1.4999999999999987,60,27,2.7399999999999523,0.015769319844852525,0.5925925925925926,0.0005976642411139188,1.4074074074074074,-0.0014112666117841455,-0.2400000000000091,0.01718058645663667,291
5,-2.4999999999999996,-1.4999999999999987,60,27,2.7399999999999523,0.015769319844852525,0.5925925925925926,0.0005976642411139188,1.4074074074074074,-0.0014112666117841455,-0.2400000000000091,0.01718058645663667,292
5,-2.3999999999999995,-1.4999999999999987,60,27,2.7399999999999523,0.015769319844852525,0.5925925925925926,0.0005976642411139188,1.4074074074074074,-0.0014112666117841455,-0.2400000000000091,0.01718058645663667,293
5,-2.2999999999999994,-1.4999999999999987,60,27,2.7399999999999523,0.015769319844852525,0.5925925925925926,0.0005976642411139188,1.4074074074074074,-0.0014112666117841455,-0.2400000000000091,0.01718058645663667,294
5,-2.1999999999999993,-1.4999999999999987,60,27,2.7399999999999523,0.015769319844852525,0.5925925925925926,0.0005976642411139188,1.4074074074074074,-0.0014112666117841455,-0.2400000000000091,0.01718058645663667,295
5,-2.099999999999999,-1.4999999999999987,60,27,2.7399999999999523,0.015769319844852525,0.5925925925925926,0.0005976642411139188,1.4074074074074074,-0.0014112666117841455,-0.2400000000000091,0.01718058645663667,296
5,-1.9999999999999991,-1.4999999999999987,60,27,2.7399999999999523,0.015769319844852525,0.5925925925925926,0.0005976642411139188,1.4074074074074074,-0.0014112666117841455,-0.2400000000000091,0.01718058645663667,297
5,-1.899999999999999,-1.4999999999999987,60,27,2.7399999999999523,0.015769319844852525,0.5925925925925926,0.0005976642411139188,1.4074074074074074,-0.0014112666117841455,-0.2400000000000091,0.01718058645663667,298
5,-1.799999999999999,-1.4999999999999987,60,27,2.7399999999999523,0.015769319844852525,0.5925925925925926,0.0005976642411139188,1.4074074074074074,-0.0014112666117841455,-0.2400000000000091,0.01718058645663667,299
5,-1.6999999999999988,-1.4999999999999987,60,27,2.7399999999999523,0.015769319844852525,0.5925925925925926,0.0005976642411139188,1.4074074074074074,-0.0014112666117841455,-0.2400000000000091,0.01718058645663667,300
5,1.5000000000000036,-0.699999999999998,60,4,2.669999999999959,0.015650443419495064,0.75,0.004049866622178544,15.0,-0.0014112666117841455,-0.2400000000000091,0.01706171003127921,301
5,1.5000000000000036,-0.5999999999999979,60,4,2.669999999999959,0.015650443419495064,0.75,0.004049866622178544,15.0,-0.0014112666117841455,-0.2400000000000091,0.01706171003127921,302
5,1.5000000000000036,-0.4999999999999978,60,4,2.669999999999959,0.015650443419495064,0.75,0.004049866622178544,15.0,-0.0014112666117841455,-0.2400000000000091,0.01706171003127921,303
5,1.5000000000000036,-0.3999999999999977,60,4,2.669999999999959,0.015650443419495064,0.75,0.004049866622178544,15.0,-0.0014112666117841455,-0.2400000000000091,0.01706171003127921,304
5,1.5000000000000036,-0.2999999999999976,60,4,2.669999999999959,0.015650443419495064,0.75,0.004049866622178544,15.0,-0.0014112666117841455,-0.2400000000000091,0.01706171003127921,305
5,1.5000000000000036,-0.1999999999999975,60,4,2.669999999999959,0.015650443419495064,0.75,0.004049866622178544,15.0,-0.0014112666117841455,-0.2400000000000091,0.01706171003127921,306
5,1.5000000000000036,-0.09999999999999742,60,4,2.669999999999959,0.015650443419495064,0.75,0.004049866622178544,15.0,-0.0014112666117841455,-0.2400000000000091,0.01706171003127921,307
5,1.5000000000000036,2.6645352591003757e-15,60,4,2.669999999999959,0.015650443419495064,0.75,0.004049866622178544,15.0,-0.0014112666117841455,-0.2400000000000091,0.01706171003127921,308
5,1.600000000000004,-0.699999999999998,60,4,2.669999999999959,0.015650443419495064,0.75,0.004049866622178544,15.0,-0.0014112666117841455,-0.2400000000000091,0.01706171003127921,309
5,1.600000000000004,-0.5999999999999979,60,4,2.669999999999959,0.015650443419495064,0.75,0.004049866622178544,15.0,-0.0014112666117841455,-0.2400000000000091,0.01706171003127921,310
5,1.600000000000004,-0.4999999999999978,60,4,2.669999999999959,0.015650443419495064,0.75,0.004049866622178544,15.0,-0.0014112666117841455,-0.2400000000000091,0.01706171003127921,311
5,1.600000000000004,-0.3999999999999977,60,4,2.669999999999959,0.015650443419495064,0.75,0.004049866622178544,15.0,-0.0014112666117841455,-0.2400000000000091,0.01706171003127921,312
5,1.600000000000004,-0.2999999999999976,60,4,2.669999999999959,0.015650443419495064,0.75,0.004049866622178544,15.0,-0.0014112666117841455,-0.2400000000000091,0.01706171003127921,313
5,1.600000000000004,-0.1999999999999975,60,4,2.669999999999959,0.015650443419495064,0.75,0.004049866622178544,15.0,-0.0014112666117841455,-0.2400000000000091,0.01706171003127921,314
5,1.600000000000004,-0.09999999999999742,60,4,2.669999999999959,0.015650443419495064,0.75,0.004049866622178544,15.0,-0.0014112666117841455,-0.2400000000000091,0.01706171003127921,315
5,1.600000000000004,2.6645352591003757e-15,60,4,2.669999999999959,0.015650443419495064,0.75,0.004049866622178544,15.0,-0.0014112666117841455,-0.2400000000000091,0.01706171003127921,316
5,1.7000000000000046,-0.799999999999998,60,3,2.609999999999957,0.015374792624028188,0.6666666666666666,0.00565987492432148,24.666666666666668,-0.0014112666117841455,-0.2400000000000091,0.016786059235812334,317
5,1.8000000000000043,-0.799999999999998,60,3,2.609999999999957,0.015374792624028188,0.6666666666666666,0.00565987492432148,24.666666666666668,-0.0014112666117841455,-0.2400000000000091,0.016786059235812334,318
5,1.400000000000004,-1.1999999999999984,60,6,2.67999999999995,0.015000080968958107,0.8333333333333334,0.002728098891687606,11.333333333333334,-0.0014112666117841455,-0.2400000000000091,0.016411347580742253,319
5,-0.1999999999999975,1.900000000000004,60,1,2.5999999999999943,0.014834255719746725,1.0,0.014834255719746725,4.0,-0.0014112666117841455,-0.2400000000000091,0.01624552233153087,320
5,-0.09999999999999742,1.900000000000004,60,1,2.5999999999999943,0.014834255719746725,1.0,0.014834255719746725,4.0,-0.0014112666117841455,-0.2400000000000091,0.01624552233153087,321
5,2.6645352591003757e-15,1.900000000000004,60,1,2.5999999999999943,0.014834255719746725,1.0,0.014834255719746725,4.0,-0.0014112666117841455,-0.2400000000000091,0.01624552233153087,322
5,0.10000000000000275,1.900000000000004,60,1,2.5999999999999943,0.014834255719746725,1.0,0.014834255719746725,4.0,-0.0014112666117841455,-0.2400000000000091,0.01624552233153087,323
5,0.20000000000000284,1.900000000000004,60,1,2.5999999999999943,0.014834255719746725,1.0,0.014834255719746725,4.0,-0.0014112666117841455,-0.2400000000000091,0.01624552233153087,324
5,0.30000000000000293,1.900000000000004,60,1,2.5999999999999943,0.014834255719746725,1.0,0.014834255719746725,4.0,-0.0014112666117841455,-0.2400000000000091,0.01624552233153087,325
5,0.400000000000003,1.900000000000004,60,1,2.5999999999999943,0.014834255719746725,1.0,0.014834255719746725,4.0,-0.0014112666117841455,-0.2400000000000091,0.01624552233153087,326
5,1.400000000000004,-1.0999999999999983,60,6,2.6499999999999773,0.014823190052093427,0.8333333333333334,0.0026986156653752147,11.166666666666666,-0.0014112666117841455,-0.2400000000000091,0.016234456663877572,327
10,1.3000000000000043,-3.0,55,10,2.649999999999949,0.014821129471770611,0.9,0.001616549460183103,6.0,-0.007654999123473449,-1.3100000000000023,0.02247612859524406,328
10,1.3000000000000043,-2.9,55,10,2.649999999999949,0.014821129471770611,0.9,0.001616549460183103,6.0,-0.007654999123473449,-1.3100000000000023,0.02247612859524406,329
10,1.3000000000000043,-2.8,55,10,2.649999999999949,0.014821129471770611,0.9,0.001616549460183103,6.0,-0.007654999123473449,-1.3100000000000023,0.02247612859524406,330
10,1.3000000000000043,-2.6999999999999997,55,10,2.649999999999949,0.014821129471770611,0.9,0.001616549460183103,6.0,-0.007654999123473449,-1.3100000000000023,0.02247612859524406,331
10,1.3000000000000043,-2.5999999999999996,55,10,2.649999999999949,0.014821129471770611,0.9,0.001616549460183103,6.0,-0.007654999123473449,-1.3100000000000023,0.02247612859524406,332
10,1.3000000000000043,-2.4999999999999996,55,10,2.649999999999949,0.014821129471770611,0.9,0.001616549460183103,6.0,-0.007654999123473449,-1.3100000000000023,0.02247612859524406,333
10,1.3000000000000043,-2.3999999999999995,55,10,2.649999999999949,0.014821129471770611,0.9,0.001616549460183103,6.0,-0.007654999123473449,-1.3100000000000023,0.02247612859524406,334
10,1.3000000000000043,-2.2999999999999994,55,10,2.649999999999949,0.014821129471770611,0.9,0.001616549460183103,6.0,-0.007654999123473449,-1.3100000000000023,0.02247612859524406,335
10,1.3000000000000043,-2.1999999999999993,55,10,2.649999999999949,0.014821129471770611,0.9,0.001616549460183103,6.0,-0.007654999123473449,-1.3100000000000023,0.02247612859524406,336
10,1.3000000000000043,-2.099999999999999,55,10,2.649999999999949,0.014821129471770611,0.9,0.001616549460183103,6.0,-0.007654999123473449,-1.3100000000000023,0.02247612859524406,337
10,1.2000000000000037,-1.1999999999999984,55,7,2.599999999999966,0.014554440623183895,0.8571428571428571,0.002274366453839954,7.428571428571429,-0.007654999123473449,-1.3100000000000023,0.022209439746657345,338
10,1.3000000000000043,-1.1999999999999984,55,7,2.599999999999966,0.014554440623183895,0.8571428571428571,0.002274366453839954,7.428571428571429,-0.007654999123473449,-1.3100000000000023,0.022209439746657345,339
10,-3.0,-1.3999999999999986,55,21,2.520000000000067,0.014485215062189472,0.5714285714285714,0.0007049039414974331,1.380952380952381,-0.007654999123473449,-1.3100000000000023,0.02214021418566292,340
10,-3.0,-1.2999999999999985,55,21,2.520000000000067,0.014485215062189472,0.5714285714285714,0.0007049039414974331,1.380952380952381,-0.007654999123473449,-1.3100000000000023,0.02214021418566292,341
10,-2.9,-1.3999999999999986,55,21,2.520000000000067,0.014485215062189472,0.5714285714285714,0.0007049039414974331,1.380952380952381,-0.007654999123473449,-1.3100000000000023,0.02214021418566292,342
10,-2.9,-1.2999999999999985,55,21,2.520000000000067,0.014485215062189472,0.5714285714285714,0.0007049039414974331,1.380952380952381,-0.007654999123473449,-1.3100000000000023,0.02214021418566292,343
10,-2.8,-1.3999999999999986,55,21,2.520000000000067,0.014485215062189472,0.5714285714285714,0.0007049039414974331,1.380952380952381,-0.007654999123473449,-1.3100000000000023,0.02214021418566292,344
10,-2.8,-1.2999999999999985,55,21,2.520000000000067,0.014485215062189472,0.5714285714285714,0.0007049039414974331,1.380952380952381,-0.007654999123473449,-1.3100000000000023,0.02214021418566292,345
10,-2.6999999999999997,-1.3999999999999986,55,21,2.520000000000067,0.014485215062189472,0.5714285714285714,0.0007049039414974331,1.380952380952381,-0.007654999123473449,-1.3100000000000023,0.02214021418566292,346
10,-2.6999999999999997,-1.2999999999999985,55,21,2.520000000000067,0.014485215062189472,0.5714285714285714,0.0007049039414974331,1.380952380952381,-0.007654999123473449,-1.3100000000000023,0.02214021418566292,347
10,-2.5999999999999996,-1.3999999999999986,55,21,2.520000000000067,0.014485215062189472,0.5714285714285714,0.0007049039414974331,1.380952380952381,-0.007654999123473449,-1.3100000000000023,0.02214021418566292,348
10,-2.5999999999999996,-1.2999999999999985,55,21,2.520000000000067,0.014485215062189472,0.5714285714285714,0.0007049039414974331,1.380952380952381,-0.007654999123473449,-1.3100000000000023,0.02214021418566292,349
10,-2.4999999999999996,-1.3999999999999986,55,21,2.520000000000067,0.014485215062189472,0.5714285714285714,0.0007049039414974331,1.380952380952381,-0.007654999123473449,-1.3100000000000023,0.02214021418566292,350
10,-2.4999999999999996,-1.2999999999999985,55,21,2.520000000000067,0.014485215062189472,0.5714285714285714,0.0007049039414974331,1.380952380952381,-0.007654999123473449,-1.3100000000000023,0.02214021418566292,351
10,-2.3999999999999995,-1.3999999999999986,55,21,2.520000000000067,0.014485215062189472,0.5714285714285714,0.0007049039414974331,1.380952380952381,-0.007654999123473449,-1.3100000000000023,0.02214021418566292,352
10,-2.3999999999999995,-1.2999999999999985,55,21,2.520000000000067,0.014485215062189472,0.5714285714285714,0.0007049039414974331,1.380952380952381,-0.007654999123473449,-1.3100000000000023,0.02214021418566292,353
5,1.400000000000004,-0.9999999999999982,60,6,2.5799999999999557,0.014423451020504574,0.8333333333333334,0.00263254802465529,11.0,-0.0014112666117841455,-0.2400000000000091,0.01583471763228872,354
5,1.400000000000004,-0.8999999999999981,60,6,2.5799999999999557,0.014423451020504574,0.8333333333333334,0.00263254802465529,11.0,-0.0014112666117841455,-0.2400000000000091,0.01583471763228872,355
5,1.7000000000000046,-0.699999999999998,60,3,2.419999999999959,0.014290356364339951,0.6666666666666666,0.005317231644016059,23.0,-0.0014112666117841455,-0.2400000000000091,0.015701622976124097,356
5,1.7000000000000046,-0.5999999999999979,60,3,2.419999999999959,0.014290356364339951,0.6666666666666666,0.005317231644016059,23.0,-0.0014112666117841455,-0.2400000000000091,0.015701622976124097,357
5,1.7000000000000046,-0.4999999999999978,60,3,2.419999999999959,0.014290356364339951,0.6666666666666666,0.005317231644016059,23.0,-0.0014112666117841455,-0.2400000000000091,0.015701622976124097,358
5,1.7000000000000046,-0.3999999999999977,60,3,2.419999999999959,0.014290356364339951,0.6666666666666666,0.005317231644016059,23.0,-0.0014112666117841455,-0.2400000000000091,0.015701622976124097,359
5,1.7000000000000046,-0.2999999999999976,60,3,2.419999999999959,0.014290356364339951,0.6666666666666666,0.005317231644016059,23.0,-0.0014112666117841455,-0.2400000000000091,0.015701622976124097,360
5,1.7000000000000046,-0.1999999999999975,60,3,2.419999999999959,0.014290356364339951,0.6666666666666666,0.005317231644016059,23.0,-0.0014112666117841455,-0.2400000000000091,0.015701622976124097,361
5,1.7000000000000046,-0.09999999999999742,60,3,2.419999999999959,0.014290356364339951,0.6666666666666666,0.005317231644016059,23.0,-0.0014112666117841455,-0.2400000000000091,0.015701622976124097,362
5,1.7000000000000046,2.6645352591003757e-15,60,3,2.419999999999959,0.014290356364339951,0.6666666666666666,0.005317231644016059,23.0,-0.0014112666117841455,-0.2400000000000091,0.015701622976124097,363
5,1.8000000000000043,-0.699999999999998,60,3,2.419999999999959,0.014290356364339951,0.6666666666666666,0.005317231644016059,23.0,-0.0014112666117841455,-0.2400000000000091,0.015701622976124097,364
5,1.8000000000000043,-0.5999999999999979,60,3,2.419999999999959,0.014290356364339951,0.6666666666666666,0.005317231644016059,23.0,-0.0014112666117841455,-0.2400000000000091,0.015701622976124097,365
5,1.8000000000000043,-0.4999999999999978,60,3,2.419999999999959,0.014290356364339951,0.6666666666666666,0.005317231644016059,23.0,-0.0014112666117841455,-0.2400000000000091,0.015701622976124097,366
5,1.8000000000000043,-0.3999999999999977,60,3,2.419999999999959,0.014290356364339951,0.6666666666666666,0.005317231644016059,23.0,-0.0014112666117841455,-0.2400000000000091,0.015701622976124097,367
5,1.8000000000000043,-0.2999999999999976,60,3,2.419999999999959,0.014290356364339951,0.6666666666666666,0.005317231644016059,23.0,-0.0014112666117841455,-0.2400000000000091,0.015701622976124097,368
5,1.8000000000000043,-0.1999999999999975,60,3,2.419999999999959,0.014290356364339951,0.6666666666666666,0.005317231644016059,23.0,-0.0014112666117841455,-0.2400000000000091,0.015701622976124097,369
5,1.8000000000000043,-0.09999999999999742,60,3,2.419999999999959,0.014290356364339951,0.6666666666666666,0.005317231644016059,23.0,-0.0014112666117841455,-0.2400000000000091,0.015701622976124097,370
5,1.8000000000000043,2.6645352591003757e-15,60,3,2.419999999999959,0.014290356364339951,0.6666666666666666,0.005317231644016059,23.0,-0.0014112666117841455,-0.2400000000000091,0.015701622976124097,371
10,-1.799999999999999,-1.899999999999999,55,25,2.5900000000000034,0.014254371734037097,0.68,0.0005923603109849384,1.56,-0.007654999123473449,-1.3100000000000023,0.021909370857510546,372
5,0.5000000000000031,1.900000000000004,60,1,2.469999999999999,0.014092542933759278,1.0,0.014092542933759278,7.0,-0.0014112666117841455,-0.2400000000000091,0.015503809545543423,373
5,0.6000000000000032,1.900000000000004,60,1,2.469999999999999,0.014092542933759278,1.0,0.014092542933759278,7.0,-0.0014112666117841455,-0.2400000000000091,0.015503809545543423,374
5,0.7000000000000033,1.900000000000004,60,1,2.469999999999999,0.014092542933759278,1.0,0.014092542933759278,7.0,-0.0014112666117841455,-0.2400000000000091,0.015503809545543423,375
5,0.8000000000000034,1.900000000000004,60,1,2.469999999999999,0.014092542933759278,1.0,0.014092542933759278,7.0,-0.0014112666117841455,-0.2400000000000091,0.015503809545543423,376
5,0.9000000000000035,1.900000000000004,60,1,2.469999999999999,0.014092542933759278,1.0,0.014092542933759278,7.0,-0.0014112666117841455,-0.2400000000000091,0.015503809545543423,377
5,1.5000000000000036,-1.4999999999999987,60,5,2.4999999999999716,0.014017056485183144,0.8,0.0028969659899565235,15.2,-0.0014112666117841455,-0.2400000000000091,0.015428323096967289,378
5,1.5000000000000036,-1.3999999999999986,60,5,2.4999999999999716,0.014017056485183144,0.8,0.0028969659899565235,15.2,-0.0014112666117841455,-0.2400000000000091,0.015428323096967289,379
5,1.5000000000000036,-1.2999999999999985,60,5,2.4999999999999716,0.014017056485183144,0.8,0.0028969659899565235,15.2,-0.0014112666117841455,-0.2400000000000091,0.015428323096967289,380
5,1.600000000000004,-1.4999999999999987,60,5,2.4999999999999716,0.014017056485183144,0.8,0.0028969659899565235,15.2,-0.0014112666117841455,-0.2400000000000091,0.015428323096967289,381
5,1.600000000000004,-1.3999999999999986,60,5,2.4999999999999716,0.014017056485183144,0.8,0.0028969659899565235,15.2,-0.0014112666117841455,-0.2400000000000091,0.015428323096967289,382
5,1.600000000000004,-1.2999999999999985,60,5,2.4999999999999716,0.014017056485183144,0.8,0.0028969659899565235,15.2,-0.0014112666117841455,-0.2400000000000091,0.015428323096967289,383
22,-0.5999999999999979,3.0000000000000053,43,1,2.2700000000000102,0.01368706662646968,1.0,0.01368706662646968,19.0,-0.04541877459246779,-8.080000000000013,0.05910584121893747,384
22,-0.4999999999999978,3.0000000000000053,43,1,2.2700000000000102,0.01368706662646968,1.0,0.01368706662646968,19.0,-0.04541877459246779,-8.080000000000013,0.05910584121893747,385
10,1.600000000000004,2.400000000000005,55,1,2.2700000000000102,0.01368706662646968,1.0,0.01368706662646968,19.0,-0.007654999123473449,-1.3100000000000023,0.02134206574994313,386
10,1.7000000000000046,2.400000000000005,55,1,2.2700000000000102,0.01368706662646968,1.0,0.01368706662646968,19.0,-0.007654999123473449,-1.3100000000000023,0.02134206574994313,387
10,1.8000000000000043,2.400000000000005,55,1,2.2700000000000102,0.01368706662646968,1.0,0.01368706662646968,19.0,-0.007654999123473449,-1.3100000000000023,0.02134206574994313,388
10,1.900000000000004,2.400000000000005,55,1,2.2700000000000102,0.01368706662646968,1.0,0.01368706662646968,19.0,-0.007654999123473449,-1.3100000000000023,0.02134206574994313,389
10,2.0000000000000044,2.400000000000005,55,1,2.2700000000000102,0.01368706662646968,1.0,0.01368706662646968,19.0,-0.007654999123473449,-1.3100000000000023,0.02134206574994313,390
10,1.2000000000000037,-3.0,55,11,2.3399999999999466,0.013037208007998347,0.9090909090909091,0.001307601940636959,5.181818181818182,-0.007654999123473449,-1.3100000000000023,0.020692207131471796,391
10,1.2000000000000037,-2.9,55,11,2.3399999999999466,0.013037208007998347,0.9090909090909091,0.001307601940636959,5.181818181818182,-0.007654999123473449,-1.3100000000000023,0.020692207131471796,392
10,1.2000000000000037,-2.8,55,11,2.3399999999999466,0.013037208007998347,0.9090909090909091,0.001307601940636959,5.181818181818182,-0.007654999123473449,-1.3100000000000023,0.020692207131471796,393
10,1.2000000000000037,-2.6999999999999997,55,11,2.3399999999999466,0.013037208007998347,0.9090909090909091,0.001307601940636959,5.181818181818182,-0.007654999123473449,-1.3100000000000023,0.020692207131471796,394
10,1.2000000000000037,-2.5999999999999996,55,11,2.3399999999999466,0.013037208007998347,0.9090909090909091,0.001307601940636959,5.181818181818182,-0.007654999123473449,-1.3100000000000023,0.020692207131471796,395
10,1.2000000000000037,-2.4999999999999996,55,11,2.3399999999999466,0.013037208007998347,0.9090909090909091,0.001307601940636959,5.181818181818182,-0.007654999123473449,-1.3100000000000023,0.020692207131471796,396
10,1.2000000000000037,-2.3999999999999995,55,11,2.3399999999999466,0.013037208007998347,0.9090909090909091,0.001307601940636959,5.181818181818182,-0.007654999123473449,-1.3100000000000023,0.020692207131471796,397
10,1.2000000000000037,-2.2999999999999994,55,11,2.3399999999999466,0.013037208007998347,0.9090909090909091,0.001307601940636959,5.181818181818182,-0.007654999123473449,-1.3100000000000023,0.020692207131471796,398
10,1.2000000000000037,-2.1999999999999993,55,11,2.3399999999999466,0.013037208007998347,0.9090909090909091,0.001307601940636959,5.181818181818182,-0.007654999123473449,-1.3100000000000023,0.020692207131471796,399
10,1.2000000000000037,-2.099999999999999,55,11,2.3399999999999466,0.013037208007998347,0.9090909090909091,0.001307601940636959,5.181818181818182,-0.007654999123473449,-1.3100000000000023,0.020692207131471796,400
5,0.8000000000000034,-1.799999999999999,60,15,2.2899999999999636,0.012917431746350516,0.8666666666666667,0.0009787173063553404,3.6666666666666665,-0.0014112666117841455,-0.2400000000000091,0.014328698358134662,401
10,-3.0,-1.799999999999999,55,25,2.210000000000008,0.012440009162781207,0.56,0.000512070665193467,1.32,-0.007654999123473449,-1.3100000000000023,0.020095008286254656,402
10,-3.0,-1.6999999999999988,55,25,2.210000000000008,0.012440009162781207,0.56,0.000512070665193467,1.32,-0.007654999123473449,-1.3100000000000023,0.020095008286254656,403
10,-2.9,-1.799999999999999,55,25,2.210000000000008,0.012440009162781207,0.56,0.000512070665193467,1.32,-0.007654999123473449,-1.3100000000000023,0.020095008286254656,404
10,-2.9,-1.6999999999999988,55,25,2.210000000000008,0.012440009162781207,0.56,0.000512070665193467,1.32,-0.007654999123473449,-1.3100000000000023,0.020095008286254656,405
10,-2.8,-1.799999999999999,55,25,2.210000000000008,0.012440009162781207,0.56,0.000512070665193467,1.32,-0.007654999123473449,-1.3100000000000023,0.020095008286254656,406
10,-2.8,-1.6999999999999988,55,25,2.210000000000008,0.012440009162781207,0.56,0.000512070665193467,1.32,-0.007654999123473449,-1.3100000000000023,0.020095008286254656,407
10,-2.6999999999999997,-1.799999999999999,55,25,2.210000000000008,0.012440009162781207,0.56,0.000512070665193467,1.32,-0.007654999123473449,-1.3100000000000023,0.020095008286254656,408
10,-2.6999999999999997,-1.6999999999999988,55,25,2.210000000000008,0.012440009162781207,0.56,0.000512070665193467,1.32,-0.007654999123473449,-1.3100000000000023,0.020095008286254656,409
10,-2.5999999999999996,-1.799999999999999,55,25,2.210000000000008,0.012440009162781207,0.56,0.000512070665193467,1.32,-0.007654999123473449,-1.3100000000000023,0.020095008286254656,410
10,-2.5999999999999996,-1.6999999999999988,55,25,2.210000000000008,0.012440009162781207,0.56,0.000512070665193467,1.32,-0.007654999123473449,-1.3100000000000023,0.020095008286254656,411
10,-2.4999999999999996,-1.799999999999999,55,25,2.210000000000008,0.012440009162781207,0.56,0.000512070665193467,1.32,-0.007654999123473449,-1.3100000000000023,0.020095008286254656,412
10,-2.4999999999999996,-1.6999999999999988,55,25,2.210000000000008,0.012440009162781207,0.56,0.000512070665193467,1.32,-0.007654999123473449,-1.3100000000000023,0.020095008286254656,413
10,-2.3999999999999995,-1.799999999999999,55,25,2.210000000000008,0.012440009162781207,0.56,0.000512070665193467,1.32,-0.007654999123473449,-1.3100000000000023,0.020095008286254656,414
10,-2.3999999999999995,-1.6999999999999988,55,25,2.210000000000008,0.012440009162781207,0.56,0.000512070665193467,1.32,-0.007654999123473449,-1.3100000000000023,0.020095008286254656,415
10,-3.0,-1.0999999999999983,55,19,2.140000000000043,0.012302980642767025,0.5263157894736842,0.0006656823137427022,1.3157894736842106,-0.007654999123473449,-1.3100000000000023,0.019957979766240475,416
10,-2.9,-1.0999999999999983,55,19,2.140000000000043,0.012302980642767025,0.5263157894736842,0.0006656823137427022,1.3157894736842106,-0.007654999123473449,-1.3100000000000023,0.019957979766240475,417
10,-2.8,-1.0999999999999983,55,19,2.140000000000043,0.012302980642767025,0.5263157894736842,0.0006656823137427022,1.3157894736842106,-0.007654999123473449,-1.3100000000000023,0.019957979766240475,418
10,-2.6999999999999997,-1.0999999999999983,55,19,2.140000000000043,0.012302980642767025,0.5263157894736842,0.0006656823137427022,1.3157894736842106,-0.007654999123473449,-1.3100000000000023,0.019957979766240475,419
10,-2.5999999999999996,-1.0999999999999983,55,19,2.140000000000043,0.012302980642767025,0.5263157894736842,0.0006656823137427022,1.3157894736842106,-0.007654999123473449,-1.3100000000000023,0.019957979766240475,420
10,-2.4999999999999996,-1.0999999999999983,55,19,2.140000000000043,0.012302980642767025,0.5263157894736842,0.0006656823137427022,1.3157894736842106,-0.007654999123473449,-1.3100000000000023,0.019957979766240475,421
10,-2.3999999999999995,-1.0999999999999983,55,19,2.140000000000043,0.012302980642767025,0.5263157894736842,0.0006656823137427022,1.3157894736842106,-0.007654999123473449,-1.3100000000000023,0.019957979766240475,422
5,1.400000000000004,-1.6999999999999988,60,6,2.1899999999999693,0.012068692179541207,0.8333333333333334,0.002255649823890704,12.5,-0.0014112666117841455,-0.2400000000000091,0.013479958791325353,423
5,1.400000000000004,-1.5999999999999988,60,6,2.1899999999999693,0.012068692179541207,0.8333333333333334,0.002255649823890704,12.5,-0.0014112666117841455,-0.2400000000000091,0.013479958791325353,424
5,-3.0,-1.2999999999999985,60,26,2.099999999999966,0.01191714892342155,0.5769230769230769,0.0004742357633361573,1.4230769230769231,-0.0014112666117841455,-0.2400000000000091,0.013328415535205695,425
5,-2.9,-1.2999999999999985,60,26,2.099999999999966,0.01191714892342155,0.5769230769230769,0.0004742357633361573,1.4230769230769231,-0.0014112666117841455,-0.2400000000000091,0.013328415535205695,426
5,-2.8,-1.2999999999999985,60,26,2.099999999999966,0.01191714892342155,0.5769230769230769,0.0004742357633361573,1.4230769230769231,-0.0014112666117841455,-0.2400000000000091,0.013328415535205695,427
5,-2.6999999999999997,-1.2999999999999985,60,26,2.099999999999966,0.01191714892342155,0.5769230769230769,0.0004742357633361573,1.4230769230769231,-0.0014112666117841455,-0.2400000000000091,0.013328415535205695,428
5,-2.5999999999999996,-1.2999999999999985,60,26,2.099999999999966,0.01191714892342155,0.5769230769230769,0.0004742357633361573,1.4230769230769231,-0.0014112666117841455,-0.2400000000000091,0.013328415535205695,429
5,-2.4999999999999996,-1.2999999999999985,60,26,2.099999999999966,0.01191714892342155,0.5769230769230769,0.0004742357633361573,1.4230769230769231,-0.0014112666117841455,-0.2400000000000091,0.013328415535205695,430
5,-2.3999999999999995,-1.2999999999999985,60,26,2.099999999999966,0.01191714892342155,0.5769230769230769,0.0004742357633361573,1.4230769230769231,-0.0014112666117841455,-0.2400000000000091,0.013328415535205695,431
5,-2.2999999999999994,-1.2999999999999985,60,26,2.099999999999966,0.01191714892342155,0.5769230769230769,0.0004742357633361573,1.4230769230769231,-0.0014112666117841455,-0.2400000000000091,0.013328415535205695,432
5,-2.1999999999999993,-1.2999999999999985,60,26,2.099999999999966,0.01191714892342155,0.5769230769230769,0.0004742357633361573,1.4230769230769231,-0.0014112666117841455,-0.2400000000000091,0.013328415535205695,433
5,-2.099999999999999,-1.2999999999999985,60,26,2.099999999999966,0.01191714892342155,0.5769230769230769,0.0004742357633361573,1.4230769230769231,-0.0014112666117841455,-0.2400000000000091,0.013328415535205695,434
5,-1.9999999999999991,-1.2999999999999985,60,26,2.099999999999966,0.01191714892342155,0.5769230769230769,0.0004742357633361573,1.4230769230769231,-0.0014112666117841455,-0.2400000000000091,0.013328415535205695,435
5,-1.899999999999999,-1.2999999999999985,60,26,2.099999999999966,0.01191714892342155,0.5769230769230769,0.0004742357633361573,1.4230769230769231,-0.0014112666117841455,-0.2400000000000091,0.013328415535205695,436
5,-1.799999999999999,-1.2999999999999985,60,26,2.099999999999966,0.01191714892342155,0.5769230769230769,0.0004742357633361573,1.4230769230769231,-0.0014112666117841455,-0.2400000000000091,0.013328415535205695,437
5,-1.6999999999999988,-1.2999999999999985,60,26,2.099999999999966,0.01191714892342155,0.5769230769230769,0.0004742357633361573,1.4230769230769231,-0.0014112666117841455,-0.2400000000000091,0.013328415535205695,438
10,1.3000000000000043,-1.899999999999999,55,9,2.0099999999999625,0.010972554437035376,0.8888888888888888,0.0013731877709439238,6.555555555555555,-0.007654999123473449,-1.3100000000000023,0.018627553560508825,439
10,1.3000000000000043,-1.799999999999999,55,9,2.0099999999999625,0.010972554437035376,0.8888888888888888,0.0013731877709439238,6.555555555555555,-0.007654999123473449,-1.3100000000000023,0.018627553560508825,440
10,1.3000000000000043,-1.6999999999999988,55,9,2.0099999999999625,0.010972554437035376,0.8888888888888888,0.0013731877709439238,6.555555555555555,-0.007654999123473449,-1.3100000000000023,0.018627553560508825,441
10,1.3000000000000043,-1.5999999999999988,55,9,2.0099999999999625,0.010972554437035376,0.8888888888888888,0.0013731877709439238,6.555555555555555,-0.007654999123473449,-1.3100000000000023,0.018627553560508825,442
5,1.5000000000000036,0.6000000000000032,60,3,1.8199999999999648,0.010827025789240885,0.6666666666666666,0.003809458663714812,18.333333333333332,-0.0014112666117841455,-0.2400000000000091,0.01223829240102503,443
5,1.5000000000000036,0.7000000000000033,60,3,1.8199999999999648,0.010827025789240885,0.6666666666666666,0.003809458663714812,18.333333333333332,-0.0014112666117841455,-0.2400000000000091,0.01223829240102503,444
5,1.5000000000000036,0.8000000000000034,60,3,1.8199999999999648,0.010827025789240885,0.6666666666666666,0.003809458663714812,18.333333333333332,-0.0014112666117841455,-0.2400000000000091,0.01223829240102503,445
5,1.5000000000000036,0.9000000000000035,60,3,1.8199999999999648,0.010827025789240885,0.6666666666666666,0.003809458663714812,18.333333333333332,-0.0014112666117841455,-0.2400000000000091,0.01223829240102503,446
5,1.600000000000004,0.6000000000000032,60,3,1.8199999999999648,0.010827025789240885,0.6666666666666666,0.003809458663714812,18.333333333333332,-0.0014112666117841455,-0.2400000000000091,0.01223829240102503,447
5,1.600000000000004,0.7000000000000033,60,3,1.8199999999999648,0.010827025789240885,0.6666666666666666,0.003809458663714812,18.333333333333332,-0.0014112666117841455,-0.2400000000000091,0.01223829240102503,448
5,1.600000000000004,0.8000000000000034,60,3,1.8199999999999648,0.010827025789240885,0.6666666666666666,0.003809458663714812,18.333333333333332,-0.0014112666117841455,-0.2400000000000091,0.01223829240102503,449
5,1.600000000000004,0.9000000000000035,60,3,1.8199999999999648,0.010827025789240885,0.6666666666666666,0.003809458663714812,18.333333333333332,-0.0014112666117841455,-0.2400000000000091,0.01223829240102503,450
5,-3.0,1.900000000000004,60,1,1.8899999999999864,0.010783362811662034,1.0,0.010783362811662034,1.0,-0.0014112666117841455,-0.2400000000000091,0.01219462942344618,451
5,-2.9,1.900000000000004,60,1,1.8899999999999864,0.010783362811662034,1.0,0.010783362811662034,1.0,-0.0014112666117841455,-0.2400000000000091,0.01219462942344618,452
5,-2.8,1.900000000000004,60,1,1.8899999999999864,0.010783362811662034,1.0,0.010783362811662034,1.0,-0.0014112666117841455,-0.2400000000000091,0.01219462942344618,453
5,-2.6999999999999997,1.900000000000004,60,1,1.8899999999999864,0.010783362811662034,1.0,0.010783362811662034,1.0,-0.0014112666117841455,-0.2400000000000091,0.01219462942344618,454
5,-2.5999999999999996,1.900000000000004,60,1,1.8899999999999864,0.010783362811662034,1.0,0.010783362811662034,1.0,-0.0014112666117841455,-0.2400000000000091,0.01219462942344618,455
5,-2.4999999999999996,1.900000000000004,60,1,1.8899999999999864,0.010783362811662034,1.0,0.010783362811662034,1.0,-0.0014112666117841455,-0.2400000000000091,0.01219462942344618,456
5,-2.3999999999999995,1.900000000000004,60,1,1.8899999999999864,0.010783362811662034,1.0,0.010783362811662034,1.0,-0.0014112666117841455,-0.2400000000000091,0.01219462942344618,457
5,-2.2999999999999994,1.900000000000004,60,1,1.8899999999999864,0.010783362811662034,1.0,0.010783362811662034,1.0,-0.0014112666117841455,-0.2400000000000091,0.01219462942344618,458
5,-2.1999999999999993,1.900000000000004,60,1,1.8899999999999864,0.010783362811662034,1.0,0.010783362811662034,1.0,-0.0014112666117841455,-0.2400000000000091,0.01219462942344618,459
5,-2.099999999999999,1.900000000000004,60,1,1.8899999999999864,0.010783362811662034,1.0,0.010783362811662034,1.0,-0.0014112666117841455,-0.2400000000000091,0.01219462942344618,460
5,-1.9999999999999991,1.900000000000004,60,1,1.8899999999999864,0.010783362811662034,1.0,0.010783362811662034,1.0,-0.0014112666117841455,-0.2400000000000091,0.01219462942344618,461
5,-1.899999999999999,1.900000000000004,60,1,1.8899999999999864,0.010783362811662034,1.0,0.010783362811662034,1.0,-0.0014112666117841455,-0.2400000000000091,0.01219462942344618,462
5,-1.799999999999999,1.900000000000004,60,1,1.8899999999999864,0.010783362811662034,1.0,0.010783362811662034,1.0,-0.0014112666117841455,-0.2400000000000091,0.01219462942344618,463
5,-1.6999999999999988,1.900000000000004,60,1,1.8899999999999864,0.010783362811662034,1.0,0.010783362811662034,1.0,-0.0014112666117841455,-0.2400000000000091,0.01219462942344618,464
5,-1.5999999999999988,1.900000000000004,60,1,1.8899999999999864,0.010783362811662034,1.0,0.010783362811662034,1.0,-0.0014112666117841455,-0.2400000000000091,0.01219462942344618,465
5,-1.4999999999999987,1.900000000000004,60,1,1.8899999999999864,0.010783362811662034,1.0,0.010783362811662034,1.0,-0.0014112666117841455,-0.2400000000000091,0.01219462942344618,466
5,-1.3999999999999986,1.900000000000004,60,1,1.8899999999999864,0.010783362811662034,1.0,0.010783362811662034,1.0,-0.0014112666117841455,-0.2400000000000091,0.01219462942344618,467
5,-1.2999999999999985,1.900000000000004,60,1,1.8899999999999864,0.010783362811662034,1.0,0.010783362811662034,1.0,-0.0014112666117841455,-0.2400000000000091,0.01219462942344618,468
5,-1.1999999999999984,1.900000000000004,60,1,1.8899999999999864,0.010783362811662034,1.0,0.010783362811662034,1.0,-0.0014112666117841455,-0.2400000000000091,0.01219462942344618,469
5,-1.0999999999999983,1.900000000000004,60,1,1.8899999999999864,0.010783362811662034,1.0,0.010783362811662034,1.0,-0.0014112666117841455,-0.2400000000000091,0.01219462942344618,470
5,-0.9999999999999982,1.900000000000004,60,1,1.8899999999999864,0.010783362811662034,1.0,0.010783362811662034,1.0,-0.0014112666117841455,-0.2400000000000091,0.01219462942344618,471
5,-0.8999999999999981,1.900000000000004,60,1,1.8899999999999864,0.010783362811662034,1.0,0.010783362811662034,1.0,-0.0014112666117841455,-0.2400000000000091,0.01219462942344618,472
5,-0.799999999999998,1.900000000000004,60,1,1.8899999999999864,0.010783362811662034,1.0,0.010783362811662034,1.0,-0.0014112666117841455,-0.2400000000000091,0.01219462942344618,473
5,-0.699999999999998,1.900000000000004,60,1,1.8899999999999864,0.010783362811662034,1.0,0.010783362811662034,1.0,-0.0014112666117841455,-0.2400000000000091,0.01219462942344618,474
5,-0.5999999999999979,1.900000000000004,60,1,1.8899999999999864,0.010783362811662034,1.0,0.010783362811662034,1.0,-0.0014112666117841455,-0.2400000000000091,0.01219462942344618,475
5,-0.4999999999999978,1.900000000000004,60,1,1.8899999999999864,0.010783362811662034,1.0,0.010783362811662034,1.0,-0.0014112666117841455,-0.2400000000000091,0.01219462942344618,476
5,-0.3999999999999977,1.900000000000004,60,1,1.8899999999999864,0.010783362811662034,1.0,0.010783362811662034,1.0,-0.0014112666117841455,-0.2400000000000091,0.01219462942344618,477
5,-0.2999999999999976,1.900000000000004,60,1,1.8899999999999864,0.010783362811662034,1.0,0.010783362811662034,1.0,-0.0014112666117841455,-0.2400000000000091,0.01219462942344618,478
5,0.6000000000000032,-1.899999999999999,60,16,1.9099999999999397,0.010754573106963372,0.8125,0.0007839472601660763,3.4375,-0.0014112666117841455,-0.2400000000000091,0.012165839718747518,479
5,0.7000000000000033,-1.899999999999999,60,16,1.9099999999999397,0.010754573106963372,0.8125,0.0007839472601660763,3.4375,-0.0014112666117841455,-0.2400000000000091,0.012165839718747518,480
5,0.8000000000000034,-1.899999999999999,60,16,1.9099999999999397,0.010754573106963372,0.8125,0.0007839472601660763,3.4375,-0.0014112666117841455,-0.2400000000000091,0.012165839718747518,481
5,1.5000000000000036,0.10000000000000275,60,3,1.7999999999999545,0.01070769080006806,0.6666666666666666,0.0037696928767888918,19.666666666666668,-0.0014112666117841455,-0.2400000000000091,0.012118957411852205,482
5,1.5000000000000036,0.20000000000000284,60,3,1.7999999999999545,0.01070769080006806,0.6666666666666666,0.0037696928767888918,19.666666666666668,-0.0014112666117841455,-0.2400000000000091,0.012118957411852205,483
5,1.5000000000000036,0.30000000000000293,60,3,1.7999999999999545,0.01070769080006806,0.6666666666666666,0.0037696928767888918,19.666666666666668,-0.0014112666117841455,-0.2400000000000091,0.012118957411852205,484
5,1.5000000000000036,0.400000000000003,60,3,1.7999999999999545,0.01070769080006806,0.6666666666666666,0.0037696928767888918,19.666666666666668,-0.0014112666117841455,-0.2400000000000091,0.012118957411852205,485
5,1.5000000000000036,0.5000000000000031,60,3,1.7999999999999545,0.01070769080006806,0.6666666666666666,0.0037696928767888918,19.666666666666668,-0.0014112666117841455,-0.2400000000000091,0.012118957411852205,486
5,1.600000000000004,0.10000000000000275,60,3,1.7999999999999545,0.01070769080006806,0.6666666666666666,0.0037696928767888918,19.666666666666668,-0.0014112666117841455,-0.2400000000000091,0.012118957411852205,487
5,1.600000000000004,0.20000000000000284,60,3,1.7999999999999545,0.01070769080006806,0.6666666666666666,0.0037696928767888918,19.666666666666668,-0.0014112666117841455,-0.2400000000000091,0.012118957411852205,488
5,1.600000000000004,0.30000000000000293,60,3,1.7999999999999545,0.01070769080006806,0.6666666666666666,0.0037696928767888918,19.666666666666668,-0.0014112666117841455,-0.2400000000000091,0.012118957411852205,489
5,1.600000000000004,0.400000000000003,60,3,1.7999999999999545,0.01070769080006806,0.6666666666666666,0.0037696928767888918,19.666666666666668,-0.0014112666117841455,-0.2400000000000091,0.012118957411852205,490
5,1.600000000000004,0.5000000000000031,60,3,1.7999999999999545,0.01070769080006806,0.6666666666666666,0.0037696928767888918,19.666666666666668,-0.0014112666117841455,-0.2400000000000091,0.012118957411852205,491
5,0.9000000000000035,-3.0,60,16,1.889999999999958,0.01069691657486671,0.8125,0.0007718978036770213,3.5,-0.0014112666117841455,-0.2400000000000091,0.012108183186650856,492
5,0.9000000000000035,-2.9,60,16,1.889999999999958,0.01069691657486671,0.8125,0.0007718978036770213,3.5,-0.0014112666117841455,-0.2400000000000091,0.012108183186650856,493
5,0.9000000000000035,-2.8,60,16,1.889999999999958,0.01069691657486671,0.8125,0.0007718978036770213,3.5,-0.0014112666117841455,-0.2400000000000091,0.012108183186650856,494
5,0.9000000000000035,-2.6999999999999997,60,16,1.889999999999958,0.01069691657486671,0.8125,0.0007718978036770213,3.5,-0.0014112666117841455,-0.2400000000000091,0.012108183186650856,495
5,0.9000000000000035,-2.5999999999999996,60,16,1.889999999999958,0.01069691657486671,0.8125,0.0007718978036770213,3.5,-0.0014112666117841455,-0.2400000000000091,0.012108183186650856,496
5,0.9000000000000035,-2.4999999999999996,60,16,1.889999999999958,0.01069691657486671,0.8125,0.0007718978036770213,3.5,-0.0014112666117841455,-0.2400000000000091,0.012108183186650856,497
5,0.9000000000000035,-2.3999999999999995,60,16,1.889999999999958,0.01069691657486671,0.8125,0.0007718978036770213,3.5,-0.0014112666117841455,-0.2400000000000091,0.012108183186650856,498
5,0.9000000000000035,-2.2999999999999994,60,16,1.889999999999958,0.01069691657486671,0.8125,0.0007718978036770213,3.5,-0.0014112666117841455,-0.2400000000000091,0.012108183186650856,499
5,0.9000000000000035,-2.1999999999999993,60,16,1.889999999999958,0.01069691657486671,0.8125,0.0007718978036770213,3.5,-0.0014112666117841455,-0.2400000000000091,0.012108183186650856,500
5,0.9000000000000035,-2.099999999999999,60,16,1.889999999999958,0.01069691657486671,0.8125,0.0007718978036770213,3.5,-0.0014112666117841455,-0.2400000000000091,0.012108183186650856,501
5,0.9000000000000035,-1.9999999999999991,60,16,1.889999999999958,0.01069691657486671,0.8125,0.0007718978036770213,3.5,-0.0014112666117841455,-0.2400000000000091,0.012108183186650856,502
22,-3.0,-3.0,43,21,1.8100000000000307,0.01049800229941944,0.5714285714285714,0.0005159416946441741,1.2857142857142858,-0.04541877459246779,-8.080000000000013,0.05591677689188723,503
22,-3.0,-2.9,43,21,1.8100000000000307,0.01049800229941944,0.5714285714285714,0.0005159416946441741,1.2857142857142858,-0.04541877459246779,-8.080000000000013,0.05591677689188723,504
22,-3.0,-2.8,43,21,1.8100000000000307,0.01049800229941944,0.5714285714285714,0.0005159416946441741,1.2857142857142858,-0.04541877459246779,-8.080000000000013,0.05591677689188723,505
22,-3.0,-2.6999999999999997,43,21,1.8100000000000307,0.01049800229941944,0.5714285714285714,0.0005159416946441741,1.2857142857142858,-0.04541877459246779,-8.080000000000013,0.05591677689188723,506
22,-3.0,-2.5999999999999996,43,21,1.8100000000000307,0.01049800229941944,0.5714285714285714,0.0005159416946441741,1.2857142857142858,-0.04541877459246779,-8.080000000000013,0.05591677689188723,507
22,-3.0,-2.4999999999999996,43,21,1.8100000000000307,0.01049800229941944,0.5714285714285714,0.0005159416946441741,1.2857142857142858,-0.04541877459246779,-8.080000000000013,0.05591677689188723,508
22,-3.0,-2.3999999999999995,43,21,1.8100000000000307,0.01049800229941944,0.5714285714285714,0.0005159416946441741,1.2857142857142858,-0.04541877459246779,-8.080000000000013,0.05591677689188723,509
22,-3.0,-2.2999999999999994,43,21,1.8100000000000307,0.01049800229941944,0.5714285714285714,0.0005159416946441741,1.2857142857142858,-0.04541877459246779,-8.080000000000013,0.05591677689188723,510
22,-3.0,-2.1999999999999993,43,21,1.8100000000000307,0.01049800229941944,0.5714285714285714,0.0005159416946441741,1.2857142857142858,-0.04541877459246779,-8.080000000000013,0.05591677689188723,511
22,-3.0,-2.099999999999999,43,21,1.8100000000000307,0.01049800229941944,0.5714285714285714,0.0005159416946441741,1.2857142857142858,-0.04541877459246779,-8.080000000000013,0.05591677689188723,512
22,-3.0,-1.9999999999999991,43,21,1.8100000000000307,0.01049800229941944,0.5714285714285714,0.0005159416946441741,1.2857142857142858,-0.04541877459246779,-8.080000000000013,0.05591677689188723,513
22,-3.0,-1.899999999999999,43,21,1.8100000000000307,0.01049800229941944,0.5714285714285714,0.0005159416946441741,1.2857142857142858,-0.04541877459246779,-8.080000000000013,0.05591677689188723,514
22,-3.0,-1.799999999999999,43,21,1.8100000000000307,0.01049800229941944,0.5714285714285714,0.0005159416946441741,1.2857142857142858,-0.04541877459246779,-8.080000000000013,0.05591677689188723,515
22,-3.0,-1.6999999999999988,43,21,1.8100000000000307,0.01049800229941944,0.5714285714285714,0.0005159416946441741,1.2857142857142858,-0.04541877459246779,-8.080000000000013,0.05591677689188723,516
22,-3.0,-1.5999999999999988,43,21,1.8100000000000307,0.01049800229941944,0.5714285714285714,0.0005159416946441741,1.2857142857142858,-0.04541877459246779,-8.080000000000013,0.05591677689188723,517
22,-3.0,-1.4999999999999987,43,21,1.8100000000000307,0.01049800229941944,0.5714285714285714,0.0005159416946441741,1.2857142857142858,-0.04541877459246779,-8.080000000000013,0.05591677689188723,518
22,-3.0,-1.3999999999999986,43,21,1.8100000000000307,0.01049800229941944,0.5714285714285714,0.0005159416946441741,1.2857142857142858,-0.04541877459246779,-8.080000000000013,0.05591677689188723,519
22,-3.0,-1.2999999999999985,43,21,1.8100000000000307,0.01049800229941944,0.5714285714285714,0.0005159416946441741,1.2857142857142858,-0.04541877459246779,-8.080000000000013,0.05591677689188723,520
22,-3.0,-1.1999999999999984,43,21,1.8100000000000307,0.01049800229941944,0.5714285714285714,0.0005159416946441741,1.2857142857142858,-0.04541877459246779,-8.080000000000013,0.05591677689188723,521
5,0.5000000000000031,-3.0,60,17,1.8599999999999284,0.010173954243027472,0.8235294117647058,0.0006947036063709819,3.1176470588235294,-0.0014112666117841455,-0.2400000000000091,0.011585220854811618,522
5,0.5000000000000031,-2.9,60,17,1.8599999999999284,0.010173954243027472,0.8235294117647058,0.0006947036063709819,3.1176470588235294,-0.0014112666117841455,-0.2400000000000091,0.011585220854811618,523
5,0.5000000000000031,-2.8,60,17,1.8599999999999284,0.010173954243027472,0.8235294117647058,0.0006947036063709819,3.1176470588235294,-0.0014112666117841455,-0.2400000000000091,0.011585220854811618,524
5,0.5000000000000031,-2.6999999999999997,60,17,1.8599999999999284,0.010173954243027472,0.8235294117647058,0.0006947036063709819,3.1176470588235294,-0.0014112666117841455,-0.2400000000000091,0.011585220854811618,525
5,0.5000000000000031,-2.5999999999999996,60,17,1.8599999999999284,0.010173954243027472,0.8235294117647058,0.0006947036063709819,3.1176470588235294,-0.0014112666117841455,-0.2400000000000091,0.011585220854811618,526
5,0.5000000000000031,-2.4999999999999996,60,17,1.8599999999999284,0.010173954243027472,0.8235294117647058,0.0006947036063709819,3.1176470588235294,-0.0014112666117841455,-0.2400000000000091,0.011585220854811618,527
5,0.5000000000000031,-2.3999999999999995,60,17,1.8599999999999284,0.010173954243027472,0.8235294117647058,0.0006947036063709819,3.1176470588235294,-0.0014112666117841455,-0.2400000000000091,0.011585220854811618,528
5,0.5000000000000031,-2.2999999999999994,60,17,1.8599999999999284,0.010173954243027472,0.8235294117647058,0.0006947036063709819,3.1176470588235294,-0.0014112666117841455,-0.2400000000000091,0.011585220854811618,529
5,0.5000000000000031,-2.1999999999999993,60,17,1.8599999999999284,0.010173954243027472,0.8235294117647058,0.0006947036063709819,3.1176470588235294,-0.0014112666117841455,-0.2400000000000091,0.011585220854811618,530
5,0.5000000000000031,-2.099999999999999,60,17,1.8599999999999284,0.010173954243027472,0.8235294117647058,0.0006947036063709819,3.1176470588235294,-0.0014112666117841455,-0.2400000000000091,0.011585220854811618,531
5,0.5000000000000031,-1.9999999999999991,60,17,1.8599999999999284,0.010173954243027472,0.8235294117647058,0.0006947036063709819,3.1176470588235294,-0.0014112666117841455,-0.2400000000000091,0.011585220854811618,532
10,1.2000000000000037,-1.899999999999999,55,10,1.6999999999999602,0.00919539825968596,0.9,0.001057681668367083,5.6,-0.007654999123473449,-1.3100000000000023,0.01685039738315941,533
10,1.2000000000000037,-1.799999999999999,55,10,1.6999999999999602,0.00919539825968596,0.9,0.001057681668367083,5.6,-0.007654999123473449,-1.3100000000000023,0.01685039738315941,534
10,1.2000000000000037,-1.6999999999999988,55,10,1.6999999999999602,0.00919539825968596,0.9,0.001057681668367083,5.6,-0.007654999123473449,-1.3100000000000023,0.01685039738315941,535
10,1.2000000000000037,-1.5999999999999988,55,10,1.6999999999999602,0.00919539825968596,0.9,0.001057681668367083,5.6,-0.007654999123473449,-1.3100000000000023,0.01685039738315941,536
5,1.400000000000004,-1.4999999999999987,60,6,1.669999999999959,0.009010905183240325,0.8333333333333334,0.0017429691820003053,12.0,-0.0014112666117841455,-0.2400000000000091,0.01042217179502447,537
22,-0.8999999999999981,3.0000000000000053,43,1,1.4399999999999977,0.008682544467892628,1.0,0.008682544467892628,15.0,-0.04541877459246779,-8.080000000000013,0.05410131906036042,538
22,-0.799999999999998,3.0000000000000053,43,1,1.4399999999999977,0.008682544467892628,1.0,0.008682544467892628,15.0,-0.04541877459246779,-8.080000000000013,0.05410131906036042,539
22,-0.699999999999998,3.0000000000000053,43,1,1.4399999999999977,0.008682544467892628,1.0,0.008682544467892628,15.0,-0.04541877459246779,-8.080000000000013,0.05410131906036042,540
10,0.30000000000000293,2.400000000000005,55,1,1.4399999999999977,0.008682544467892628,1.0,0.008682544467892628,15.0,-0.007654999123473449,-1.3100000000000023,0.016337543591366077,541
10,0.400000000000003,2.400000000000005,55,1,1.4399999999999977,0.008682544467892628,1.0,0.008682544467892628,15.0,-0.007654999123473449,-1.3100000000000023,0.016337543591366077,542
10,0.5000000000000031,2.400000000000005,55,1,1.4399999999999977,0.008682544467892628,1.0,0.008682544467892628,15.0,-0.007654999123473449,-1.3100000000000023,0.016337543591366077,543
10,0.6000000000000032,2.400000000000005,55,1,1.4399999999999977,0.008682544467892628,1.0,0.008682544467892628,15.0,-0.007654999123473449,-1.3100000000000023,0.016337543591366077,544
10,0.7000000000000033,2.400000000000005,55,1,1.4399999999999977,0.008682544467892628,1.0,0.008682544467892628,15.0,-0.007654999123473449,-1.3100000000000023,0.016337543591366077,545
10,0.8000000000000034,2.400000000000005,55,1,1.4399999999999977,0.008682544467892628,1.0,0.008682544467892628,15.0,-0.007654999123473449,-1.3100000000000023,0.016337543591366077,546
10,0.9000000000000035,2.400000000000005,55,1,1.4399999999999977,0.008682544467892628,1.0,0.008682544467892628,15.0,-0.007654999123473449,-1.3100000000000023,0.016337543591366077,547
10,1.0000000000000036,2.400000000000005,55,1,1.4399999999999977,0.008682544467892628,1.0,0.008682544467892628,15.0,-0.007654999123473449,-1.3100000000000023,0.016337543591366077,548
10,1.1000000000000032,2.400000000000005,55,1,1.4399999999999977,0.008682544467892628,1.0,0.008682544467892628,15.0,-0.007654999123473449,-1.3100000000000023,0.016337543591366077,549
10,1.2000000000000037,2.400000000000005,55,1,1.4399999999999977,0.008682544467892628,1.0,0.008682544467892628,15.0,-0.007654999123473449,-1.3100000000000023,0.016337543591366077,550
10,1.3000000000000043,2.400000000000005,55,1,1.4399999999999977,0.008682544467892628,1.0,0.008682544467892628,15.0,-0.007654999123473449,-1.3100000000000023,0.016337543591366077,551
10,1.400000000000004,2.400000000000005,55,1,1.4399999999999977,0.008682544467892628,1.0,0.008682544467892628,15.0,-0.007654999123473449,-1.3100000000000023,0.016337543591366077,552
10,1.5000000000000036,2.400000000000005,55,1,1.4399999999999977,0.008682544467892628,1.0,0.008682544467892628,15.0,-0.007654999123473449,-1.3100000000000023,0.016337543591366077,553
5,1.7000000000000046,-3.0,60,3,1.3899999999999864,0.008106781528649742,0.6666666666666666,0.0032753839005330576,27.333333333333332,-0.0014112666117841455,-0.2400000000000091,0.009518048140433888,554
5,1.7000000000000046,-2.9,60,3,1.3899999999999864,0.008106781528649742,0.6666666666666666,0.0032753839005330576,27.333333333333332,-0.0014112666117841455,-0.2400000000000091,0.009518048140433888,555
5,1.7000000000000046,-2.8,60,3,1.3899999999999864,0.008106781528649742,0.6666666666666666,0.0032753839005330576,27.333333333333332,-0.0014112666117841455,-0.2400000000000091,0.009518048140433888,556
5,1.7000000000000046,-2.6999999999999997,60,3,1.3899999999999864,0.008106781528649742,0.6666666666666666,0.0032753839005330576,27.333333333333332,-0.0014112666117841455,-0.2400000000000091,0.009518048140433888,557
5,1.7000000000000046,-2.5999999999999996,60,3,1.3899999999999864,0.008106781528649742,0.6666666666666666,0.0032753839005330576,27.333333333333332,-0.0014112666117841455,-0.2400000000000091,0.009518048140433888,558
5,1.7000000000000046,-2.4999999999999996,60,3,1.3899999999999864,0.008106781528649742,0.6666666666666666,0.0032753839005330576,27.333333333333332,-0.0014112666117841455,-0.2400000000000091,0.009518048140433888,559
5,1.7000000000000046,-2.3999999999999995,60,3,1.3899999999999864,0.008106781528649742,0.6666666666666666,0.0032753839005330576,27.333333333333332,-0.0014112666117841455,-0.2400000000000091,0.009518048140433888,560
5,1.7000000000000046,-2.2999999999999994,60,3,1.3899999999999864,0.008106781528649742,0.6666666666666666,0.0032753839005330576,27.333333333333332,-0.0014112666117841455,-0.2400000000000091,0.009518048140433888,561
5,1.7000000000000046,-2.1999999999999993,60,3,1.3899999999999864,0.008106781528649742,0.6666666666666666,0.0032753839005330576,27.333333333333332,-0.0014112666117841455,-0.2400000000000091,0.009518048140433888,562
5,1.7000000000000046,-2.099999999999999,60,3,1.3899999999999864,0.008106781528649742,0.6666666666666666,0.0032753839005330576,27.333333333333332,-0.0014112666117841455,-0.2400000000000091,0.009518048140433888,563
5,1.7000000000000046,-1.9999999999999991,60,3,1.3899999999999864,0.008106781528649742,0.6666666666666666,0.0032753839005330576,27.333333333333332,-0.0014112666117841455,-0.2400000000000091,0.009518048140433888,564
5,1.7000000000000046,-1.899999999999999,60,3,1.3899999999999864,0.008106781528649742,0.6666666666666666,0.0032753839005330576,27.333333333333332,-0.0014112666117841455,-0.2400000000000091,0.009518048140433888,565
5,1.7000000000000046,-1.799999999999999,60,3,1.3899999999999864,0.008106781528649742,0.6666666666666666,0.0032753839005330576,27.333333333333332,-0.0014112666117841455,-0.2400000000000091,0.009518048140433888,566
5,1.8000000000000043,-3.0,60,3,1.3899999999999864,0.008106781528649742,0.6666666666666666,0.0032753839005330576,27.333333333333332,-0.0014112666117841455,-0.2400000000000091,0.009518048140433888,567
5,1.8000000000000043,-2.9,60,3,1.3899999999999864,0.008106781528649742,0.6666666666666666,0.0032753839005330576,27.333333333333332,-0.0014112666117841455,-0.2400000000000091,0.009518048140433888,568
5,1.8000000000000043,-2.8,60,3,1.3899999999999864,0.008106781528649742,0.6666666666666666,0.0032753839005330576,27.333333333333332,-0.0014112666117841455,-0.2400000000000091,0.009518048140433888,569
5,1.8000000000000043,-2.6999999999999997,60,3,1.3899999999999864,0.008106781528649742,0.6666666666666666,0.0032753839005330576,27.333333333333332,-0.0014112666117841455,-0.2400000000000091,0.009518048140433888,570
5,1.8000000000000043,-2.5999999999999996,60,3,1.3899999999999864,0.008106781528649742,0.6666666666666666,0.0032753839005330576,27.333333333333332,-0.0014112666117841455,-0.2400000000000091,0.009518048140433888,571
5,1.8000000000000043,-2.4999999999999996,60,3,1.3899999999999864,0.008106781528649742,0.6666666666666666,0.0032753839005330576,27.333333333333332,-0.0014112666117841455,-0.2400000000000091,0.009518048140433888,572
5,1.8000000000000043,-2.3999999999999995,60,3,1.3899999999999864,0.008106781528649742,0.6666666666666666,0.0032753839005330576,27.333333333333332,-0.0014112666117841455,-0.2400000000000091,0.009518048140433888,573
5,1.8000000000000043,-2.2999999999999994,60,3,1.3899999999999864,0.008106781528649742,0.6666666666666666,0.0032753839005330576,27.333333333333332,-0.0014112666117841455,-0.2400000000000091,0.009518048140433888,574
5,1.8000000000000043,-2.1999999999999993,60,3,1.3899999999999864,0.008106781528649742,0.6666666666666666,0.0032753839005330576,27.333333333333332,-0.0014112666117841455,-0.2400000000000091,0.009518048140433888,575
5,1.8000000000000043,-2.099999999999999,60,3,1.3899999999999864,0.008106781528649742,0.6666666666666666,0.0032753839005330576,27.333333333333332,-0.0014112666117841455,-0.2400000000000091,0.009518048140433888,576
5,1.8000000000000043,-1.9999999999999991,60,3,1.3899999999999864,0.008106781528649742,0.6666666666666666,0.0032753839005330576,27.333333333333332,-0.0014112666117841455,-0.2400000000000091,0.009518048140433888,577
5,1.8000000000000043,-1.899999999999999,60,3,1.3899999999999864,0.008106781528649742,0.6666666666666666,0.0032753839005330576,27.333333333333332,-0.0014112666117841455,-0.2400000000000091,0.009518048140433888,578
5,1.8000000000000043,-1.799999999999999,60,3,1.3899999999999864,0.008106781528649742,0.6666666666666666,0.0032753839005330576,27.333333333333332,-0.0014112666117841455,-0.2400000000000091,0.009518048140433888,579
5,1.3000000000000043,-3.0,60,8,1.42999999999995,0.007563636129088502,0.75,0.0011343256971401705,8.875,-0.0014112666117841455,-0.2400000000000091,0.008974902740872648,580
5,1.3000000000000043,-2.9,60,8,1.42999999999995,0.007563636129088502,0.75,0.0011343256971401705,8.875,-0.0014112666117841455,-0.2400000000000091,0.008974902740872648,581
5,1.3000000000000043,-2.8,60,8,1.42999999999995,0.007563636129088502,0.75,0.0011343256971401705,8.875,-0.0014112666117841455,-0.2400000000000091,0.008974902740872648,582
5,1.3000000000000043,-2.6999999999999997,60,8,1.42999999999995,0.007563636129088502,0.75,0.0011343256971401705,8.875,-0.0014112666117841455,-0.2400000000000091,0.008974902740872648,583
5,1.3000000000000043,-2.5999999999999996,60,8,1.42999999999995,0.007563636129088502,0.75,0.0011343256971401705,8.875,-0.0014112666117841455,-0.2400000000000091,0.008974902740872648,584
5,1.3000000000000043,-2.4999999999999996,60,8,1.42999999999995,0.007563636129088502,0.75,0.0011343256971401705,8.875,-0.0014112666117841455,-0.2400000000000091,0.008974902740872648,585
5,1.3000000000000043,-2.3999999999999995,60,8,1.42999999999995,0.007563636129088502,0.75,0.0011343256971401705,8.875,-0.0014112666117841455,-0.2400000000000091,0.008974902740872648,586
5,1.3000000000000043,-2.2999999999999994,60,8,1.42999999999995,0.007563636129088502,0.75,0.0011343256971401705,8.875,-0.0014112666117841455,-0.2400000000000091,0.008974902740872648,587
5,1.3000000000000043,-2.1999999999999993,60,8,1.42999999999995,0.007563636129088502,0.75,0.0011343256971401705,8.875,-0.0014112666117841455,-0.2400000000000091,0.008974902740872648,588
5,1.3000000000000043,-2.099999999999999,60,8,1.42999999999995,0.007563636129088502,0.75,0.0011343256971401705,8.875,-0.0014112666117841455,-0.2400000000000091,0.008974902740872648,589
5,1.3000000000000043,-1.9999999999999991,60,8,1.42999999999995,0.007563636129088502,0.75,0.0011343256971401705,8.875,-0.0014112666117841455,-0.2400000000000091,0.008974902740872648,590
5,1.3000000000000043,-1.899999999999999,60,8,1.42999999999995,0.007563636129088502,0.75,0.0011343256971401705,8.875,-0.0014112666117841455,-0.2400000000000091,0.008974902740872648,591
5,1.3000000000000043,-1.799999999999999,60,8,1.42999999999995,0.007563636129088502,0.75,0.0011343256971401705,8.875,-0.0014112666117841455,-0.2400000000000091,0.008974902740872648,592
10,-1.799999999999999,-1.4999999999999987,55,22,1.3899999999999864,0.007110029416889763,0.6363636363636364,0.0003511805697081054,1.5,-0.007654999123473449,-1.3100000000000023,0.014765028540363212,593
10,0.20000000000000284,-1.899999999999999,55,16,1.3400000000000318,0.00690805177692555,0.875,0.000542180054202264,3.375,-0.007654999123473449,-1.3100000000000023,0.014563050900399,594
10,1.7000000000000046,-1.4999999999999987,55,3,1.1399999999999864,0.006684035795541332,0.6666666666666666,0.0023237968207892403,24.333333333333332,-0.007654999123473449,-1.3100000000000023,0.014339034919014781,595
10,1.8000000000000043,-1.4999999999999987,55,3,1.1399999999999864,0.006684035795541332,0.6666666666666666,0.0023237968207892403,24.333333333333332,-0.007654999123473449,-1.3100000000000023,0.014339034919014781,596
22,-2.9,3.0000000000000053,43,1,1.0999999999999943,0.006632499246306933,1.0,0.006632499246306933,4.0,-0.04541877459246779,-8.080000000000013,0.052051273838774725,597
22,-2.8,3.0000000000000053,43,1,1.0999999999999943,0.006632499246306933,1.0,0.006632499246306933,4.0,-0.04541877459246779,-8.080000000000013,0.052051273838774725,598
22,-2.6999999999999997,3.0000000000000053,43,1,1.0999999999999943,0.006632499246306933,1.0,0.006632499246306933,4.0,-0.04541877459246779,-8.080000000000013,0.052051273838774725,599
22,-2.5999999999999996,3.0000000000000053,43,1,1.0999999999999943,0.006632499246306933,1.0,0.006632499246306933,4.0,-0.04541877459246779,-8.080000000000013,0.052051273838774725,600
22,-2.4999999999999996,3.0000000000000053,43,1,1.0999999999999943,0.006632499246306933,1.0,0.006632499246306933,4.0,-0.04541877459246779,-8.080000000000013,0.052051273838774725,601
22,-2.3999999999999995,3.0000000000000053,43,1,1.0999999999999943,0.006632499246306933,1.0,0.006632499246306933,4.0,-0.04541877459246779,-8.080000000000013,0.052051273838774725,602
22,-2.2999999999999994,3.0000000000000053,43,1,1.0999999999999943,0.006632499246306933,1.0,0.006632499246306933,4.0,-0.04541877459246779,-8.080000000000013,0.052051273838774725,603
22,-2.1999999999999993,3.0000000000000053,43,1,1.0999999999999943,0.006632499246306933,1.0,0.006632499246306933,4.0,-0.04541877459246779,-8.080000000000013,0.052051273838774725,604
22,-2.099999999999999,3.0000000000000053,43,1,1.0999999999999943,0.006632499246306933,1.0,0.006632499246306933,4.0,-0.04541877459246779,-8.080000000000013,0.052051273838774725,605
10,-1.899999999999999,2.400000000000005,55,1,1.0999999999999943,0.006632499246306933,1.0,0.006632499246306933,4.0,-0.007654999123473449,-1.3100000000000023,0.014287498369780383,606
10,-1.799999999999999,2.400000000000005,55,1,1.0999999999999943,0.006632499246306933,1.0,0.006632499246306933,4.0,-0.007654999123473449,-1.3100000000000023,0.014287498369780383,607
10,-1.6999999999999988,2.400000000000005,55,1,1.0999999999999943,0.006632499246306933,1.0,0.006632499246306933,4.0,-0.007654999123473449,-1.3100000000000023,0.014287498369780383,608
10,-1.5999999999999988,2.400000000000005,55,1,1.0999999999999943,0.006632499246306933,1.0,0.006632499246306933,4.0,-0.007654999123473449,-1.3100000000000023,0.014287498369780383,609
10,-1.4999999999999987,2.400000000000005,55,1,1.0999999999999943,0.006632499246306933,1.0,0.006632499246306933,4.0,-0.007654999123473449,-1.3100000000000023,0.014287498369780383,610
10,-1.3999999999999986,2.400000000000005,55,1,1.0999999999999943,0.006632499246306933,1.0,0.006632499246306933,4.0,-0.007654999123473449,-1.3100000000000023,0.014287498369780383,611
10,-1.2999999999999985,2.400000000000005,55,1,1.0999999999999943,0.006632499246306933,1.0,0.006632499246306933,4.0,-0.007654999123473449,-1.3100000000000023,0.014287498369780383,612
10,-1.1999999999999984,2.400000000000005,55,1,1.0999999999999943,0.006632499246306933,1.0,0.006632499246306933,4.0,-0.007654999123473449,-1.3100000000000023,0.014287498369780383,613
5,1.400000000000004,-0.799999999999998,60,5,1.1499999999999488,0.006448646661862956,0.8,0.0015898594966781588,11.0,-0.0014112666117841455,-0.2400000000000091,0.007859913273647101,614
5,0.6000000000000032,-1.799999999999999,60,15,1.1399999999999864,0.006397480714486425,0.8666666666666667,0.0005470028300588626,3.8666666666666667,-0.0014112666117841455,-0.2400000000000091,0.007808747326270571,615
5,0.7000000000000033,-1.799999999999999,60,15,1.1399999999999864,0.006397480714486425,0.8666666666666667,0.0005470028300588626,3.8666666666666667,-0.0014112666117841455,-0.2400000000000091,0.007808747326270571,616
5,0.8000000000000034,-1.1999999999999984,60,11,1.129999999999967,0.006144643465290089,0.8181818181818182,0.0007151572733304104,4.363636363636363,-0.0014112666117841455,-0.2400000000000091,0.007555910077074235,617
22,-3.0,-0.699999999999998,43,16,1.0400000000000205,0.006094093298204983,0.5625,0.00039954008086148796,1.375,-0.04541877459246779,-8.080000000000013,0.051512867890672775,618
22,-3.0,-0.5999999999999979,43,16,1.0400000000000205,0.006094093298204983,0.5625,0.00039954008086148796,1.375,-0.04541877459246779,-8.080000000000013,0.051512867890672775,619
10,-3.0,-0.8999999999999981,55,17,1.0500000000000398,0.006066845929516784,0.47058823529411764,0.0003797529973432288,1.3529411764705883,-0.007654999123473449,-1.3100000000000023,0.013721845052990234,620
10,-3.0,-0.799999999999998,55,17,1.0500000000000398,0.006066845929516784,0.47058823529411764,0.0003797529973432288,1.3529411764705883,-0.007654999123473449,-1.3100000000000023,0.013721845052990234,621
10,-2.9,-0.8999999999999981,55,17,1.0500000000000398,0.006066845929516784,0.47058823529411764,0.0003797529973432288,1.3529411764705883,-0.007654999123473449,-1.3100000000000023,0.013721845052990234,622
10,-2.9,-0.799999999999998,55,17,1.0500000000000398,0.006066845929516784,0.47058823529411764,0.0003797529973432288,1.3529411764705883,-0.007654999123473449,-1.3100000000000023,0.013721845052990234,623
10,-2.8,-0.8999999999999981,55,17,1.0500000000000398,0.006066845929516784,0.47058823529411764,0.0003797529973432288,1.3529411764705883,-0.007654999123473449,-1.3100000000000023,0.013721845052990234,624
10,-2.8,-0.799999999999998,55,17,1.0500000000000398,0.006066845929516784,0.47058823529411764,0.0003797529973432288,1.3529411764705883,-0.007654999123473449,-1.3100000000000023,0.013721845052990234,625
10,-2.6999999999999997,-0.8999999999999981,55,17,1.0500000000000398,0.006066845929516784,0.47058823529411764,0.0003797529973432288,1.3529411764705883,-0.007654999123473449,-1.3100000000000023,0.013721845052990234,626
10,-2.6999999999999997,-0.799999999999998,55,17,1.0500000000000398,0.006066845929516784,0.47058823529411764,0.0003797529973432288,1.3529411764705883,-0.007654999123473449,-1.3100000000000023,0.013721845052990234,627
10,-2.5999999999999996,-0.8999999999999981,55,17,1.0500000000000398,0.006066845929516784,0.47058823529411764,0.0003797529973432288,1.3529411764705883,-0.007654999123473449,-1.3100000000000023,0.013721845052990234,628
10,-2.5999999999999996,-0.799999999999998,55,17,1.0500000000000398,0.006066845929516784,0.47058823529411764,0.0003797529973432288,1.3529411764705883,-0.007654999123473449,-1.3100000000000023,0.013721845052990234,629
10,-2.4999999999999996,-0.8999999999999981,55,17,1.0500000000000398,0.006066845929516784,0.47058823529411764,0.0003797529973432288,1.3529411764705883,-0.007654999123473449,-1.3100000000000023,0.013721845052990234,630
10,-2.4999999999999996,-0.799999999999998,55,17,1.0500000000000398,0.006066845929516784,0.47058823529411764,0.0003797529973432288,1.3529411764705883,-0.007654999123473449,-1.3100000000000023,0.013721845052990234,631
10,-2.3999999999999995,-0.8999999999999981,55,17,1.0500000000000398,0.006066845929516784,0.47058823529411764,0.0003797529973432288,1.3529411764705883,-0.007654999123473449,-1.3100000000000023,0.013721845052990234,632
10,-2.3999999999999995,-0.799999999999998,55,17,1.0500000000000398,0.006066845929516784,0.47058823529411764,0.0003797529973432288,1.3529411764705883,-0.007654999123473449,-1.3100000000000023,0.013721845052990234,633
5,1.7000000000000046,-1.1999999999999984,60,3,0.9999999999999716,0.005859725298268392,0.6666666666666666,0.0023889969090774934,25.666666666666668,-0.0014112666117841455,-0.2400000000000091,0.007270991910052538,634
5,1.8000000000000043,-1.1999999999999984,60,3,0.9999999999999716,0.005859725298268392,0.6666666666666666,0.0023889969090774934,25.666666666666668,-0.0014112666117841455,-0.2400000000000091,0.007270991910052538,635
5,1.400000000000004,-1.2999999999999985,60,6,1.139999999999958,0.005839984461348147,0.8333333333333334,0.0012101049369894017,11.666666666666666,-0.0014112666117841455,-0.2400000000000091,0.007251251073132292,636
5,0.8000000000000034,-1.4999999999999987,60,14,1.1099999999999284,0.005806161814813082,0.8571428571428571,0.0005444712918021367,3.7142857142857144,-0.0014112666117841455,-0.2400000000000091,0.007217428426597228,637
5,1.900000000000004,-3.0,60,1,0.9799999999999898,0.005762671998118307,1.0,0.005762671998118307,69.0,-0.0014112666117841455,-0.2400000000000091,0.007173938609902453,638
5,1.900000000000004,-2.9,60,1,0.9799999999999898,0.005762671998118307,1.0,0.005762671998118307,69.0,-0.0014112666117841455,-0.2400000000000091,0.007173938609902453,639
5,1.900000000000004,-2.8,60,1,0.9799999999999898,0.005762671998118307,1.0,0.005762671998118307,69.0,-0.0014112666117841455,-0.2400000000000091,0.007173938609902453,640
5,1.900000000000004,-2.6999999999999997,60,1,0.9799999999999898,0.005762671998118307,1.0,0.005762671998118307,69.0,-0.0014112666117841455,-0.2400000000000091,0.007173938609902453,641
5,1.900000000000004,-2.5999999999999996,60,1,0.9799999999999898,0.005762671998118307,1.0,0.005762671998118307,69.0,-0.0014112666117841455,-0.2400000000000091,0.007173938609902453,642
5,1.900000000000004,-2.4999999999999996,60,1,0.9799999999999898,0.005762671998118307,1.0,0.005762671998118307,69.0,-0.0014112666117841455,-0.2400000000000091,0.007173938609902453,643
5,1.900000000000004,-2.3999999999999995,60,1,0.9799999999999898,0.005762671998118307,1.0,0.005762671998118307,69.0,-0.0014112666117841455,-0.2400000000000091,0.007173938609902453,644
5,1.900000000000004,-2.2999999999999994,60,1,0.9799999999999898,0.005762671998118307,1.0,0.005762671998118307,69.0,-0.0014112666117841455,-0.2400000000000091,0.007173938609902453,645
5,1.900000000000004,-2.1999999999999993,60,1,0.9799999999999898,0.005762671998118307,1.0,0.005762671998118307,69.0,-0.0014112666117841455,-0.2400000000000091,0.007173938609902453,646
5,1.900000000000004,-2.099999999999999,60,1,0.9799999999999898,0.005762671998118307,1.0,0.005762671998118307,69.0,-0.0014112666117841455,-0.2400000000000091,0.007173938609902453,647
5,1.900000000000004,-1.9999999999999991,60,1,0.9799999999999898,0.005762671998118307,1.0,0.005762671998118307,69.0,-0.0014112666117841455,-0.2400000000000091,0.007173938609902453,648
5,1.900000000000004,-1.899999999999999,60,1,0.9799999999999898,0.005762671998118307,1.0,0.005762671998118307,69.0,-0.0014112666117841455,-0.2400000000000091,0.007173938609902453,649
5,1.900000000000004,-1.799999999999999,60,1,0.9799999999999898,0.005762671998118307,1.0,0.005762671998118307,69.0,-0.0014112666117841455,-0.2400000000000091,0.007173938609902453,650
5,-1.3999999999999986,-1.3999999999999986,60,26,1.1499999999999488,0.00575358041959273,0.5384615384615384,0.0002637101331956877,1.6153846153846154,-0.0014112666117841455,-0.2400000000000091,0.007164847031376875,651
10,1.3000000000000043,-1.9999999999999991,55,9,1.129999999999967,0.005720247736827666,0.7777777777777778,0.0007922609151144547,6.888888888888889,-0.007654999123473449,-1.3100000000000023,0.013375246860301115,652
5,1.7000000000000046,-1.0999999999999983,60,3,0.9699999999999989,0.005684427332897535,0.6666666666666666,0.002328933484666562,25.333333333333332,-0.0014112666117841455,-0.2400000000000091,0.00709569394468168,653
5,1.8000000000000043,-1.0999999999999983,60,3,0.9699999999999989,0.005684427332897535,0.6666666666666666,0.002328933484666562,25.333333333333332,-0.0014112666117841455,-0.2400000000000091,0.00709569394468168,654
22,-3.0,-1.0999999999999983,43,19,0.910000000000025,0.005403979077333698,0.5263157894736842,0.00030363106112419355,1.3157894736842106,-0.04541877459246779,-8.080000000000013,0.05082275366980149,655
5,1.400000000000004,-0.699999999999998,60,5,0.9599999999999511,0.005373743666552411,0.8,0.001374982254324797,10.0,-0.0014112666117841455,-0.2400000000000091,0.006785010278336556,656
5,-1.3999999999999986,-1.4999999999999987,60,26,1.0699999999999363,0.005362966678465586,0.6153846153846154,0.0002470451630389853,1.5384615384615385,-0.0014112666117841455,-0.2400000000000091,0.0067742332902497315,657
5,0.400000000000003,-3.0,60,19,1.0599999999999454,0.005315399194450565,0.7894736842105263,0.0003701777457289881,2.789473684210526,-0.0014112666117841455,-0.2400000000000091,0.006726665806234711,658
5,0.400000000000003,-2.9,60,19,1.0599999999999454,0.005315399194450565,0.7894736842105263,0.0003701777457289881,2.789473684210526,-0.0014112666117841455,-0.2400000000000091,0.006726665806234711,659
5,0.400000000000003,-2.8,60,19,1.0599999999999454,0.005315399194450565,0.7894736842105263,0.0003701777457289881,2.789473684210526,-0.0014112666117841455,-0.2400000000000091,0.006726665806234711,660
5,0.400000000000003,-2.6999999999999997,60,19,1.0599999999999454,0.005315399194450565,0.7894736842105263,0.0003701777457289881,2.789473684210526,-0.0014112666117841455,-0.2400000000000091,0.006726665806234711,661
5,0.400000000000003,-2.5999999999999996,60,19,1.0599999999999454,0.005315399194450565,0.7894736842105263,0.0003701777457289881,2.789473684210526,-0.0014112666117841455,-0.2400000000000091,0.006726665806234711,662
5,0.400000000000003,-2.4999999999999996,60,19,1.0599999999999454,0.005315399194450565,0.7894736842105263,0.0003701777457289881,2.789473684210526,-0.0014112666117841455,-0.2400000000000091,0.006726665806234711,663
5,0.400000000000003,-2.3999999999999995,60,19,1.0599999999999454,0.005315399194450565,0.7894736842105263,0.0003701777457289881,2.789473684210526,-0.0014112666117841455,-0.2400000000000091,0.006726665806234711,664
5,0.400000000000003,-2.2999999999999994,60,19,1.0599999999999454,0.005315399194450565,0.7894736842105263,0.0003701777457289881,2.789473684210526,-0.0014112666117841455,-0.2400000000000091,0.006726665806234711,665
5,0.400000000000003,-2.1999999999999993,60,19,1.0599999999999454,0.005315399194450565,0.7894736842105263,0.0003701777457289881,2.789473684210526,-0.0014112666117841455,-0.2400000000000091,0.006726665806234711,666
5,0.400000000000003,-2.099999999999999,60,19,1.0599999999999454,0.005315399194450565,0.7894736842105263,0.0003701777457289881,2.789473684210526,-0.0014112666117841455,-0.2400000000000091,0.006726665806234711,667
5,0.400000000000003,-1.9999999999999991,60,19,1.0599999999999454,0.005315399194450565,0.7894736842105263,0.0003701777457289881,2.789473684210526,-0.0014112666117841455,-0.2400000000000091,0.006726665806234711,668
5,1.7000000000000046,-0.9999999999999982,60,3,0.8999999999999773,0.005288288061537916,0.6666666666666666,0.0022025117218569625,25.0,-0.0014112666117841455,-0.2400000000000091,0.006699554673322061,669
5,1.7000000000000046,-0.8999999999999981,60,3,0.8999999999999773,0.005288288061537916,0.6666666666666666,0.0022025117218569625,25.0,-0.0014112666117841455,-0.2400000000000091,0.006699554673322061,670
5,1.8000000000000043,-0.9999999999999982,60,3,0.8999999999999773,0.005288288061537916,0.6666666666666666,0.0022025117218569625,25.0,-0.0014112666117841455,-0.2400000000000091,0.006699554673322061,671
5,1.8000000000000043,-0.8999999999999981,60,3,0.8999999999999773,0.005288288061537916,0.6666666666666666,0.0022025117218569625,25.0,-0.0014112666117841455,-0.2400000000000091,0.006699554673322061,672
22,0.6000000000000032,-0.699999999999998,43,5,0.8899999999999864,0.005235161976821834,0.8,0.0011546239859258512,8.4,-0.04541877459246779,-8.080000000000013,0.050653936569289626,673
22,0.6000000000000032,-0.5999999999999979,43,5,0.8899999999999864,0.005235161976821834,0.8,0.0011546239859258512,8.4,-0.04541877459246779,-8.080000000000013,0.050653936569289626,674
5,1.400000000000004,-1.3999999999999986,60,6,1.0299999999999727,0.005184364656354079,0.8333333333333334,0.0010999298859418378,11.833333333333334,-0.0014112666117841455,-0.2400000000000091,0.0065956312681382245,675
10,-1.799999999999999,-1.1999999999999984,55,19,1.0300000000000011,0.004871863133169008,0.631578947368421,0.000290319313130873,1.4736842105263157,-0.007654999123473449,-1.3100000000000023,0.012526862256642457,676
10,-1.799999999999999,-0.9999999999999982,55,17,0.9599999999999795,0.00484266415104373,0.5882352941176471,0.00032368234283213355,1.5294117647058822,-0.007654999123473449,-1.3100000000000023,0.012497663274517179,677
5,-1.899999999999999,-1.799999999999999,60,28,0.7699999999999534,0.004842134404674958,0.5714285714285714,0.00019087182158000364,1.4285714285714286,-0.0014112666117841455,-0.2400000000000091,0.006253401016459104,678
5,-1.799999999999999,-1.799999999999999,60,28,0.7699999999999534,0.004842134404674958,0.5714285714285714,0.00019087182158000364,1.4285714285714286,-0.0014112666117841455,-0.2400000000000091,0.006253401016459104,679
5,-1.6999999999999988,-1.799999999999999,60,28,0.7699999999999534,0.004842134404674958,0.5714285714285714,0.00019087182158000364,1.4285714285714286,-0.0014112666117841455,-0.2400000000000091,0.006253401016459104,680
10,-1.799999999999999,-2.3999999999999995,55,25,0.9799999999999613,0.004717757214275586,0.56,0.00021617943410570106,1.64,-0.007654999123473449,-1.3100000000000023,0.012372756337749036,681
10,-1.799999999999999,-2.2999999999999994,55,25,0.9799999999999613,0.004717757214275586,0.56,0.00021617943410570106,1.64,-0.007654999123473449,-1.3100000000000023,0.012372756337749036,682
10,-1.799999999999999,-2.1999999999999993,55,25,0.9799999999999613,0.004717757214275586,0.56,0.00021617943410570106,1.64,-0.007654999123473449,-1.3100000000000023,0.012372756337749036,683
10,-1.799999999999999,-2.099999999999999,55,25,0.9799999999999613,0.004717757214275586,0.56,0.00021617943410570106,1.64,-0.007654999123473449,-1.3100000000000023,0.012372756337749036,684
10,-1.799999999999999,-1.9999999999999991,55,25,0.9799999999999613,0.004717757214275586,0.56,0.00021617943410570106,1.64,-0.007654999123473449,-1.3100000000000023,0.012372756337749036,685
10,1.7000000000000046,-1.3999999999999986,55,3,0.789999999999992,0.004599187200698518,0.6666666666666666,0.0016236785243745795,23.0,-0.007654999123473449,-1.3100000000000023,0.012254186324171967,686
10,1.7000000000000046,-1.2999999999999985,55,3,0.789999999999992,0.004599187200698518,0.6666666666666666,0.0016236785243745795,23.0,-0.007654999123473449,-1.3100000000000023,0.012254186324171967,687
10,1.7000000000000046,-1.1999999999999984,55,3,0.789999999999992,0.004599187200698518,0.6666666666666666,0.0016236785243745795,23.0,-0.007654999123473449,-1.3100000000000023,0.012254186324171967,688
10,1.7000000000000046,-1.0999999999999983,55,3,0.789999999999992,0.004599187200698518,0.6666666666666666,0.0016236785243745795,23.0,-0.007654999123473449,-1.3100000000000023,0.012254186324171967,689
10,1.8000000000000043,-1.3999999999999986,55,3,0.789999999999992,0.004599187200698518,0.6666666666666666,0.0016236785243745795,23.0,-0.007654999123473449,-1.3100000000000023,0.012254186324171967,690
10,1.8000000000000043,-1.2999999999999985,55,3,0.789999999999992,0.004599187200698518,0.6666666666666666,0.0016236785243745795,23.0,-0.007654999123473449,-1.3100000000000023,0.012254186324171967,691
10,1.8000000000000043,-1.1999999999999984,55,3,0.789999999999992,0.004599187200698518,0.6666666666666666,0.0016236785243745795,23.0,-0.007654999123473449,-1.3100000000000023,0.012254186324171967,692
10,1.8000000000000043,-1.0999999999999983,55,3,0.789999999999992,0.004599187200698518,0.6666666666666666,0.0016236785243745795,23.0,-0.007654999123473449,-1.3100000000000023,0.012254186324171967,693
10,-1.0999999999999983,-3.0,55,23,0.8799999999999955,0.004598147179114109,0.6956521739130435,0.0002769947564036561,1.8695652173913044,-0.007654999123473449,-1.3100000000000023,0.012253146302587559,694
10,-1.0999999999999983,-2.9,55,23,0.8799999999999955,0.004598147179114109,0.6956521739130435,0.0002769947564036561,1.8695652173913044,-0.007654999123473449,-1.3100000000000023,0.012253146302587559,695
10,-1.0999999999999983,-2.8,55,23,0.8799999999999955,0.004598147179114109,0.6956521739130435,0.0002769947564036561,1.8695652173913044,-0.007654999123473449,-1.3100000000000023,0.012253146302587559,696
10,-1.0999999999999983,-2.6999999999999997,55,23,0.8799999999999955,0.004598147179114109,0.6956521739130435,0.0002769947564036561,1.8695652173913044,-0.007654999123473449,-1.3100000000000023,0.012253146302587559,697
10,-1.0999999999999983,-2.5999999999999996,55,23,0.8799999999999955,0.004598147179114109,0.6956521739130435,0.0002769947564036561,1.8695652173913044,-0.007654999123473449,-1.3100000000000023,0.012253146302587559,698
10,-1.0999999999999983,-2.4999999999999996,55,23,0.8799999999999955,0.004598147179114109,0.6956521739130435,0.0002769947564036561,1.8695652173913044,-0.007654999123473449,-1.3100000000000023,0.012253146302587559,699
10,-1.0999999999999983,-2.3999999999999995,55,23,0.8799999999999955,0.004598147179114109,0.6956521739130435,0.0002769947564036561,1.8695652173913044,-0.007654999123473449,-1.3100000000000023,0.012253146302587559,700
10,-1.0999999999999983,-2.2999999999999994,55,23,0.8799999999999955,0.004598147179114109,0.6956521739130435,0.0002769947564036561,1.8695652173913044,-0.007654999123473449,-1.3100000000000023,0.012253146302587559,701
10,-1.0999999999999983,-2.1999999999999993,55,23,0.8799999999999955,0.004598147179114109,0.6956521739130435,0.0002769947564036561,1.8695652173913044,-0.007654999123473449,-1.3100000000000023,0.012253146302587559,702
10,-1.0999999999999983,-2.099999999999999,55,23,0.8799999999999955,0.004598147179114109,0.6956521739130435,0.0002769947564036561,1.8695652173913044,-0.007654999123473449,-1.3100000000000023,0.012253146302587559,703
22,0.6000000000000032,-1.2999999999999985,43,8,0.7800000000000011,0.004466694663551873,0.625,0.0006281786435897579,6.0,-0.04541877459246779,-8.080000000000013,0.049885469256019666,704
22,0.6000000000000032,-1.1999999999999984,43,8,0.7800000000000011,0.004466694663551873,0.625,0.0006281786435897579,6.0,-0.04541877459246779,-8.080000000000013,0.049885469256019666,705
22,-1.4999999999999987,3.0000000000000053,43,1,0.7400000000000091,0.004461863129333832,1.0,0.004461863129333832,8.0,-0.04541877459246779,-8.080000000000013,0.049880637721801624,706
22,-1.3999999999999986,3.0000000000000053,43,1,0.7400000000000091,0.004461863129333832,1.0,0.004461863129333832,8.0,-0.04541877459246779,-8.080000000000013,0.049880637721801624,707
22,-1.2999999999999985,3.0000000000000053,43,1,0.7400000000000091,0.004461863129333832,1.0,0.004461863129333832,8.0,-0.04541877459246779,-8.080000000000013,0.049880637721801624,708
10,-0.699999999999998,2.400000000000005,55,1,0.7400000000000091,0.004461863129333832,1.0,0.004461863129333832,8.0,-0.007654999123473449,-1.3100000000000023,0.012116862252807281,709
10,-0.5999999999999979,2.400000000000005,55,1,0.7400000000000091,0.004461863129333832,1.0,0.004461863129333832,8.0,-0.007654999123473449,-1.3100000000000023,0.012116862252807281,710
10,-0.4999999999999978,2.400000000000005,55,1,0.7400000000000091,0.004461863129333832,1.0,0.004461863129333832,8.0,-0.007654999123473449,-1.3100000000000023,0.012116862252807281,711
22,-1.1999999999999984,3.0000000000000053,43,1,0.7300000000000182,0.004401567681640239,1.0,0.004401567681640239,11.0,-0.04541877459246779,-8.080000000000013,0.04982034227410803,712
10,-0.3999999999999977,2.400000000000005,55,1,0.7300000000000182,0.004401567681640239,1.0,0.004401567681640239,11.0,-0.007654999123473449,-1.3100000000000023,0.012056566805113689,713
10,1.400000000000004,-1.4999999999999987,55,8,0.7699999999999818,0.004317669268255164,0.875,0.0008230454371350865,7.25,-0.007654999123473449,-1.3100000000000023,0.011972668391728614,714
5,-3.0,1.7000000000000046,60,4,0.7399999999999807,0.004135110750734139,0.5,0.0010571840280932387,1.5,-0.0014112666117841455,-0.2400000000000091,0.005546377362518284,715
5,-3.0,1.8000000000000043,60,4,0.7399999999999807,0.004135110750734139,0.5,0.0010571840280932387,1.5,-0.0014112666117841455,-0.2400000000000091,0.005546377362518284,716
5,-2.9,1.7000000000000046,60,4,0.7399999999999807,0.004135110750734139,0.5,0.0010571840280932387,1.5,-0.0014112666117841455,-0.2400000000000091,0.005546377362518284,717
5,-2.9,1.8000000000000043,60,4,0.7399999999999807,0.004135110750734139,0.5,0.0010571840280932387,1.5,-0.0014112666117841455,-0.2400000000000091,0.005546377362518284,718
5,-2.8,1.7000000000000046,60,4,0.7399999999999807,0.004135110750734139,0.5,0.0010571840280932387,1.5,-0.0014112666117841455,-0.2400000000000091,0.005546377362518284,719
5,-2.8,1.8000000000000043,60,4,0.7399999999999807,0.004135110750734139,0.5,0.0010571840280932387,1.5,-0.0014112666117841455,-0.2400000000000091,0.005546377362518284,720
5,-2.6999999999999997,1.7000000000000046,60,4,0.7399999999999807,0.004135110750734139,0.5,0.0010571840280932387,1.5,-0.0014112666117841455,-0.2400000000000091,0.005546377362518284,721
5,-2.6999999999999997,1.8000000000000043,60,4,0.7399999999999807,0.004135110750734139,0.5,0.0010571840280932387,1.5,-0.0014112666117841455,-0.2400000000000091,0.005546377362518284,722
5,-2.5999999999999996,1.7000000000000046,60,4,0.7399999999999807,0.004135110750734139,0.5,0.0010571840280932387,1.5,-0.0014112666117841455,-0.2400000000000091,0.005546377362518284,723
5,-2.5999999999999996,1.8000000000000043,60,4,0.7399999999999807,0.004135110750734139,0.5,0.0010571840280932387,1.5,-0.0014112666117841455,-0.2400000000000091,0.005546377362518284,724
5,-2.4999999999999996,1.7000000000000046,60,4,0.7399999999999807,0.004135110750734139,0.5,0.0010571840280932387,1.5,-0.0014112666117841455,-0.2400000000000091,0.005546377362518284,725
5,-2.4999999999999996,1.8000000000000043,60,4,0.7399999999999807,0.004135110750734139,0.5,0.0010571840280932387,1.5,-0.0014112666117841455,-0.2400000000000091,0.005546377362518284,726
5,-2.3999999999999995,1.7000000000000046,60,4,0.7399999999999807,0.004135110750734139,0.5,0.0010571840280932387,1.5,-0.0014112666117841455,-0.2400000000000091,0.005546377362518284,727
5,-2.3999999999999995,1.8000000000000043,60,4,0.7399999999999807,0.004135110750734139,0.5,0.0010571840280932387,1.5,-0.0014112666117841455,-0.2400000000000091,0.005546377362518284,728
5,-2.2999999999999994,1.7000000000000046,60,4,0.7399999999999807,0.004135110750734139,0.5,0.0010571840280932387,1.5,-0.0014112666117841455,-0.2400000000000091,0.005546377362518284,729
5,-2.2999999999999994,1.8000000000000043,60,4,0.7399999999999807,0.004135110750734139,0.5,0.0010571840280932387,1.5,-0.0014112666117841455,-0.2400000000000091,0.005546377362518284,730
5,-2.1999999999999993,1.7000000000000046,60,4,0.7399999999999807,0.004135110750734139,0.5,0.0010571840280932387,1.5,-0.0014112666117841455,-0.2400000000000091,0.005546377362518284,731
5,-2.1999999999999993,1.8000000000000043,60,4,0.7399999999999807,0.004135110750734139,0.5,0.0010571840280932387,1.5,-0.0014112666117841455,-0.2400000000000091,0.005546377362518284,732
5,-2.099999999999999,1.7000000000000046,60,4,0.7399999999999807,0.004135110750734139,0.5,0.0010571840280932387,1.5,-0.0014112666117841455,-0.2400000000000091,0.005546377362518284,733
5,-2.099999999999999,1.8000000000000043,60,4,0.7399999999999807,0.004135110750734139,0.5,0.0010571840280932387,1.5,-0.0014112666117841455,-0.2400000000000091,0.005546377362518284,734
5,-1.9999999999999991,1.7000000000000046,60,4,0.7399999999999807,0.004135110750734139,0.5,0.0010571840280932387,1.5,-0.0014112666117841455,-0.2400000000000091,0.005546377362518284,735
5,-1.9999999999999991,1.8000000000000043,60,4,0.7399999999999807,0.004135110750734139,0.5,0.0010571840280932387,1.5,-0.0014112666117841455,-0.2400000000000091,0.005546377362518284,736
5,-1.899999999999999,1.7000000000000046,60,4,0.7399999999999807,0.004135110750734139,0.5,0.0010571840280932387,1.5,-0.0014112666117841455,-0.2400000000000091,0.005546377362518284,737
5,-1.899999999999999,1.8000000000000043,60,4,0.7399999999999807,0.004135110750734139,0.5,0.0010571840280932387,1.5,-0.0014112666117841455,-0.2400000000000091,0.005546377362518284,738
5,-1.799999999999999,1.7000000000000046,60,4,0.7399999999999807,0.004135110750734139,0.5,0.0010571840280932387,1.5,-0.0014112666117841455,-0.2400000000000091,0.005546377362518284,739
5,-1.799999999999999,1.8000000000000043,60,4,0.7399999999999807,0.004135110750734139,0.5,0.0010571840280932387,1.5,-0.0014112666117841455,-0.2400000000000091,0.005546377362518284,740
5,-1.6999999999999988,1.7000000000000046,60,4,0.7399999999999807,0.004135110750734139,0.5,0.0010571840280932387,1.5,-0.0014112666117841455,-0.2400000000000091,0.005546377362518284,741
5,-1.6999999999999988,1.8000000000000043,60,4,0.7399999999999807,0.004135110750734139,0.5,0.0010571840280932387,1.5,-0.0014112666117841455,-0.2400000000000091,0.005546377362518284,742
10,1.600000000000004,-1.4999999999999987,55,4,0.6799999999999784,0.004040312020330283,0.75,0.0013074666964200954,17.75,-0.007654999123473449,-1.3100000000000023,0.011695311143803733,743
10,1.2000000000000037,-1.9999999999999991,55,10,0.8199999999999648,0.00395232442070359,0.8,0.0005348474981205608,5.9,-0.007654999123473449,-1.3100000000000023,0.01160732354417704,744
5,1.3000000000000043,-1.1999999999999984,60,6,0.7999999999999545,0.003852098540835902,0.6666666666666666,0.000878542588439076,11.166666666666666,-0.0014112666117841455,-0.2400000000000091,0.0052633651526200476,745
5,1.3000000000000043,-1.0999999999999983,60,6,0.7699999999999818,0.003677150458134548,0.6666666666666666,0.0008490593621266843,11.0,-0.0014112666117841455,-0.2400000000000091,0.005088417069918694,746
5,1.900000000000004,-0.799999999999998,60,1,0.6099999999999852,0.0035791820688844123,1.0,0.0035791820688844123,63.0,-0.0014112666117841455,-0.2400000000000091,0.004990448680668558,747
5,1.900000000000004,-0.699999999999998,60,1,0.6099999999999852,0.0035791820688844123,1.0,0.0035791820688844123,63.0,-0.0014112666117841455,-0.2400000000000091,0.004990448680668558,748
5,1.900000000000004,-0.5999999999999979,60,1,0.6099999999999852,0.0035791820688844123,1.0,0.0035791820688844123,63.0,-0.0014112666117841455,-0.2400000000000091,0.004990448680668558,749
5,1.900000000000004,-0.4999999999999978,60,1,0.6099999999999852,0.0035791820688844123,1.0,0.0035791820688844123,63.0,-0.0014112666117841455,-0.2400000000000091,0.004990448680668558,750
5,1.900000000000004,-0.3999999999999977,60,1,0.6099999999999852,0.0035791820688844123,1.0,0.0035791820688844123,63.0,-0.0014112666117841455,-0.2400000000000091,0.004990448680668558,751
5,1.900000000000004,-0.2999999999999976,60,1,0.6099999999999852,0.0035791820688844123,1.0,0.0035791820688844123,63.0,-0.0014112666117841455,-0.2400000000000091,0.004990448680668558,752
5,1.900000000000004,-0.1999999999999975,60,1,0.6099999999999852,0.0035791820688844123,1.0,0.0035791820688844123,63.0,-0.0014112666117841455,-0.2400000000000091,0.004990448680668558,753
5,1.900000000000004,-0.09999999999999742,60,1,0.6099999999999852,0.0035791820688844123,1.0,0.0035791820688844123,63.0,-0.0014112666117841455,-0.2400000000000091,0.004990448680668558,754
5,1.900000000000004,2.6645352591003757e-15,60,1,0.6099999999999852,0.0035791820688844123,1.0,0.0035791820688844123,63.0,-0.0014112666117841455,-0.2400000000000091,0.004990448680668558,755
5,1.900000000000004,0.10000000000000275,60,1,0.6099999999999852,0.0035791820688844123,1.0,0.0035791820688844123,63.0,-0.0014112666117841455,-0.2400000000000091,0.004990448680668558,756
5,1.900000000000004,0.20000000000000284,60,1,0.6099999999999852,0.0035791820688844123,1.0,0.0035791820688844123,63.0,-0.0014112666117841455,-0.2400000000000091,0.004990448680668558,757
5,1.900000000000004,0.30000000000000293,60,1,0.6099999999999852,0.0035791820688844123,1.0,0.0035791820688844123,63.0,-0.0014112666117841455,-0.2400000000000091,0.004990448680668558,758
5,1.900000000000004,0.400000000000003,60,1,0.6099999999999852,0.0035791820688844123,1.0,0.0035791820688844123,63.0,-0.0014112666117841455,-0.2400000000000091,0.004990448680668558,759
5,1.900000000000004,0.5000000000000031,60,1,0.6099999999999852,0.0035791820688844123,1.0,0.0035791820688844123,63.0,-0.0014112666117841455,-0.2400000000000091,0.004990448680668558,760
5,1.900000000000004,0.6000000000000032,60,1,0.6099999999999852,0.0035791820688844123,1.0,0.0035791820688844123,63.0,-0.0014112666117841455,-0.2400000000000091,0.004990448680668558,761
5,1.900000000000004,0.7000000000000033,60,1,0.6099999999999852,0.0035791820688844123,1.0,0.0035791820688844123,63.0,-0.0014112666117841455,-0.2400000000000091,0.004990448680668558,762
5,1.900000000000004,0.8000000000000034,60,1,0.6099999999999852,0.0035791820688844123,1.0,0.0035791820688844123,63.0,-0.0014112666117841455,-0.2400000000000091,0.004990448680668558,763
5,1.900000000000004,0.9000000000000035,60,1,0.6099999999999852,0.0035791820688844123,1.0,0.0035791820688844123,63.0,-0.0014112666117841455,-0.2400000000000091,0.004990448680668558,764
22,0.6000000000000032,-0.799999999999998,43,5,0.549999999999983,0.0033076864801371286,0.8,0.0007694897066756079,8.6,-0.04541877459246779,-8.080000000000013,0.04872646107260492,765
10,1.7000000000000046,-0.9999999999999982,55,3,0.5699999999999932,0.0032931251442975817,0.6666666666666666,0.0011850865114096203,22.666666666666668,-0.007654999123473449,-1.3100000000000023,0.010948124267771031,766
10,1.8000000000000043,-0.9999999999999982,55,3,0.5699999999999932,0.0032931251442975817,0.6666666666666666,0.0011850865114096203,22.666666666666668,-0.007654999123473449,-1.3100000000000023,0.010948124267771031,767
5,1.3000000000000043,-0.9999999999999982,60,6,0.6999999999999602,0.0032818018534861437,0.6666666666666666,0.0007829917214067598,10.833333333333334,-0.0014112666117841455,-0.2400000000000091,0.004693068465270289,768
5,1.3000000000000043,-0.8999999999999981,60,6,0.6999999999999602,0.0032818018534861437,0.6666666666666666,0.0007829917214067598,10.833333333333334,-0.0014112666117841455,-0.2400000000000091,0.004693068465270289,769
10,-0.8999999999999981,-2.3999999999999995,55,21,0.5999999999999943,0.0030127657998011426,0.7619047619047619,0.00022836695086135892,2.0952380952380953,-0.007654999123473449,-1.3100000000000023,0.010667764923274592,770
10,-0.8999999999999981,-2.2999999999999994,55,21,0.5999999999999943,0.0030127657998011426,0.7619047619047619,0.00022836695086135892,2.0952380952380953,-0.007654999123473449,-1.3100000000000023,0.010667764923274592,771
10,-0.8999999999999981,-2.1999999999999993,55,21,0.5999999999999943,0.0030127657998011426,0.7619047619047619,0.00022836695086135892,2.0952380952380953,-0.007654999123473449,-1.3100000000000023,0.010667764923274592,772
10,-0.8999999999999981,-2.099999999999999,55,21,0.5999999999999943,0.0030127657998011426,0.7619047619047619,0.00022836695086135892,2.0952380952380953,-0.007654999123473449,-1.3100000000000023,0.010667764923274592,773
10,-0.799999999999998,-2.3999999999999995,55,21,0.5999999999999943,0.0030127657998011426,0.7619047619047619,0.00022836695086135892,2.0952380952380953,-0.007654999123473449,-1.3100000000000023,0.010667764923274592,774
10,-0.799999999999998,-2.2999999999999994,55,21,0.5999999999999943,0.0030127657998011426,0.7619047619047619,0.00022836695086135892,2.0952380952380953,-0.007654999123473449,-1.3100000000000023,0.010667764923274592,775
10,-0.799999999999998,-2.1999999999999993,55,21,0.5999999999999943,0.0030127657998011426,0.7619047619047619,0.00022836695086135892,2.0952380952380953,-0.007654999123473449,-1.3100000000000023,0.010667764923274592,776
10,-0.799999999999998,-2.099999999999999,55,21,0.5999999999999943,0.0030127657998011426,0.7619047619047619,0.00022836695086135892,2.0952380952380953,-0.007654999123473449,-1.3100000000000023,0.010667764923274592,777
22,0.9000000000000035,-0.3999999999999977,43,3,0.5099999999999625,0.0029870190004113173,0.6666666666666666,0.0011914342070069954,14.333333333333334,-0.04541877459246779,-8.080000000000013,0.04840579359287911,778
22,1.0000000000000036,-0.3999999999999977,43,3,0.5099999999999625,0.0029870190004113173,0.6666666666666666,0.0011914342070069954,14.333333333333334,-0.04541877459246779,-8.080000000000013,0.04840579359287911,779
5,0.9000000000000035,-1.799999999999999,60,14,0.5799999999999841,0.002855338053505907,0.8571428571428571,0.0003297010076420137,4.0,-0.0014112666117841455,-0.2400000000000091,0.0042666046652900524,780
5,-3.0,-0.9999999999999982,60,22,0.5800000000000693,0.002839437751507967,0.5454545454545454,0.00014849597429314717,1.2727272727272727,-0.0014112666117841455,-0.2400000000000091,0.004250704363292113,781
5,-3.0,-0.8999999999999981,60,22,0.5800000000000693,0.002839437751507967,0.5454545454545454,0.00014849597429314717,1.2727272727272727,-0.0014112666117841455,-0.2400000000000091,0.004250704363292113,782
5,-2.9,-0.9999999999999982,60,22,0.5800000000000693,0.002839437751507967,0.5454545454545454,0.00014849597429314717,1.2727272727272727,-0.0014112666117841455,-0.2400000000000091,0.004250704363292113,783
5,-2.9,-0.8999999999999981,60,22,0.5800000000000693,0.002839437751507967,0.5454545454545454,0.00014849597429314717,1.2727272727272727,-0.0014112666117841455,-0.2400000000000091,0.004250704363292113,784
5,-2.8,-0.9999999999999982,60,22,0.5800000000000693,0.002839437751507967,0.5454545454545454,0.00014849597429314717,1.2727272727272727,-0.0014112666117841455,-0.2400000000000091,0.004250704363292113,785
5,-2.8,-0.8999999999999981,60,22,0.5800000000000693,0.002839437751507967,0.5454545454545454,0.00014849597429314717,1.2727272727272727,-0.0014112666117841455,-0.2400000000000091,0.004250704363292113,786
5,-2.6999999999999997,-0.9999999999999982,60,22,0.5800000000000693,0.002839437751507967,0.5454545454545454,0.00014849597429314717,1.2727272727272727,-0.0014112666117841455,-0.2400000000000091,0.004250704363292113,787
5,-2.6999999999999997,-0.8999999999999981,60,22,0.5800000000000693,0.002839437751507967,0.5454545454545454,0.00014849597429314717,1.2727272727272727,-0.0014112666117841455,-0.2400000000000091,0.004250704363292113,788
5,-2.5999999999999996,-0.9999999999999982,60,22,0.5800000000000693,0.002839437751507967,0.5454545454545454,0.00014849597429314717,1.2727272727272727,-0.0014112666117841455,-0.2400000000000091,0.004250704363292113,789
5,-2.5999999999999996,-0.8999999999999981,60,22,0.5800000000000693,0.002839437751507967,0.5454545454545454,0.00014849597429314717,1.2727272727272727,-0.0014112666117841455,-0.2400000000000091,0.004250704363292113,790
5,-2.4999999999999996,-0.9999999999999982,60,22,0.5800000000000693,0.002839437751507967,0.5454545454545454,0.00014849597429314717,1.2727272727272727,-0.0014112666117841455,-0.2400000000000091,0.004250704363292113,791
5,-2.4999999999999996,-0.8999999999999981,60,22,0.5800000000000693,0.002839437751507967,0.5454545454545454,0.00014849597429314717,1.2727272727272727,-0.0014112666117841455,-0.2400000000000091,0.004250704363292113,792
5,-2.3999999999999995,-0.9999999999999982,60,22,0.5800000000000693,0.002839437751507967,0.5454545454545454,0.00014849597429314717,1.2727272727272727,-0.0014112666117841455,-0.2400000000000091,0.004250704363292113,793
5,-2.3999999999999995,-0.8999999999999981,60,22,0.5800000000000693,0.002839437751507967,0.5454545454545454,0.00014849597429314717,1.2727272727272727,-0.0014112666117841455,-0.2400000000000091,0.004250704363292113,794
5,-2.2999999999999994,-0.9999999999999982,60,22,0.5800000000000693,0.002839437751507967,0.5454545454545454,0.00014849597429314717,1.2727272727272727,-0.0014112666117841455,-0.2400000000000091,0.004250704363292113,795
5,-2.2999999999999994,-0.8999999999999981,60,22,0.5800000000000693,0.002839437751507967,0.5454545454545454,0.00014849597429314717,1.2727272727272727,-0.0014112666117841455,-0.2400000000000091,0.004250704363292113,796
5,-2.1999999999999993,-0.9999999999999982,60,22,0.5800000000000693,0.002839437751507967,0.5454545454545454,0.00014849597429314717,1.2727272727272727,-0.0014112666117841455,-0.2400000000000091,0.004250704363292113,797
5,-2.1999999999999993,-0.8999999999999981,60,22,0.5800000000000693,0.002839437751507967,0.5454545454545454,0.00014849597429314717,1.2727272727272727,-0.0014112666117841455,-0.2400000000000091,0.004250704363292113,798
5,-2.099999999999999,-0.9999999999999982,60,22,0.5800000000000693,0.002839437751507967,0.5454545454545454,0.00014849597429314717,1.2727272727272727,-0.0014112666117841455,-0.2400000000000091,0.004250704363292113,799
5,-2.099999999999999,-0.8999999999999981,60,22,0.5800000000000693,0.002839437751507967,0.5454545454545454,0.00014849597429314717,1.2727272727272727,-0.0014112666117841455,-0.2400000000000091,0.004250704363292113,800
5,-1.9999999999999991,-0.9999999999999982,60,22,0.5800000000000693,0.002839437751507967,0.5454545454545454,0.00014849597429314717,1.2727272727272727,-0.0014112666117841455,-0.2400000000000091,0.004250704363292113,801
5,-1.9999999999999991,-0.8999999999999981,60,22,0.5800000000000693,0.002839437751507967,0.5454545454545454,0.00014849597429314717,1.2727272727272727,-0.0014112666117841455,-0.2400000000000091,0.004250704363292113,802
5,-1.899999999999999,-0.9999999999999982,60,22,0.5800000000000693,0.002839437751507967,0.5454545454545454,0.00014849597429314717,1.2727272727272727,-0.0014112666117841455,-0.2400000000000091,0.004250704363292113,803
5,-1.899999999999999,-0.8999999999999981,60,22,0.5800000000000693,0.002839437751507967,0.5454545454545454,0.00014849597429314717,1.2727272727272727,-0.0014112666117841455,-0.2400000000000091,0.004250704363292113,804
5,-1.799999999999999,-0.9999999999999982,60,22,0.5800000000000693,0.002839437751507967,0.5454545454545454,0.00014849597429314717,1.2727272727272727,-0.0014112666117841455,-0.2400000000000091,0.004250704363292113,805
5,-1.799999999999999,-0.8999999999999981,60,22,0.5800000000000693,0.002839437751507967,0.5454545454545454,0.00014849597429314717,1.2727272727272727,-0.0014112666117841455,-0.2400000000000091,0.004250704363292113,806
5,-1.6999999999999988,-0.9999999999999982,60,22,0.5800000000000693,0.002839437751507967,0.5454545454545454,0.00014849597429314717,1.2727272727272727,-0.0014112666117841455,-0.2400000000000091,0.004250704363292113,807
5,-1.6999999999999988,-0.8999999999999981,60,22,0.5800000000000693,0.002839437751507967,0.5454545454545454,0.00014849597429314717,1.2727272727272727,-0.0014112666117841455,-0.2400000000000091,0.004250704363292113,808
22,-1.9999999999999991,3.0000000000000053,43,1,0.4000000000000057,0.002411817907747915,1.0,0.002411817907747915,5.0,-0.04541877459246779,-8.080000000000013,0.04783059250021571,809
10,-1.0999999999999983,2.400000000000005,55,1,0.4000000000000057,0.002411817907747915,1.0,0.002411817907747915,5.0,-0.007654999123473449,-1.3100000000000023,0.010066817031221365,810
5,1.1000000000000032,-1.799999999999999,60,13,0.39999999999997726,0.0022353896230145054,0.8461538461538461,0.0002949468127203024,4.461538461538462,-0.0014112666117841455,-0.2400000000000091,0.003646656234798651,811
22,-1.0999999999999983,3.0000000000000053,43,1,0.3499999999999943,0.002110340669279509,1.0,0.002110340669279509,14.0,-0.04541877459246779,-8.080000000000013,0.0475291152617473,812
22,-0.9999999999999982,3.0000000000000053,43,1,0.3499999999999943,0.002110340669279509,1.0,0.002110340669279509,14.0,-0.04541877459246779,-8.080000000000013,0.0475291152617473,813
10,-0.2999999999999976,2.400000000000005,55,1,0.3499999999999943,0.002110340669279509,1.0,0.002110340669279509,14.0,-0.007654999123473449,-1.3100000000000023,0.009765339792752958,814
10,-0.1999999999999975,2.400000000000005,55,1,0.3499999999999943,0.002110340669279509,1.0,0.002110340669279509,14.0,-0.007654999123473449,-1.3100000000000023,0.009765339792752958,815
10,-0.09999999999999742,2.400000000000005,55,1,0.3499999999999943,0.002110340669279509,1.0,0.002110340669279509,14.0,-0.007654999123473449,-1.3100000000000023,0.009765339792752958,816
10,2.6645352591003757e-15,2.400000000000005,55,1,0.3499999999999943,0.002110340669279509,1.0,0.002110340669279509,14.0,-0.007654999123473449,-1.3100000000000023,0.009765339792752958,817
10,0.10000000000000275,2.400000000000005,55,1,0.3499999999999943,0.002110340669279509,1.0,0.002110340669279509,14.0,-0.007654999123473449,-1.3100000000000023,0.009765339792752958,818
10,0.20000000000000284,2.400000000000005,55,1,0.3499999999999943,0.002110340669279509,1.0,0.002110340669279509,14.0,-0.007654999123473449,-1.3100000000000023,0.009765339792752958,819
22,0.7000000000000033,-0.699999999999998,43,4,0.3599999999999852,0.0020843272979660377,0.75,0.0006535537141515169,10.75,-0.04541877459246779,-8.080000000000013,0.04750310189043383,820
22,0.7000000000000033,-0.5999999999999979,43,4,0.3599999999999852,0.0020843272979660377,0.75,0.0006535537141515169,10.75,-0.04541877459246779,-8.080000000000013,0.04750310189043383,821
5,0.8000000000000034,-1.2999999999999985,60,13,0.469999999999942,0.001991774853675965,0.8461538461538461,0.0002935225709149383,3.923076923076923,-0.0014112666117841455,-0.2400000000000091,0.0034030414654601104,822
5,-3.0,-1.5999999999999988,60,27,0.37000000000003297,0.0019198717509765206,0.5555555555555556,8.994804184562592e-05,1.4074074074074074,-0.0014112666117841455,-0.2400000000000091,0.003331138362760666,823
5,-2.9,-1.5999999999999988,60,27,0.37000000000003297,0.0019198717509765206,0.5555555555555556,8.994804184562592e-05,1.4074074074074074,-0.0014112666117841455,-0.2400000000000091,0.003331138362760666,824
5,-2.8,-1.5999999999999988,60,27,0.37000000000003297,0.0019198717509765206,0.5555555555555556,8.994804184562592e-05,1.4074074074074074,-0.0014112666117841455,-0.2400000000000091,0.003331138362760666,825
5,-2.6999999999999997,-1.5999999999999988,60,27,0.37000000000003297,0.0019198717509765206,0.5555555555555556,8.994804184562592e-05,1.4074074074074074,-0.0014112666117841455,-0.2400000000000091,0.003331138362760666,826
5,-2.5999999999999996,-1.5999999999999988,60,27,0.37000000000003297,0.0019198717509765206,0.5555555555555556,8.994804184562592e-05,1.4074074074074074,-0.0014112666117841455,-0.2400000000000091,0.003331138362760666,827
5,-2.4999999999999996,-1.5999999999999988,60,27,0.37000000000003297,0.0019198717509765206,0.5555555555555556,8.994804184562592e-05,1.4074074074074074,-0.0014112666117841455,-0.2400000000000091,0.003331138362760666,828
5,-2.3999999999999995,-1.5999999999999988,60,27,0.37000000000003297,0.0019198717509765206,0.5555555555555556,8.994804184562592e-05,1.4074074074074074,-0.0014112666117841455,-0.2400000000000091,0.003331138362760666,829
5,-2.2999999999999994,-1.5999999999999988,60,27,0.37000000000003297,0.0019198717509765206,0.5555555555555556,8.994804184562592e-05,1.4074074074074074,-0.0014112666117841455,-0.2400000000000091,0.003331138362760666,830
5,-2.1999999999999993,-1.5999999999999988,60,27,0.37000000000003297,0.0019198717509765206,0.5555555555555556,8.994804184562592e-05,1.4074074074074074,-0.0014112666117841455,-0.2400000000000091,0.003331138362760666,831
5,-2.099999999999999,-1.5999999999999988,60,27,0.37000000000003297,0.0019198717509765206,0.5555555555555556,8.994804184562592e-05,1.4074074074074074,-0.0014112666117841455,-0.2400000000000091,0.003331138362760666,832
5,-1.9999999999999991,-1.5999999999999988,60,27,0.37000000000003297,0.0019198717509765206,0.5555555555555556,8.994804184562592e-05,1.4074074074074074,-0.0014112666117841455,-0.2400000000000091,0.003331138362760666,833
5,-1.899999999999999,-1.5999999999999988,60,27,0.37000000000003297,0.0019198717509765206,0.5555555555555556,8.994804184562592e-05,1.4074074074074074,-0.0014112666117841455,-0.2400000000000091,0.003331138362760666,834
5,-1.799999999999999,-1.5999999999999988,60,27,0.37000000000003297,0.0019198717509765206,0.5555555555555556,8.994804184562592e-05,1.4074074074074074,-0.0014112666117841455,-0.2400000000000091,0.003331138362760666,835
5,-1.6999999999999988,-1.5999999999999988,60,27,0.37000000000003297,0.0019198717509765206,0.5555555555555556,8.994804184562592e-05,1.4074074074074074,-0.0014112666117841455,-0.2400000000000091,0.003331138362760666,836
22,0.9000000000000035,-0.4999999999999978,43,3,0.30999999999997385,0.0017983640833691972,0.6666666666666666,0.0007902790752155608,15.0,-0.04541877459246779,-8.080000000000013,0.04721713867583699,837
22,1.0000000000000036,-0.4999999999999978,43,3,0.30999999999997385,0.0017983640833691972,0.6666666666666666,0.0007902790752155608,15.0,-0.04541877459246779,-8.080000000000013,0.04721713867583699,838
22,-3.0,-0.4999999999999978,43,15,0.28000000000000114,0.0017921268814913294,0.5333333333333333,0.00013989138364931542,1.4,-0.04541877459246779,-8.080000000000013,0.04721090147395912,839
22,-1.899999999999999,3.0000000000000053,43,1,0.28999999999999204,0.0017485679831172884,1.0,0.0017485679831172884,6.0,-0.04541877459246779,-8.080000000000013,0.04716734257558508,840
22,-1.799999999999999,3.0000000000000053,43,1,0.28999999999999204,0.0017485679831172884,1.0,0.0017485679831172884,6.0,-0.04541877459246779,-8.080000000000013,0.04716734257558508,841
22,-1.6999999999999988,3.0000000000000053,43,1,0.28999999999999204,0.0017485679831172884,1.0,0.0017485679831172884,6.0,-0.04541877459246779,-8.080000000000013,0.04716734257558508,842
10,-0.9999999999999982,2.400000000000005,55,1,0.28999999999999204,0.0017485679831172884,1.0,0.0017485679831172884,6.0,-0.007654999123473449,-1.3100000000000023,0.009403567106590738,843
5,1.3000000000000043,-1.6999999999999988,60,7,0.4199999999999591,0.0016057657628785194,0.7142857142857143,0.0004505521111914617,10.428571428571429,-0.0014112666117841455,-0.2400000000000091,0.003017032374662665,844
5,1.3000000000000043,-1.5999999999999988,60,7,0.4199999999999591,0.0016057657628785194,0.7142857142857143,0.0004505521111914617,10.428571428571429,-0.0014112666117841455,-0.2400000000000091,0.003017032374662665,845
5,-0.4999999999999978,-3.0,60,23,0.3699999999999193,0.0014933831257943897,0.6956521739130435,0.00013515098415979888,2.0434782608695654,-0.0014112666117841455,-0.2400000000000091,0.002904649737578535,846
5,-0.4999999999999978,-2.9,60,23,0.3699999999999193,0.0014933831257943897,0.6956521739130435,0.00013515098415979888,2.0434782608695654,-0.0014112666117841455,-0.2400000000000091,0.002904649737578535,847
5,-0.4999999999999978,-2.8,60,23,0.3699999999999193,0.0014933831257943897,0.6956521739130435,0.00013515098415979888,2.0434782608695654,-0.0014112666117841455,-0.2400000000000091,0.002904649737578535,848
5,-0.4999999999999978,-2.6999999999999997,60,23,0.3699999999999193,0.0014933831257943897,0.6956521739130435,0.00013515098415979888,2.0434782608695654,-0.0014112666117841455,-0.2400000000000091,0.002904649737578535,849
5,-0.4999999999999978,-2.5999999999999996,60,23,0.3699999999999193,0.0014933831257943897,0.6956521739130435,0.00013515098415979888,2.0434782608695654,-0.0014112666117841455,-0.2400000000000091,0.002904649737578535,850
5,-0.4999999999999978,-2.4999999999999996,60,23,0.3699999999999193,0.0014933831257943897,0.6956521739130435,0.00013515098415979888,2.0434782608695654,-0.0014112666117841455,-0.2400000000000091,0.002904649737578535,851
5,-0.4999999999999978,-2.3999999999999995,60,23,0.3699999999999193,0.0014933831257943897,0.6956521739130435,0.00013515098415979888,2.0434782608695654,-0.0014112666117841455,-0.2400000000000091,0.002904649737578535,852
5,-0.4999999999999978,-2.2999999999999994,60,23,0.3699999999999193,0.0014933831257943897,0.6956521739130435,0.00013515098415979888,2.0434782608695654,-0.0014112666117841455,-0.2400000000000091,0.002904649737578535,853
5,-0.4999999999999978,-2.1999999999999993,60,23,0.3699999999999193,0.0014933831257943897,0.6956521739130435,0.00013515098415979888,2.0434782608695654,-0.0014112666117841455,-0.2400000000000091,0.002904649737578535,854
5,-0.4999999999999978,-2.099999999999999,60,23,0.3699999999999193,0.0014933831257943897,0.6956521739130435,0.00013515098415979888,2.0434782608695654,-0.0014112666117841455,-0.2400000000000091,0.002904649737578535,855
5,-0.4999999999999978,-1.9999999999999991,60,23,0.3699999999999193,0.0014933831257943897,0.6956521739130435,0.00013515098415979888,2.0434782608695654,-0.0014112666117841455,-0.2400000000000091,0.002904649737578535,856
10,-1.0999999999999983,-1.9999999999999991,55,23,0.339999999999975,0.0013918639245436015,0.5652173913043478,0.00014149309945679766,1.826086956521739,-0.007654999123473449,-1.3100000000000023,0.009046863048017051,857
10,1.0000000000000036,-1.4999999999999987,55,10,0.2799999999999727,0.001340041150483584,0.8,0.00026133410439926896,5.3,-0.007654999123473449,-1.3100000000000023,0.008995040273957033,858
10,1.1000000000000032,-1.4999999999999987,55,10,0.2799999999999727,0.001340041150483584,0.8,0.00026133410439926896,5.3,-0.007654999123473449,-1.3100000000000023,0.008995040273957033,859
22,0.7000000000000033,-1.2999999999999985,43,7,0.25,0.0013182686882033945,0.7142857142857143,0.0002600976950817291,7.0,-0.04541877459246779,-8.080000000000013,0.04673704328067119,860
22,0.7000000000000033,-1.1999999999999984,43,7,0.25,0.0013182686882033945,0.7142857142857143,0.0002600976950817291,7.0,-0.04541877459246779,-8.080000000000013,0.04673704328067119,861
10,1.2000000000000037,-1.0999999999999983,55,5,0.2599999999999625,0.0012613050493224254,0.8,0.0005363940557184588,9.8,-0.007654999123473449,-1.3100000000000023,0.008916304172795875,862
10,1.3000000000000043,-1.0999999999999983,55,5,0.2599999999999625,0.0012613050493224254,0.8,0.0005363940557184588,9.8,-0.007654999123473449,-1.3100000000000023,0.008916304172795875,863
10,-0.3999999999999977,-1.899999999999999,55,18,0.29000000000002046,0.0012247648206771267,0.7777777777777778,0.0001573746818453212,2.7222222222222223,-0.007654999123473449,-1.3100000000000023,0.008879763944150576,864
22,-1.5999999999999988,3.0000000000000053,43,1,0.18999999999999773,0.0011456135061802541,1.0,0.0011456135061802541,7.0,-0.04541877459246779,-8.080000000000013,0.046564388098648046,865
10,-0.8999999999999981,2.400000000000005,55,1,0.18999999999999773,0.0011456135061802541,1.0,0.0011456135061802541,7.0,-0.007654999123473449,-1.3100000000000023,0.008800612629653704,866
10,-0.799999999999998,2.400000000000005,55,1,0.18999999999999773,0.0011456135061802541,1.0,0.0011456135061802541,7.0,-0.007654999123473449,-1.3100000000000023,0.008800612629653704,867
22,0.6000000000000032,-0.4999999999999978,43,4,0.12999999999996703,0.0009368682719583799,0.75,0.0003697123476462949,10.25,-0.04541877459246779,-8.080000000000013,0.04635564286442617,868
10,-1.899999999999999,-1.899999999999999,55,25,0.3100000000000023,0.0009029933758082365,0.68,8.334105254304003e-05,1.56,-0.007654999123473449,-1.3100000000000023,0.008557992499281686,869
5,0.400000000000003,-0.799999999999998,60,9,0.22999999999996135,0.0008430533844234755,0.7777777777777778,0.00028626188678955905,4.444444444444445,-0.0014112666117841455,-0.2400000000000091,0.002254319996207621,870
10,-1.0999999999999983,-1.899999999999999,55,22,0.2400000000000091,0.0007883414538556455,0.6818181818181818,0.0001165488515431079,1.9090909090909092,-0.007654999123473449,-1.3100000000000023,0.008443340577329095,871
22,0.6000000000000032,-0.9999999999999982,43,6,0.12000000000000455,0.0007562241003780112,0.6666666666666666,0.00021691930723470124,7.833333333333333,-0.04541877459246779,-8.080000000000013,0.0461749986928458,872
22,0.6000000000000032,-0.8999999999999981,43,6,0.12000000000000455,0.0007562241003780112,0.6666666666666666,0.00021691930723470124,7.833333333333333,-0.04541877459246779,-8.080000000000013,0.0461749986928458,873
5,0.9000000000000035,-1.899999999999999,60,15,0.1999999999999602,0.0007139647648410907,0.8,0.00016521404495435378,3.7333333333333334,-0.0014112666117841455,-0.2400000000000091,0.002125231376625236,874
10,-1.799999999999999,-1.799999999999999,55,24,0.2599999999999625,0.0005187662601515708,0.625,4.851633188468948e-05,1.5833333333333333,-0.007654999123473449,-1.3100000000000023,0.00817376538362502,875
10,-1.799999999999999,-1.6999999999999988,55,24,0.2599999999999625,0.0005187662601515708,0.625,4.851633188468948e-05,1.5833333333333333,-0.007654999123473449,-1.3100000000000023,0.00817376538362502,876
5,-1.5999999999999988,-3.0,60,28,0.11999999999997613,0.0004939609304517312,0.6428571428571429,5.554429204400667e-05,1.5,-0.0014112666117841455,-0.2400000000000091,0.0019052275422358766,877
5,-1.5999999999999988,-2.9,60,28,0.11999999999997613,0.0004939609304517312,0.6428571428571429,5.554429204400667e-05,1.5,-0.0014112666117841455,-0.2400000000000091,0.0019052275422358766,878
5,-1.5999999999999988,-2.8,60,28,0.11999999999997613,0.0004939609304517312,0.6428571428571429,5.554429204400667e-05,1.5,-0.0014112666117841455,-0.2400000000000091,0.0019052275422358766,879
5,-1.5999999999999988,-2.6999999999999997,60,28,0.11999999999997613,0.0004939609304517312,0.6428571428571429,5.554429204400667e-05,1.5,-0.0014112666117841455,-0.2400000000000091,0.0019052275422358766,880
5,-1.5999999999999988,-2.5999999999999996,60,28,0.11999999999997613,0.0004939609304517312,0.6428571428571429,5.554429204400667e-05,1.5,-0.0014112666117841455,-0.2400000000000091,0.0019052275422358766,881
5,-1.5999999999999988,-2.4999999999999996,60,28,0.11999999999997613,0.0004939609304517312,0.6428571428571429,5.554429204400667e-05,1.5,-0.0014112666117841455,-0.2400000000000091,0.0019052275422358766,882
5,-1.5999999999999988,-2.3999999999999995,60,28,0.11999999999997613,0.0004939609304517312,0.6428571428571429,5.554429204400667e-05,1.5,-0.0014112666117841455,-0.2400000000000091,0.0019052275422358766,883
5,-1.5999999999999988,-2.2999999999999994,60,28,0.11999999999997613,0.0004939609304517312,0.6428571428571429,5.554429204400667e-05,1.5,-0.0014112666117841455,-0.2400000000000091,0.0019052275422358766,884
5,-1.5999999999999988,-2.1999999999999993,60,28,0.11999999999997613,0.0004939609304517312,0.6428571428571429,5.554429204400667e-05,1.5,-0.0014112666117841455,-0.2400000000000091,0.0019052275422358766,885
5,-1.5999999999999988,-2.099999999999999,60,28,0.11999999999997613,0.0004939609304517312,0.6428571428571429,5.554429204400667e-05,1.5,-0.0014112666117841455,-0.2400000000000091,0.0019052275422358766,886
5,-1.5999999999999988,-1.9999999999999991,60,28,0.11999999999997613,0.0004939609304517312,0.6428571428571429,5.554429204400667e-05,1.5,-0.0014112666117841455,-0.2400000000000091,0.0019052275422358766,887
5,-1.4999999999999987,-3.0,60,28,0.11999999999997613,0.0004939609304517312,0.6428571428571429,5.554429204400667e-05,1.5,-0.0014112666117841455,-0.2400000000000091,0.0019052275422358766,888
5,-1.4999999999999987,-2.9,60,28,0.11999999999997613,0.0004939609304517312,0.6428571428571429,5.554429204400667e-05,1.5,-0.0014112666117841455,-0.2400000000000091,0.0019052275422358766,889
5,-1.4999999999999987,-2.8,60,28,0.11999999999997613,0.0004939609304517312,0.6428571428571429,5.554429204400667e-05,1.5,-0.0014112666117841455,-0.2400000000000091,0.0019052275422358766,890
5,-1.4999999999999987,-2.6999999999999997,60,28,0.11999999999997613,0.0004939609304517312,0.6428571428571429,5.554429204400667e-05,1.5,-0.0014112666117841455,-0.2400000000000091,0.0019052275422358766,891
5,-1.4999999999999987,-2.5999999999999996,60,28,0.11999999999997613,0.0004939609304517312,0.6428571428571429,5.554429204400667e-05,1.5,-0.0014112666117841455,-0.2400000000000091,0.0019052275422358766,892
5,-1.4999999999999987,-2.4999999999999996,60,28,0.11999999999997613,0.0004939609304517312,0.6428571428571429,5.554429204400667e-05,1.5,-0.0014112666117841455,-0.2400000000000091,0.0019052275422358766,893
5,-1.4999999999999987,-2.3999999999999995,60,28,0.11999999999997613,0.0004939609304517312,0.6428571428571429,5.554429204400667e-05,1.5,-0.0014112666117841455,-0.2400000000000091,0.0019052275422358766,894
5,-1.4999999999999987,-2.2999999999999994,60,28,0.11999999999997613,0.0004939609304517312,0.6428571428571429,5.554429204400667e-05,1.5,-0.0014112666117841455,-0.2400000000000091,0.0019052275422358766,895
5,-1.4999999999999987,-2.1999999999999993,60,28,0.11999999999997613,0.0004939609304517312,0.6428571428571429,5.554429204400667e-05,1.5,-0.0014112666117841455,-0.2400000000000091,0.0019052275422358766,896
5,-1.4999999999999987,-2.099999999999999,60,28,0.11999999999997613,0.0004939609304517312,0.6428571428571429,5.554429204400667e-05,1.5,-0.0014112666117841455,-0.2400000000000091,0.0019052275422358766,897
5,-1.4999999999999987,-1.9999999999999991,60,28,0.11999999999997613,0.0004939609304517312,0.6428571428571429,5.554429204400667e-05,1.5,-0.0014112666117841455,-0.2400000000000091,0.0019052275422358766,898
5,-1.3999999999999986,-3.0,60,28,0.11999999999997613,0.0004939609304517312,0.6428571428571429,5.554429204400667e-05,1.5,-0.0014112666117841455,-0.2400000000000091,0.0019052275422358766,899
5,-1.3999999999999986,-2.9,60,28,0.11999999999997613,0.0004939609304517312,0.6428571428571429,5.554429204400667e-05,1.5,-0.0014112666117841455,-0.2400000000000091,0.0019052275422358766,900
5,-1.3999999999999986,-2.8,60,28,0.11999999999997613,0.0004939609304517312,0.6428571428571429,5.554429204400667e-05,1.5,-0.0014112666117841455,-0.2400000000000091,0.0019052275422358766,901
5,-1.3999999999999986,-2.6999999999999997,60,28,0.11999999999997613,0.0004939609304517312,0.6428571428571429,5.554429204400667e-05,1.5,-0.0014112666117841455,-0.2400000000000091,0.0019052275422358766,902
5,-1.3999999999999986,-2.5999999999999996,60,28,0.11999999999997613,0.0004939609304517312,0.6428571428571429,5.554429204400667e-05,1.5,-0.0014112666117841455,-0.2400000000000091,0.0019052275422358766,903
5,-1.3999999999999986,-2.4999999999999996,60,28,0.11999999999997613,0.0004939609304517312,0.6428571428571429,5.554429204400667e-05,1.5,-0.0014112666117841455,-0.2400000000000091,0.0019052275422358766,904
5,-1.3999999999999986,-2.3999999999999995,60,28,0.11999999999997613,0.0004939609304517312,0.6428571428571429,5.554429204400667e-05,1.5,-0.0014112666117841455,-0.2400000000000091,0.0019052275422358766,905
5,-1.3999999999999986,-2.2999999999999994,60,28,0.11999999999997613,0.0004939609304517312,0.6428571428571429,5.554429204400667e-05,1.5,-0.0014112666117841455,-0.2400000000000091,0.0019052275422358766,906
5,-1.3999999999999986,-2.1999999999999993,60,28,0.11999999999997613,0.0004939609304517312,0.6428571428571429,5.554429204400667e-05,1.5,-0.0014112666117841455,-0.2400000000000091,0.0019052275422358766,907
5,-1.3999999999999986,-2.099999999999999,60,28,0.11999999999997613,0.0004939609304517312,0.6428571428571429,5.554429204400667e-05,1.5,-0.0014112666117841455,-0.2400000000000091,0.0019052275422358766,908
5,-1.3999999999999986,-1.9999999999999991,60,28,0.11999999999997613,0.0004939609304517312,0.6428571428571429,5.554429204400667e-05,1.5,-0.0014112666117841455,-0.2400000000000091,0.0019052275422358766,909
5,1.1000000000000032,-3.0,60,13,0.08999999999997499,0.0004894330577820405,0.8461538461538461,0.00016038378688493655,4.538461538461538,-0.0014112666117841455,-0.2400000000000091,0.001900699669566186,910
5,1.1000000000000032,-2.9,60,13,0.08999999999997499,0.0004894330577820405,0.8461538461538461,0.00016038378688493655,4.538461538461538,-0.0014112666117841455,-0.2400000000000091,0.001900699669566186,911
5,1.1000000000000032,-2.8,60,13,0.08999999999997499,0.0004894330577820405,0.8461538461538461,0.00016038378688493655,4.538461538461538,-0.0014112666117841455,-0.2400000000000091,0.001900699669566186,912
5,1.1000000000000032,-2.6999999999999997,60,13,0.08999999999997499,0.0004894330577820405,0.8461538461538461,0.00016038378688493655,4.538461538461538,-0.0014112666117841455,-0.2400000000000091,0.001900699669566186,913
5,1.1000000000000032,-2.5999999999999996,60,13,0.08999999999997499,0.0004894330577820405,0.8461538461538461,0.00016038378688493655,4.538461538461538,-0.0014112666117841455,-0.2400000000000091,0.001900699669566186,914
5,1.1000000000000032,-2.4999999999999996,60,13,0.08999999999997499,0.0004894330577820405,0.8461538461538461,0.00016038378688493655,4.538461538461538,-0.0014112666117841455,-0.2400000000000091,0.001900699669566186,915
5,1.1000000000000032,-2.3999999999999995,60,13,0.08999999999997499,0.0004894330577820405,0.8461538461538461,0.00016038378688493655,4.538461538461538,-0.0014112666117841455,-0.2400000000000091,0.001900699669566186,916
5,1.1000000000000032,-2.2999999999999994,60,13,0.08999999999997499,0.0004894330577820405,0.8461538461538461,0.00016038378688493655,4.538461538461538,-0.0014112666117841455,-0.2400000000000091,0.001900699669566186,917
5,1.1000000000000032,-2.1999999999999993,60,13,0.08999999999997499,0.0004894330577820405,0.8461538461538461,0.00016038378688493655,4.538461538461538,-0.0014112666117841455,-0.2400000000000091,0.001900699669566186,918
5,1.1000000000000032,-2.099999999999999,60,13,0.08999999999997499,0.0004894330577820405,0.8461538461538461,0.00016038378688493655,4.538461538461538,-0.0014112666117841455,-0.2400000000000091,0.001900699669566186,919
5,1.1000000000000032,-1.9999999999999991,60,13,0.08999999999997499,0.0004894330577820405,0.8461538461538461,0.00016038378688493655,4.538461538461538,-0.0014112666117841455,-0.2400000000000091,0.001900699669566186,920
5,1.1000000000000032,-1.899999999999999,60,13,0.08999999999997499,0.0004894330577820405,0.8461538461538461,0.00016038378688493655,4.538461538461538,-0.0014112666117841455,-0.2400000000000091,0.001900699669566186,921
22,1.400000000000004,1.600000000000004,43,1,0.05999999999997385,0.00035065162760772317,1.0,0.00035065162760772317,43.0,-0.04541877459246779,-8.080000000000013,0.045769426220075515,922
22,1.400000000000004,1.7000000000000046,43,1,0.05999999999997385,0.00035065162760772317,1.0,0.00035065162760772317,43.0,-0.04541877459246779,-8.080000000000013,0.045769426220075515,923
22,1.400000000000004,1.8000000000000043,43,1,0.05999999999997385,0.00035065162760772317,1.0,0.00035065162760772317,43.0,-0.04541877459246779,-8.080000000000013,0.045769426220075515,924
22,1.400000000000004,1.900000000000004,43,1,0.05999999999997385,0.00035065162760772317,1.0,0.00035065162760772317,43.0,-0.04541877459246779,-8.080000000000013,0.045769426220075515,925
22,1.400000000000004,2.0000000000000044,43,1,0.05999999999997385,0.00035065162760772317,1.0,0.00035065162760772317,43.0,-0.04541877459246779,-8.080000000000013,0.045769426220075515,926
22,1.400000000000004,2.100000000000005,43,1,0.05999999999997385,0.00035065162760772317,1.0,0.00035065162760772317,43.0,-0.04541877459246779,-8.080000000000013,0.045769426220075515,927
22,1.400000000000004,2.2000000000000046,43,1,0.05999999999997385,0.00035065162760772317,1.0,0.00035065162760772317,43.0,-0.04541877459246779,-8.080000000000013,0.045769426220075515,928
22,1.400000000000004,2.3000000000000043,43,1,0.05999999999997385,0.00035065162760772317,1.0,0.00035065162760772317,43.0,-0.04541877459246779,-8.080000000000013,0.045769426220075515,929
22,1.400000000000004,2.400000000000005,43,1,0.05999999999997385,0.00035065162760772317,1.0,0.00035065162760772317,43.0,-0.04541877459246779,-8.080000000000013,0.045769426220075515,930
22,1.400000000000004,2.5000000000000053,43,1,0.05999999999997385,0.00035065162760772317,1.0,0.00035065162760772317,43.0,-0.04541877459246779,-8.080000000000013,0.045769426220075515,931
22,1.400000000000004,2.600000000000005,43,1,0.05999999999997385,0.00035065162760772317,1.0,0.00035065162760772317,43.0,-0.04541877459246779,-8.080000000000013,0.045769426220075515,932
22,1.400000000000004,2.7000000000000046,43,1,0.05999999999997385,0.00035065162760772317,1.0,0.00035065162760772317,43.0,-0.04541877459246779,-8.080000000000013,0.045769426220075515,933
22,1.400000000000004,2.800000000000005,43,1,0.05999999999997385,0.00035065162760772317,1.0,0.00035065162760772317,43.0,-0.04541877459246779,-8.080000000000013,0.045769426220075515,934
22,1.400000000000004,2.9000000000000057,43,1,0.05999999999997385,0.00035065162760772317,1.0,0.00035065162760772317,43.0,-0.04541877459246779,-8.080000000000013,0.045769426220075515,935
22,1.5000000000000036,1.600000000000004,43,1,0.05999999999997385,0.00035065162760772317,1.0,0.00035065162760772317,43.0,-0.04541877459246779,-8.080000000000013,0.045769426220075515,936
22,1.5000000000000036,1.7000000000000046,43,1,0.05999999999997385,0.00035065162760772317,1.0,0.00035065162760772317,43.0,-0.04541877459246779,-8.080000000000013,0.045769426220075515,937
22,1.5000000000000036,1.8000000000000043,43,1,0.05999999999997385,0.00035065162760772317,1.0,0.00035065162760772317,43.0,-0.04541877459246779,-8.080000000000013,0.045769426220075515,938
22,1.5000000000000036,1.900000000000004,43,1,0.05999999999997385,0.00035065162760772317,1.0,0.00035065162760772317,43.0,-0.04541877459246779,-8.080000000000013,0.045769426220075515,939
22,1.5000000000000036,2.0000000000000044,43,1,0.05999999999997385,0.00035065162760772317,1.0,0.00035065162760772317,43.0,-0.04541877459246779,-8.080000000000013,0.045769426220075515,940
22,1.5000000000000036,2.100000000000005,43,1,0.05999999999997385,0.00035065162760772317,1.0,0.00035065162760772317,43.0,-0.04541877459246779,-8.080000000000013,0.045769426220075515,941
22,1.5000000000000036,2.2000000000000046,43,1,0.05999999999997385,0.00035065162760772317,1.0,0.00035065162760772317,43.0,-0.04541877459246779,-8.080000000000013,0.045769426220075515,942
22,1.5000000000000036,2.3000000000000043,43,1,0.05999999999997385,0.00035065162760772317,1.0,0.00035065162760772317,43.0,-0.04541877459246779,-8.080000000000013,0.045769426220075515,943
22,1.5000000000000036,2.400000000000005,43,1,0.05999999999997385,0.00035065162760772317,1.0,0.00035065162760772317,43.0,-0.04541877459246779,-8.080000000000013,0.045769426220075515,944
22,1.5000000000000036,2.5000000000000053,43,1,0.05999999999997385,0.00035065162760772317,1.0,0.00035065162760772317,43.0,-0.04541877459246779,-8.080000000000013,0.045769426220075515,945
22,1.5000000000000036,2.600000000000005,43,1,0.05999999999997385,0.00035065162760772317,1.0,0.00035065162760772317,43.0,-0.04541877459246779,-8.080000000000013,0.045769426220075515,946
22,1.5000000000000036,2.7000000000000046,43,1,0.05999999999997385,0.00035065162760772317,1.0,0.00035065162760772317,43.0,-0.04541877459246779,-8.080000000000013,0.045769426220075515,947
22,1.5000000000000036,2.800000000000005,43,1,0.05999999999997385,0.00035065162760772317,1.0,0.00035065162760772317,43.0,-0.04541877459246779,-8.080000000000013,0.045769426220075515,948
22,1.5000000000000036,2.9000000000000057,43,1,0.05999999999997385,0.00035065162760772317,1.0,0.00035065162760772317,43.0,-0.04541877459246779,-8.080000000000013,0.045769426220075515,949
10,2.100000000000005,1.900000000000004,55,1,0.05999999999997385,0.00035065162760772317,1.0,0.00035065162760772317,43.0,-0.007654999123473449,-1.3100000000000023,0.008005650751081173,950
10,2.100000000000005,2.0000000000000044,55,1,0.05999999999997385,0.00035065162760772317,1.0,0.00035065162760772317,43.0,-0.007654999123473449,-1.3100000000000023,0.008005650751081173,951
10,2.100000000000005,2.100000000000005,55,1,0.05999999999997385,0.00035065162760772317,1.0,0.00035065162760772317,43.0,-0.007654999123473449,-1.3100000000000023,0.008005650751081173,952
10,2.100000000000005,2.2000000000000046,55,1,0.05999999999997385,0.00035065162760772317,1.0,0.00035065162760772317,43.0,-0.007654999123473449,-1.3100000000000023,0.008005650751081173,953
10,2.100000000000005,2.3000000000000043,55,1,0.05999999999997385,0.00035065162760772317,1.0,0.00035065162760772317,43.0,-0.007654999123473449,-1.3100000000000023,0.008005650751081173,954
10,2.2000000000000046,1.900000000000004,55,1,0.05999999999997385,0.00035065162760772317,1.0,0.00035065162760772317,43.0,-0.007654999123473449,-1.3100000000000023,0.008005650751081173,955
10,2.2000000000000046,2.0000000000000044,55,1,0.05999999999997385,0.00035065162760772317,1.0,0.00035065162760772317,43.0,-0.007654999123473449,-1.3100000000000023,0.008005650751081173,956
10,2.2000000000000046,2.100000000000005,55,1,0.05999999999997385,0.00035065162760772317,1.0,0.00035065162760772317,43.0,-0.007654999123473449,-1.3100000000000023,0.008005650751081173,957
10,2.2000000000000046,2.2000000000000046,55,1,0.05999999999997385,0.00035065162760772317,1.0,0.00035065162760772317,43.0,-0.007654999123473449,-1.3100000000000023,0.008005650751081173,958
10,2.2000000000000046,2.3000000000000043,55,1,0.05999999999997385,0.00035065162760772317,1.0,0.00035065162760772317,43.0,-0.007654999123473449,-1.3100000000000023,0.008005650751081173,959
10,2.3000000000000043,1.900000000000004,55,1,0.05999999999997385,0.00035065162760772317,1.0,0.00035065162760772317,43.0,-0.007654999123473449,-1.3100000000000023,0.008005650751081173,960
10,2.3000000000000043,2.0000000000000044,55,1,0.05999999999997385,0.00035065162760772317,1.0,0.00035065162760772317,43.0,-0.007654999123473449,-1.3100000000000023,0.008005650751081173,961
10,2.3000000000000043,2.100000000000005,55,1,0.05999999999997385,0.00035065162760772317,1.0,0.00035065162760772317,43.0,-0.007654999123473449,-1.3100000000000023,0.008005650751081173,962
10,2.3000000000000043,2.2000000000000046,55,1,0.05999999999997385,0.00035065162760772317,1.0,0.00035065162760772317,43.0,-0.007654999123473449,-1.3100000000000023,0.008005650751081173,963
10,2.3000000000000043,2.3000000000000043,55,1,0.05999999999997385,0.00035065162760772317,1.0,0.00035065162760772317,43.0,-0.007654999123473449,-1.3100000000000023,0.008005650751081173,964
10,2.400000000000005,1.900000000000004,55,1,0.05999999999997385,0.00035065162760772317,1.0,0.00035065162760772317,43.0,-0.007654999123473449,-1.3100000000000023,0.008005650751081173,965
10,2.400000000000005,2.0000000000000044,55,1,0.05999999999997385,0.00035065162760772317,1.0,0.00035065162760772317,43.0,-0.007654999123473449,-1.3100000000000023,0.008005650751081173,966
10,2.400000000000005,2.100000000000005,55,1,0.05999999999997385,0.00035065162760772317,1.0,0.00035065162760772317,43.0,-0.007654999123473449,-1.3100000000000023,0.008005650751081173,967
10,2.400000000000005,2.2000000000000046,55,1,0.05999999999997385,0.00035065162760772317,1.0,0.00035065162760772317,43.0,-0.007654999123473449,-1.3100000000000023,0.008005650751081173,968
10,2.400000000000005,2.3000000000000043,55,1,0.05999999999997385,0.00035065162760772317,1.0,0.00035065162760772317,43.0,-0.007654999123473449,-1.3100000000000023,0.008005650751081173,969
5,-1.5999999999999988,1.7000000000000046,60,4,0.07999999999998408,0.00034180084806423316,0.5,0.00011829703594576357,1.75,-0.0014112666117841455,-0.2400000000000091,0.0017530674598483786,970
5,-1.5999999999999988,1.8000000000000043,60,4,0.07999999999998408,0.00034180084806423316,0.5,0.00011829703594576357,1.75,-0.0014112666117841455,-0.2400000000000091,0.0017530674598483786,971
5,-1.4999999999999987,1.7000000000000046,60,4,0.07999999999998408,0.00034180084806423316,0.5,0.00011829703594576357,1.75,-0.0014112666117841455,-0.2400000000000091,0.0017530674598483786,972
5,-1.4999999999999987,1.8000000000000043,60,4,0.07999999999998408,0.00034180084806423316,0.5,0.00011829703594576357,1.75,-0.0014112666117841455,-0.2400000000000091,0.0017530674598483786,973
5,-1.3999999999999986,1.7000000000000046,60,4,0.07999999999998408,0.00034180084806423316,0.5,0.00011829703594576357,1.75,-0.0014112666117841455,-0.2400000000000091,0.0017530674598483786,974
5,-1.3999999999999986,1.8000000000000043,60,4,0.07999999999998408,0.00034180084806423316,0.5,0.00011829703594576357,1.75,-0.0014112666117841455,-0.2400000000000091,0.0017530674598483786,975
10,2.100000000000005,-3.0,55,1,0.03999999999999204,0.0002337404312511282,1.0,0.0002337404312511282,77.0,-0.007654999123473449,-1.3100000000000023,0.007888739554724578,976
10,2.100000000000005,-2.9,55,1,0.03999999999999204,0.0002337404312511282,1.0,0.0002337404312511282,77.0,-0.007654999123473449,-1.3100000000000023,0.007888739554724578,977
10,2.100000000000005,-2.8,55,1,0.03999999999999204,0.0002337404312511282,1.0,0.0002337404312511282,77.0,-0.007654999123473449,-1.3100000000000023,0.007888739554724578,978
10,2.100000000000005,-2.6999999999999997,55,1,0.03999999999999204,0.0002337404312511282,1.0,0.0002337404312511282,77.0,-0.007654999123473449,-1.3100000000000023,0.007888739554724578,979
10,2.100000000000005,-2.5999999999999996,55,1,0.03999999999999204,0.0002337404312511282,1.0,0.0002337404312511282,77.0,-0.007654999123473449,-1.3100000000000023,0.007888739554724578,980
10,2.100000000000005,-2.4999999999999996,55,1,0.03999999999999204,0.0002337404312511282,1.0,0.0002337404312511282,77.0,-0.007654999123473449,-1.3100000000000023,0.007888739554724578,981
10,2.100000000000005,-2.3999999999999995,55,1,0.03999999999999204,0.0002337404312511282,1.0,0.0002337404312511282,77.0,-0.007654999123473449,-1.3100000000000023,0.007888739554724578,982
10,2.100000000000005,-2.2999999999999994,55,1,0.03999999999999204,0.0002337404312511282,1.0,0.0002337404312511282,77.0,-0.007654999123473449,-1.3100000000000023,0.007888739554724578,983
10,2.100000000000005,-2.1999999999999993,55,1,0.03999999999999204,0.0002337404312511282,1.0,0.0002337404312511282,77.0,-0.007654999123473449,-1.3100000000000023,0.007888739554724578,984
10,2.100000000000005,-2.099999999999999,55,1,0.03999999999999204,0.0002337404312511282,1.0,0.0002337404312511282,77.0,-0.007654999123473449,-1.3100000000000023,0.007888739554724578,985
10,2.100000000000005,-1.9999999999999991,55,1,0.03999999999999204,0.0002337404312511282,1.0,0.0002337404312511282,77.0,-0.007654999123473449,-1.3100000000000023,0.007888739554724578,986
10,2.100000000000005,-1.899999999999999,55,1,0.03999999999999204,0.0002337404312511282,1.0,0.0002337404312511282,77.0,-0.007654999123473449,-1.3100000000000023,0.007888739554724578,987
10,2.100000000000005,-1.799999999999999,55,1,0.03999999999999204,0.0002337404312511282,1.0,0.0002337404312511282,77.0,-0.007654999123473449,-1.3100000000000023,0.007888739554724578,988
10,2.100000000000005,-1.6999999999999988,55,1,0.03999999999999204,0.0002337404312511282,1.0,0.0002337404312511282,77.0,-0.007654999123473449,-1.3100000000000023,0.007888739554724578,989
10,2.100000000000005,-1.5999999999999988,55,1,0.03999999999999204,0.0002337404312511282,1.0,0.0002337404312511282,77.0,-0.007654999123473449,-1.3100000000000023,0.007888739554724578,990
10,2.100000000000005,-1.4999999999999987,55,1,0.03999999999999204,0.0002337404312511282,1.0,0.0002337404312511282,77.0,-0.007654999123473449,-1.3100000000000023,0.007888739554724578,991
10,2.100000000000005,-1.3999999999999986,55,1,0.03999999999999204,0.0002337404312511282,1.0,0.0002337404312511282,77.0,-0.007654999123473449,-1.3100000000000023,0.007888739554724578,992
10,2.100000000000005,-1.2999999999999985,55,1,0.03999999999999204,0.0002337404312511282,1.0,0.0002337404312511282,77.0,-0.007654999123473449,-1.3100000000000023,0.007888739554724578,993
10,2.100000000000005,-1.1999999999999984,55,1,0.03999999999999204,0.0002337404312511282,1.0,0.0002337404312511282,77.0,-0.007654999123473449,-1.3100000000000023,0.007888739554724578,994
10,2.100000000000005,-1.0999999999999983,55,1,0.03999999999999204,0.0002337404312511282,1.0,0.0002337404312511282,77.0,-0.007654999123473449,-1.3100000000000023,0.007888739554724578,995
10,2.100000000000005,-0.9999999999999982,55,1,0.03999999999999204,0.0002337404312511282,1.0,0.0002337404312511282,77.0,-0.007654999123473449,-1.3100000000000023,0.007888739554724578,996
10,2.100000000000005,-0.8999999999999981,55,1,0.03999999999999204,0.0002337404312511282,1.0,0.0002337404312511282,77.0,-0.007654999123473449,-1.3100000000000023,0.007888739554724578,997
10,2.100000000000005,-0.799999999999998,55,1,0.03999999999999204,0.0002337404312511282,1.0,0.0002337404312511282,77.0,-0.007654999123473449,-1.3100000000000023,0.007888739554724578,998
10,2.2000000000000046,-3.0,55,1,0.03999999999999204,0.0002337404312511282,1.0,0.0002337404312511282,77.0,-0.007654999123473449,-1.3100000000000023,0.007888739554724578,999
10,2.2000000000000046,-2.9,55,1,0.03999999999999204,0.0002337404312511282,1.0,0.0002337404312511282,77.0,-0.007654999123473449,-1.3100000000000023,0.007888739554724578,1000
10,2.2000000000000046,-2.8,55,1,0.03999999999999204,0.0002337404312511282,1.0,0.0002337404312511282,77.0,-0.007654999123473449,-1.3100000000000023,0.007888739554724578,1001
10,2.2000000000000046,-2.6999999999999997,55,1,0.03999999999999204,0.0002337404312511282,1.0,0.0002337404312511282,77.0,-0.007654999123473449,-1.3100000000000023,0.007888739554724578,1002
10,2.2000000000000046,-2.5999999999999996,55,1,0.03999999999999204,0.0002337404312511282,1.0,0.0002337404312511282,77.0,-0.007654999123473449,-1.3100000000000023,0.007888739554724578,1003
10,2.2000000000000046,-2.4999999999999996,55,1,0.03999999999999204,0.0002337404312511282,1.0,0.0002337404312511282,77.0,-0.007654999123473449,-1.3100000000000023,0.007888739554724578,1004
10,2.2000000000000046,-2.3999999999999995,55,1,0.03999999999999204,0.0002337404312511282,1.0,0.0002337404312511282,77.0,-0.007654999123473449,-1.3100000000000023,0.007888739554724578,1005
10,2.2000000000000046,-2.2999999999999994,55,1,0.03999999999999204,0.0002337404312511282,1.0,0.0002337404312511282,77.0,-0.007654999123473449,-1.3100000000000023,0.007888739554724578,1006
10,2.2000000000000046,-2.1999999999999993,55,1,0.03999999999999204,0.0002337404312511282,1.0,0.0002337404312511282,77.0,-0.007654999123473449,-1.3100000000000023,0.007888739554724578,1007
10,2.2000000000000046,-2.099999999999999,55,1,0.03999999999999204,0.0002337404312511282,1.0,0.0002337404312511282,77.0,-0.007654999123473449,-1.3100000000000023,0.007888739554724578,1008
10,2.2000000000000046,-1.9999999999999991,55,1,0.03999999999999204,0.0002337404312511282,1.0,0.0002337404312511282,77.0,-0.007654999123473449,-1.3100000000000023,0.007888739554724578,1009
10,2.2000000000000046,-1.899999999999999,55,1,0.03999999999999204,0.0002337404312511282,1.0,0.0002337404312511282,77.0,-0.007654999123473449,-1.3100000000000023,0.007888739554724578,1010
10,2.2000000000000046,-1.799999999999999,55,1,0.03999999999999204,0.0002337404312511282,1.0,0.0002337404312511282,77.0,-0.007654999123473449,-1.3100000000000023,0.007888739554724578,1011
10,2.2000000000000046,-1.6999999999999988,55,1,0.03999999999999204,0.0002337404312511282,1.0,0.0002337404312511282,77.0,-0.007654999123473449,-1.3100000000000023,0.007888739554724578,1012
10,2.2000000000000046,-1.5999999999999988,55,1,0.03999999999999204,0.0002337404312511282,1.0,0.0002337404312511282,77.0,-0.007654999123473449,-1.3100000000000023,0.007888739554724578,1013
10,2.2000000000000046,-1.4999999999999987,55,1,0.03999999999999204,0.0002337404312511282,1.0,0.0002337404312511282,77.0,-0.007654999123473449,-1.3100000000000023,0.007888739554724578,1014
10,2.2000000000000046,-1.3999999999999986,55,1,0.03999999999999204,0.0002337404312511282,1.0,0.0002337404312511282,77.0,-0.007654999123473449,-1.3100000000000023,0.007888739554724578,1015
10,2.2000000000000046,-1.2999999999999985,55,1,0.03999999999999204,0.0002337404312511282,1.0,0.0002337404312511282,77.0,-0.007654999123473449,-1.3100000000000023,0.007888739554724578,1016
10,2.2000000000000046,-1.1999999999999984,55,1,0.03999999999999204,0.0002337404312511282,1.0,0.0002337404312511282,77.0,-0.007654999123473449,-1.3100000000000023,0.007888739554724578,1017
10,2.2000000000000046,-1.0999999999999983,55,1,0.03999999999999204,0.0002337404312511282,1.0,0.0002337404312511282,77.0,-0.007654999123473449,-1.3100000000000023,0.007888739554724578,1018
10,2.2000000000000046,-0.9999999999999982,55,1,0.03999999999999204,0.0002337404312511282,1.0,0.0002337404312511282,77.0,-0.007654999123473449,-1.3100000000000023,0.007888739554724578,1019
10,2.2000000000000046,-0.8999999999999981,55,1,0.03999999999999204,0.0002337404312511282,1.0,0.0002337404312511282,77.0,-0.007654999123473449,-1.3100000000000023,0.007888739554724578,1020
10,2.2000000000000046,-0.799999999999998,55,1,0.03999999999999204,0.0002337404312511282,1.0,0.0002337404312511282,77.0,-0.007654999123473449,-1.3100000000000023,0.007888739554724578,1021
10,2.3000000000000043,-3.0,55,1,0.03999999999999204,0.0002337404312511282,1.0,0.0002337404312511282,77.0,-0.007654999123473449,-1.3100000000000023,0.007888739554724578,1022
10,2.3000000000000043,-2.9,55,1,0.03999999999999204,0.0002337404312511282,1.0,0.0002337404312511282,77.0,-0.007654999123473449,-1.3100000000000023,0.007888739554724578,1023
10,2.3000000000000043,-2.8,55,1,0.03999999999999204,0.0002337404312511282,1.0,0.0002337404312511282,77.0,-0.007654999123473449,-1.3100000000000023,0.007888739554724578,1024
10,2.3000000000000043,-2.6999999999999997,55,1,0.03999999999999204,0.0002337404312511282,1.0,0.0002337404312511282,77.0,-0.007654999123473449,-1.3100000000000023,0.007888739554724578,1025
10,2.3000000000000043,-2.5999999999999996,55,1,0.03999999999999204,0.0002337404312511282,1.0,0.0002337404312511282,77.0,-0.007654999123473449,-1.3100000000000023,0.007888739554724578,1026
10,2.3000000000000043,-2.4999999999999996,55,1,0.03999999999999204,0.0002337404312511282,1.0,0.0002337404312511282,77.0,-0.007654999123473449,-1.3100000000000023,0.007888739554724578,1027
10,2.3000000000000043,-2.3999999999999995,55,1,0.03999999999999204,0.0002337404312511282,1.0,0.0002337404312511282,77.0,-0.007654999123473449,-1.3100000000000023,0.007888739554724578,1028
10,2.3000000000000043,-2.2999999999999994,55,1,0.03999999999999204,0.0002337404312511282,1.0,0.0002337404312511282,77.0,-0.007654999123473449,-1.3100000000000023,0.007888739554724578,1029
10,2.3000000000000043,-2.1999999999999993,55,1,0.03999999999999204,0.0002337404312511282,1.0,0.0002337404312511282,77.0,-0.007654999123473449,-1.3100000000000023,0.007888739554724578,1030
10,2.3000000000000043,-2.099999999999999,55,1,0.03999999999999204,0.0002337404312511282,1.0,0.0002337404312511282,77.0,-0.007654999123473449,-1.3100000000000023,0.007888739554724578,1031
10,2.3000000000000043,-1.9999999999999991,55,1,0.03999999999999204,0.0002337404312511282,1.0,0.0002337404312511282,77.0,-0.007654999123473449,-1.3100000000000023,0.007888739554724578,1032
10,2.3000000000000043,-1.899999999999999,55,1,0.03999999999999204,0.0002337404312511282,1.0,0.0002337404312511282,77.0,-0.007654999123473449,-1.3100000000000023,0.007888739554724578,1033
10,2.3000000000000043,-1.799999999999999,55,1,0.03999999999999204,0.0002337404312511282,1.0,0.0002337404312511282,77.0,-0.007654999123473449,-1.3100000000000023,0.007888739554724578,1034
10,2.3000000000000043,-1.6999999999999988,55,1,0.03999999999999204,0.0002337404312511282,1.0,0.0002337404312511282,77.0,-0.007654999123473449,-1.3100000000000023,0.007888739554724578,1035
10,2.3000000000000043,-1.5999999999999988,55,1,0.03999999999999204,0.0002337404312511282,1.0,0.0002337404312511282,77.0,-0.007654999123473449,-1.3100000000000023,0.007888739554724578,1036
10,2.3000000000000043,-1.4999999999999987,55,1,0.03999999999999204,0.0002337404312511282,1.0,0.0002337404312511282,77.0,-0.007654999123473449,-1.3100000000000023,0.007888739554724578,1037
10,2.3000000000000043,-1.3999999999999986,55,1,0.03999999999999204,0.0002337404312511282,1.0,0.0002337404312511282,77.0,-0.007654999123473449,-1.3100000000000023,0.007888739554724578,1038
10,2.3000000000000043,-1.2999999999999985,55,1,0.03999999999999204,0.0002337404312511282,1.0,0.0002337404312511282,77.0,-0.007654999123473449,-1.3100000000000023,0.007888739554724578,1039
10,2.3000000000000043,-1.1999999999999984,55,1,0.03999999999999204,0.0002337404312511282,1.0,0.0002337404312511282,77.0,-0.007654999123473449,-1.3100000000000023,0.007888739554724578,1040
10,2.3000000000000043,-1.0999999999999983,55,1,0.03999999999999204,0.0002337404312511282,1.0,0.0002337404312511282,77.0,-0.007654999123473449,-1.3100000000000023,0.007888739554724578,1041
10,2.3000000000000043,-0.9999999999999982,55,1,0.03999999999999204,0.0002337404312511282,1.0,0.0002337404312511282,77.0,-0.007654999123473449,-1.3100000000000023,0.007888739554724578,1042
10,2.3000000000000043,-0.8999999999999981,55,1,0.03999999999999204,0.0002337404312511282,1.0,0.0002337404312511282,77.0,-0.007654999123473449,-1.3100000000000023,0.007888739554724578,1043
10,2.3000000000000043,-0.799999999999998,55,1,0.03999999999999204,0.0002337404312511282,1.0,0.0002337404312511282,77.0,-0.007654999123473449,-1.3100000000000023,0.007888739554724578,1044
10,2.400000000000005,-3.0,55,1,0.03999999999999204,0.0002337404312511282,1.0,0.0002337404312511282,77.0,-0.007654999123473449,-1.3100000000000023,0.007888739554724578,1045
10,2.400000000000005,-2.9,55,1,0.03999999999999204,0.0002337404312511282,1.0,0.0002337404312511282,77.0,-0.007654999123473449,-1.3100000000000023,0.007888739554724578,1046
10,2.400000000000005,-2.8,55,1,0.03999999999999204,0.0002337404312511282,1.0,0.0002337404312511282,77.0,-0.007654999123473449,-1.3100000000000023,0.007888739554724578,1047
10,2.400000000000005,-2.6999999999999997,55,1,0.03999999999999204,0.0002337404312511282,1.0,0.0002337404312511282,77.0,-0.007654999123473449,-1.3100000000000023,0.007888739554724578,1048
10,2.400000000000005,-2.5999999999999996,55,1,0.03999999999999204,0.0002337404312511282,1.0,0.0002337404312511282,77.0,-0.007654999123473449,-1.3100000000000023,0.007888739554724578,1049
10,2.400000000000005,-2.4999999999999996,55,1,0.03999999999999204,0.0002337404312511282,1.0,0.0002337404312511282,77.0,-0.007654999123473449,-1.3100000000000023,0.007888739554724578,1050
10,2.400000000000005,-2.3999999999999995,55,1,0.03999999999999204,0.0002337404312511282,1.0,0.0002337404312511282,77.0,-0.007654999123473449,-1.3100000000000023,0.007888739554724578,1051
10,2.400000000000005,-2.2999999999999994,55,1,0.03999999999999204,0.0002337404312511282,1.0,0.0002337404312511282,77.0,-0.007654999123473449,-1.3100000000000023,0.007888739554724578,1052
10,2.400000000000005,-2.1999999999999993,55,1,0.03999999999999204,0.0002337404312511282,1.0,0.0002337404312511282,77.0,-0.007654999123473449,-1.3100000000000023,0.007888739554724578,1053
10,2.400000000000005,-2.099999999999999,55,1,0.03999999999999204,0.0002337404312511282,1.0,0.0002337404312511282,77.0,-0.007654999123473449,-1.3100000000000023,0.007888739554724578,1054
10,2.400000000000005,-1.9999999999999991,55,1,0.03999999999999204,0.0002337404312511282,1.0,0.0002337404312511282,77.0,-0.007654999123473449,-1.3100000000000023,0.007888739554724578,1055
10,2.400000000000005,-1.899999999999999,55,1,0.03999999999999204,0.0002337404312511282,1.0,0.0002337404312511282,77.0,-0.007654999123473449,-1.3100000000000023,0.007888739554724578,1056
10,2.400000000000005,-1.799999999999999,55,1,0.03999999999999204,0.0002337404312511282,1.0,0.0002337404312511282,77.0,-0.007654999123473449,-1.3100000000000023,0.007888739554724578,1057
10,2.400000000000005,-1.6999999999999988,55,1,0.03999999999999204,0.0002337404312511282,1.0,0.0002337404312511282,77.0,-0.007654999123473449,-1.3100000000000023,0.007888739554724578,1058
10,2.400000000000005,-1.5999999999999988,55,1,0.03999999999999204,0.0002337404312511282,1.0,0.0002337404312511282,77.0,-0.007654999123473449,-1.3100000000000023,0.007888739554724578,1059
10,2.400000000000005,-1.4999999999999987,55,1,0.03999999999999204,0.0002337404312511282,1.0,0.0002337404312511282,77.0,-0.007654999123473449,-1.3100000000000023,0.007888739554724578,1060
10,2.400000000000005,-1.3999999999999986,55,1,0.03999999999999204,0.0002337404312511282,1.0,0.0002337404312511282,77.0,-0.007654999123473449,-1.3100000000000023,0.007888739554724578,1061
10,2.400000000000005,-1.2999999999999985,55,1,0.03999999999999204,0.0002337404312511282,1.0,0.0002337404312511282,77.0,-0.007654999123473449,-1.3100000000000023,0.007888739554724578,1062
10,2.400000000000005,-1.1999999999999984,55,1,0.03999999999999204,0.0002337404312511282,1.0,0.0002337404312511282,77.0,-0.007654999123473449,-1.3100000000000023,0.007888739554724578,1063
10,2.400000000000005,-1.0999999999999983,55,1,0.03999999999999204,0.0002337404312511282,1.0,0.0002337404312511282,77.0,-0.007654999123473449,-1.3100000000000023,0.007888739554724578,1064
10,2.400000000000005,-0.9999999999999982,55,1,0.03999999999999204,0.0002337404312511282,1.0,0.0002337404312511282,77.0,-0.007654999123473449,-1.3100000000000023,0.007888739554724578,1065
10,2.400000000000005,-0.8999999999999981,55,1,0.03999999999999204,0.0002337404312511282,1.0,0.0002337404312511282,77.0,-0.007654999123473449,-1.3100000000000023,0.007888739554724578,1066
10,2.400000000000005,-0.799999999999998,55,1,0.03999999999999204,0.0002337404312511282,1.0,0.0002337404312511282,77.0,-0.007654999123473449,-1.3100000000000023,0.007888739554724578,1067
5,0.5000000000000031,-1.899999999999999,60,16,0.16999999999993065,0.00019616788633558535,0.8125,0.00012111294523685368,3.3125,-0.0014112666117841455,-0.2400000000000091,0.0016074344981197308,1068
22,0.7000000000000033,-0.799999999999998,43,4,0.01999999999998181,0.0001628933295401147,0.75,0.00017213586508871281,11.0,-0.04541877459246779,-8.080000000000013,0.04558166792200791,1069
22,1.600000000000004,-3.0,43,0,0.0,0.0,-1.0,,,-0.04541877459246779,-8.080000000000013,0.04541877459246779,1070
22,1.600000000000004,-2.9,43,0,0.0,0.0,-1.0,,,-0.04541877459246779,-8.080000000000013,0.04541877459246779,1071
22,1.600000000000004,-2.8,43,0,0.0,0.0,-1.0,,,-0.04541877459246779,-8.080000000000013,0.04541877459246779,1072
22,1.600000000000004,-2.6999999999999997,43,0,0.0,0.0,-1.0,,,-0.04541877459246779,-8.080000000000013,0.04541877459246779,1073
22,1.600000000000004,-2.5999999999999996,43,0,0.0,0.0,-1.0,,,-0.04541877459246779,-8.080000000000013,0.04541877459246779,1074
22,1.600000000000004,-2.4999999999999996,43,0,0.0,0.0,-1.0,,,-0.04541877459246779,-8.080000000000013,0.04541877459246779,1075
22,1.600000000000004,-2.3999999999999995,43,0,0.0,0.0,-1.0,,,-0.04541877459246779,-8.080000000000013,0.04541877459246779,1076
22,1.600000000000004,-2.2999999999999994,43,0,0.0,0.0,-1.0,,,-0.04541877459246779,-8.080000000000013,0.04541877459246779,1077
22,1.600000000000004,-2.1999999999999993,43,0,0.0,0.0,-1.0,,,-0.04541877459246779,-8.080000000000013,0.04541877459246779,1078
22,1.600000000000004,-2.099999999999999,43,0,0.0,0.0,-1.0,,,-0.04541877459246779,-8.080000000000013,0.04541877459246779,1079
22,1.600000000000004,-1.9999999999999991,43,0,0.0,0.0,-1.0,,,-0.04541877459246779,-8.080000000000013,0.04541877459246779,1080
22,1.600000000000004,-1.899999999999999,43,0,0.0,0.0,-1.0,,,-0.04541877459246779,-8.080000000000013,0.04541877459246779,1081
22,1.600000000000004,-1.799999999999999,43,0,0.0,0.0,-1.0,,,-0.04541877459246779,-8.080000000000013,0.04541877459246779,1082
22,1.600000000000004,-1.6999999999999988,43,0,0.0,0.0,-1.0,,,-0.04541877459246779,-8.080000000000013,0.04541877459246779,1083
22,1.600000000000004,-1.5999999999999988,43,0,0.0,0.0,-1.0,,,-0.04541877459246779,-8.080000000000013,0.04541877459246779,1084
22,1.600000000000004,-1.4999999999999987,43,0,0.0,0.0,-1.0,,,-0.04541877459246779,-8.080000000000013,0.04541877459246779,1085
22,1.600000000000004,-1.3999999999999986,43,0,0.0,0.0,-1.0,,,-0.04541877459246779,-8.080000000000013,0.04541877459246779,1086
22,1.600000000000004,-1.2999999999999985,43,0,0.0,0.0,-1.0,,,-0.04541877459246779,-8.080000000000013,0.04541877459246779,1087
22,1.600000000000004,-1.1999999999999984,43,0,0.0,0.0,-1.0,,,-0.04541877459246779,-8.080000000000013,0.04541877459246779,1088
22,1.600000000000004,-1.0999999999999983,43,0,0.0,0.0,-1.0,,,-0.04541877459246779,-8.080000000000013,0.04541877459246779,1089
22,1.600000000000004,-0.9999999999999982,43,0,0.0,0.0,-1.0,,,-0.04541877459246779,-8.080000000000013,0.04541877459246779,1090
22,1.600000000000004,-0.8999999999999981,43,0,0.0,0.0,-1.0,,,-0.04541877459246779,-8.080000000000013,0.04541877459246779,1091
22,1.600000000000004,-0.799999999999998,43,0,0.0,0.0,-1.0,,,-0.04541877459246779,-8.080000000000013,0.04541877459246779,1092
22,1.600000000000004,-0.699999999999998,43,0,0.0,0.0,-1.0,,,-0.04541877459246779,-8.080000000000013,0.04541877459246779,1093
22,1.600000000000004,-0.5999999999999979,43,0,0.0,0.0,-1.0,,,-0.04541877459246779,-8.080000000000013,0.04541877459246779,1094
22,1.600000000000004,-0.4999999999999978,43,0,0.0,0.0,-1.0,,,-0.04541877459246779,-8.080000000000013,0.04541877459246779,1095
22,1.600000000000004,-0.3999999999999977,43,0,0.0,0.0,-1.0,,,-0.04541877459246779,-8.080000000000013,0.04541877459246779,1096
22,1.600000000000004,-0.2999999999999976,43,0,0.0,0.0,-1.0,,,-0.04541877459246779,-8.080000000000013,0.04541877459246779,1097
22,1.600000000000004,-0.1999999999999975,43,0,0.0,0.0,-1.0,,,-0.04541877459246779,-8.080000000000013,0.04541877459246779,1098
22,1.600000000000004,-0.09999999999999742,43,0,0.0,0.0,-1.0,,,-0.04541877459246779,-8.080000000000013,0.04541877459246779,1099
22,1.600000000000004,2.6645352591003757e-15,43,0,0.0,0.0,-1.0,,,-0.04541877459246779,-8.080000000000013,0.04541877459246779,1100
22,1.600000000000004,0.10000000000000275,43,0,0.0,0.0,-1.0,,,-0.04541877459246779,-8.080000000000013,0.04541877459246779,1101
22,1.600000000000004,0.20000000000000284,43,0,0.0,0.0,-1.0,,,-0.04541877459246779,-8.080000000000013,0.04541877459246779,1102
22,1.600000000000004,0.30000000000000293,43,0,0.0,0.0,-1.0,,,-0.04541877459246779,-8.080000000000013,0.04541877459246779,1103
22,1.600000000000004,0.400000000000003,43,0,0.0,0.0,-1.0,,,-0.04541877459246779,-8.080000000000013,0.04541877459246779,1104
22,1.600000000000004,0.5000000000000031,43,0,0.0,0.0,-1.0,,,-0.04541877459246779,-8.080000000000013,0.04541877459246779,1105
22,1.600000000000004,0.6000000000000032,43,0,0.0,0.0,-1.0,,,-0.04541877459246779,-8.080000000000013,0.04541877459246779,1106
22,1.600000000000004,0.7000000000000033,43,0,0.0,0.0,-1.0,,,-0.04541877459246779,-8.080000000000013,0.04541877459246779,1107
22,1.600000000000004,0.8000000000000034,43,0,0.0,0.0,-1.0,,,-0.04541877459246779,-8.080000000000013,0.04541877459246779,1108
22,1.600000000000004,0.9000000000000035,43,0,0.0,0.0,-1.0,,,-0.04541877459246779,-8.080000000000013,0.04541877459246779,1109
22,1.600000000000004,1.0000000000000036,43,0,0.0,0.0,-1.0,,,-0.04541877459246779,-8.080000000000013,0.04541877459246779,1110
22,1.600000000000004,1.1000000000000032,43,0,0.0,0.0,-1.0,,,-0.04541877459246779,-8.080000000000013,0.04541877459246779,1111
22,1.600000000000004,1.2000000000000037,43,0,0.0,0.0,-1.0,,,-0.04541877459246779,-8.080000000000013,0.04541877459246779,1112
22,1.600000000000004,1.3000000000000043,43,0,0.0,0.0,-1.0,,,-0.04541877459246779,-8.080000000000013,0.04541877459246779,1113
22,1.600000000000004,1.400000000000004,43,0,0.0,0.0,-1.0,,,-0.04541877459246779,-8.080000000000013,0.04541877459246779,1114
22,1.600000000000004,1.5000000000000036,43,0,0.0,0.0,-1.0,,,-0.04541877459246779,-8.080000000000013,0.04541877459246779,1115
22,1.600000000000004,1.600000000000004,43,0,0.0,0.0,-1.0,,,-0.04541877459246779,-8.080000000000013,0.04541877459246779,1116
22,1.600000000000004,1.7000000000000046,43,0,0.0,0.0,-1.0,,,-0.04541877459246779,-8.080000000000013,0.04541877459246779,1117
22,1.600000000000004,1.8000000000000043,43,0,0.0,0.0,-1.0,,,-0.04541877459246779,-8.080000000000013,0.04541877459246779,1118
22,1.600000000000004,1.900000000000004,43,0,0.0,0.0,-1.0,,,-0.04541877459246779,-8.080000000000013,0.04541877459246779,1119
22,1.600000000000004,2.0000000000000044,43,0,0.0,0.0,-1.0,,,-0.04541877459246779,-8.080000000000013,0.04541877459246779,1120
22,1.600000000000004,2.100000000000005,43,0,0.0,0.0,-1.0,,,-0.04541877459246779,-8.080000000000013,0.04541877459246779,1121
22,1.600000000000004,2.2000000000000046,43,0,0.0,0.0,-1.0,,,-0.04541877459246779,-8.080000000000013,0.04541877459246779,1122
22,1.600000000000004,2.3000000000000043,43,0,0.0,0.0,-1.0,,,-0.04541877459246779,-8.080000000000013,0.04541877459246779,1123
22,1.600000000000004,2.400000000000005,43,0,0.0,0.0,-1.0,,,-0.04541877459246779,-8.080000000000013,0.04541877459246779,1124
22,1.600000000000004,2.5000000000000053,43,0,0.0,0.0,-1.0,,,-0.04541877459246779,-8.080000000000013,0.04541877459246779,1125
22,1.600000000000004,2.600000000000005,43,0,0.0,0.0,-1.0,,,-0.04541877459246779,-8.080000000000013,0.04541877459246779,1126
22,1.600000000000004,2.7000000000000046,43,0,0.0,0.0,-1.0,,,-0.04541877459246779,-8.080000000000013,0.04541877459246779,1127
22,1.600000000000004,2.800000000000005,43,0,0.0,0.0,-1.0,,,-0.04541877459246779,-8.080000000000013,0.04541877459246779,1128
22,1.600000000000004,2.9000000000000057,43,0,0.0,0.0,-1.0,,,-0.04541877459246779,-8.080000000000013,0.04541877459246779,1129
22,1.600000000000004,3.0000000000000053,43,0,0.0,0.0,-1.0,,,-0.04541877459246779,-8.080000000000013,0.04541877459246779,1130
22,1.7000000000000046,-3.0,43,0,0.0,0.0,-1.0,,,-0.04541877459246779,-8.080000000000013,0.04541877459246779,1131
22,1.7000000000000046,-2.9,43,0,0.0,0.0,-1.0,,,-0.04541877459246779,-8.080000000000013,0.04541877459246779,1132
22,1.7000000000000046,-2.8,43,0,0.0,0.0,-1.0,,,-0.04541877459246779,-8.080000000000013,0.04541877459246779,1133
22,1.7000000000000046,-2.6999999999999997,43,0,0.0,0.0,-1.0,,,-0.04541877459246779,-8.080000000000013,0.04541877459246779,1134
22,1.7000000000000046,-2.5999999999999996,43,0,0.0,0.0,-1.0,,,-0.04541877459246779,-8.080000000000013,0.04541877459246779,1135
22,1.7000000000000046,-2.4999999999999996,43,0,0.0,0.0,-1.0,,,-0.04541877459246779,-8.080000000000013,0.04541877459246779,1136
22,1.7000000000000046,-2.3999999999999995,43,0,0.0,0.0,-1.0,,,-0.04541877459246779,-8.080000000000013,0.04541877459246779,1137
22,1.7000000000000046,-2.2999999999999994,43,0,0.0,0.0,-1.0,,,-0.04541877459246779,-8.080000000000013,0.04541877459246779,1138
22,1.7000000000000046,-2.1999999999999993,43,0,0.0,0.0,-1.0,,,-0.04541877459246779,-8.080000000000013,0.04541877459246779,1139
22,1.7000000000000046,-2.099999999999999,43,0,0.0,0.0,-1.0,,,-0.04541877459246779,-8.080000000000013,0.04541877459246779,1140
22,1.7000000000000046,-1.9999999999999991,43,0,0.0,0.0,-1.0,,,-0.04541877459246779,-8.080000000000013,0.04541877459246779,1141
22,1.7000000000000046,-1.899999999999999,43,0,0.0,0.0,-1.0,,,-0.04541877459246779,-8.080000000000013,0.04541877459246779,1142
22,1.7000000000000046,-1.799999999999999,43,0,0.0,0.0,-1.0,,,-0.04541877459246779,-8.080000000000013,0.04541877459246779,1143
22,1.7000000000000046,-1.6999999999999988,43,0,0.0,0.0,-1.0,,,-0.04541877459246779,-8.080000000000013,0.04541877459246779,1144
22,1.7000000000000046,-1.5999999999999988,43,0,0.0,0.0,-1.0,,,-0.04541877459246779,-8.080000000000013,0.04541877459246779,1145
22,1.7000000000000046,-1.4999999999999987,43,0,0.0,0.0,-1.0,,,-0.04541877459246779,-8.080000000000013,0.04541877459246779,1146
22,1.7000000000000046,-1.3999999999999986,43,0,0.0,0.0,-1.0,,,-0.04541877459246779,-8.080000000000013,0.04541877459246779,1147
22,1.7000000000000046,-1.2999999999999985,43,0,0.0,0.0,-1.0,,,-0.04541877459246779,-8.080000000000013,0.04541877459246779,1148
22,1.7000000000000046,-1.1999999999999984,43,0,0.0,0.0,-1.0,,,-0.04541877459246779,-8.080000000000013,0.04541877459246779,1149
22,1.7000000000000046,-1.0999999999999983,43,0,0.0,0.0,-1.0,,,-0.04541877459246779,-8.080000000000013,0.04541877459246779,1150
22,1.7000000000000046,-0.9999999999999982,43,0,0.0,0.0,-1.0,,,-0.04541877459246779,-8.080000000000013,0.04541877459246779,1151
22,1.7000000000000046,-0.8999999999999981,43,0,0.0,0.0,-1.0,,,-0.04541877459246779,-8.080000000000013,0.04541877459246779,1152
22,1.7000000000000046,-0.799999999999998,43,0,0.0,0.0,-1.0,,,-0.04541877459246779,-8.080000000000013,0.04541877459246779,1153
22,1.7000000000000046,-0.699999999999998,43,0,0.0,0.0,-1.0,,,-0.04541877459246779,-8.080000000000013,0.04541877459246779,1154
22,1.7000000000000046,-0.5999999999999979,43,0,0.0,0.0,-1.0,,,-0.04541877459246779,-8.080000000000013,0.04541877459246779,1155
22,1.7000000000000046,-0.4999999999999978,43,0,0.0,0.0,-1.0,,,-0.04541877459246779,-8.080000000000013,0.04541877459246779,1156
22,1.7000000000000046,-0.3999999999999977,43,0,0.0,0.0,-1.0,,,-0.04541877459246779,-8.080000000000013,0.04541877459246779,1157
22,1.7000000000000046,-0.2999999999999976,43,0,0.0,0.0,-1.0,,,-0.04541877459246779,-8.080000000000013,0.04541877459246779,1158
22,1.7000000000000046,-0.1999999999999975,43,0,0.0,0.0,-1.0,,,-0.04541877459246779,-8.080000000000013,0.04541877459246779,1159
22,1.7000000000000046,-0.09999999999999742,43,0,0.0,0.0,-1.0,,,-0.04541877459246779,-8.080000000000013,0.04541877459246779,1160
22,1.7000000000000046,2.6645352591003757e-15,43,0,0.0,0.0,-1.0,,,-0.04541877459246779,-8.080000000000013,0.04541877459246779,1161
22,1.7000000000000046,0.10000000000000275,43,0,0.0,0.0,-1.0,,,-0.04541877459246779,-8.080000000000013,0.04541877459246779,1162
22,1.7000000000000046,0.20000000000000284,43,0,0.0,0.0,-1.0,,,-0.04541877459246779,-8.080000000000013,0.04541877459246779,1163
22,1.7000000000000046,0.30000000000000293,43,0,0.0,0.0,-1.0,,,-0.04541877459246779,-8.080000000000013,0.04541877459246779,1164
22,1.7000000000000046,0.400000000000003,43,0,0.0,0.0,-1.0,,,-0.04541877459246779,-8.080000000000013,0.04541877459246779,1165
22,1.7000000000000046,0.5000000000000031,43,0,0.0,0.0,-1.0,,,-0.04541877459246779,-8.080000000000013,0.04541877459246779,1166
22,1.7000000000000046,0.6000000000000032,43,0,0.0,0.0,-1.0,,,-0.04541877459246779,-8.080000000000013,0.04541877459246779,1167
22,1.7000000000000046,0.7000000000000033,43,0,0.0,0.0,-1.0,,,-0.04541877459246779,-8.080000000000013,0.04541877459246779,1168
22,1.7000000000000046,0.8000000000000034,43,0,0.0,0.0,-1.0,,,-0.04541877459246779,-8.080000000000013,0.04541877459246779,1169
22,1.7000000000000046,0.9000000000000035,43,0,0.0,0.0,-1.0,,,-0.04541877459246779,-8.080000000000013,0.04541877459246779,1170
22,1.7000000000000046,1.0000000000000036,43,0,0.0,0.0,-1.0,,,-0.04541877459246779,-8.080000000000013,0.04541877459246779,1171
22,1.7000000000000046,1.1000000000000032,43,0,0.0,0.0,-1.0,,,-0.04541877459246779,-8.080000000000013,0.04541877459246779,1172
22,1.7000000000000046,1.2000000000000037,43,0,0.0,0.0,-1.0,,,-0.04541877459246779,-8.080000000000013,0.04541877459246779,1173
22,1.7000000000000046,1.3000000000000043,43,0,0.0,0.0,-1.0,,,-0.04541877459246779,-8.080000000000013,0.04541877459246779,1174
22,1.7000000000000046,1.400000000000004,43,0,0.0,0.0,-1.0,,,-0.04541877459246779,-8.080000000000013,0.04541877459246779,1175
22,1.7000000000000046,1.5000000000000036,43,0,0.0,0.0,-1.0,,,-0.04541877459246779,-8.080000000000013,0.04541877459246779,1176
22,1.7000000000000046,1.600000000000004,43,0,0.0,0.0,-1.0,,,-0.04541877459246779,-8.080000000000013,0.04541877459246779,1177
22,1.7000000000000046,1.7000000000000046,43,0,0.0,0.0,-1.0,,,-0.04541877459246779,-8.080000000000013,0.04541877459246779,1178
22,1.7000000000000046,1.8000000000000043,43,0,0.0,0.0,-1.0,,,-0.04541877459246779,-8.080000000000013,0.04541877459246779,1179
22,1.7000000000000046,1.900000000000004,43,0,0.0,0.0,-1.0,,,-0.04541877459246779,-8.080000000000013,0.04541877459246779,1180
22,1.7000000000000046,2.0000000000000044,43,0,0.0,0.0,-1.0,,,-0.04541877459246779,-8.080000000000013,0.04541877459246779,1181
22,1.7000000000000046,2.100000000000005,43,0,0.0,0.0,-1.0,,,-0.04541877459246779,-8.080000000000013,0.04541877459246779,1182
22,1.7000000000000046,2.2000000000000046,43,0,0.0,0.0,-1.0,,,-0.04541877459246779,-8.080000000000013,0.04541877459246779,1183
22,1.7000000000000046,2.3000000000000043,43,0,0.0,0.0,-1.0,,,-0.04541877459246779,-8.080000000000013,0.04541877459246779,1184
22,1.7000000000000046,2.400000000000005,43,0,0.0,0.0,-1.0,,,-0.04541877459246779,-8.080000000000013,0.04541877459246779,1185
22,1.7000000000000046,2.5000000000000053,43,0,0.0,0.0,-1.0,,,-0.04541877459246779,-8.080000000000013,0.04541877459246779,1186
22,1.7000000000000046,2.600000000000005,43,0,0.0,0.0,-1.0,,,-0.04541877459246779,-8.080000000000013,0.04541877459246779,1187
22,1.7000000000000046,2.7000000000000046,43,0,0.0,0.0,-1.0,,,-0.04541877459246779,-8.080000000000013,0.04541877459246779,1188
22,1.7000000000000046,2.800000000000005,43,0,0.0,0.0,-1.0,,,-0.04541877459246779,-8.080000000000013,0.04541877459246779,1189
22,1.7000000000000046,2.9000000000000057,43,0,0.0,0.0,-1.0,,,-0.04541877459246779,-8.080000000000013,0.04541877459246779,1190
22,1.7000000000000046,3.0000000000000053,43,0,0.0,0.0,-1.0,,,-0.04541877459246779,-8.080000000000013,0.04541877459246779,1191
22,1.8000000000000043,-3.0,43,0,0.0,0.0,-1.0,,,-0.04541877459246779,-8.080000000000013,0.04541877459246779,1192
22,1.8000000000000043,-2.9,43,0,0.0,0.0,-1.0,,,-0.04541877459246779,-8.080000000000013,0.04541877459246779,1193
22,1.8000000000000043,-2.8,43,0,0.0,0.0,-1.0,,,-0.04541877459246779,-8.080000000000013,0.04541877459246779,1194
22,1.8000000000000043,-2.6999999999999997,43,0,0.0,0.0,-1.0,,,-0.04541877459246779,-8.080000000000013,0.04541877459246779,1195
22,1.8000000000000043,-2.5999999999999996,43,0,0.0,0.0,-1.0,,,-0.04541877459246779,-8.080000000000013,0.04541877459246779,1196
22,1.8000000000000043,-2.4999999999999996,43,0,0.0,0.0,-1.0,,,-0.04541877459246779,-8.080000000000013,0.04541877459246779,1197
22,1.8000000000000043,-2.3999999999999995,43,0,0.0,0.0,-1.0,,,-0.04541877459246779,-8.080000000000013,0.04541877459246779,1198
22,1.8000000000000043,-2.2999999999999994,43,0,0.0,0.0,-1.0,,,-0.04541877459246779,-8.080000000000013,0.04541877459246779,1199
22,1.8000000000000043,-2.1999999999999993,43,0,0.0,0.0,-1.0,,,-0.04541877459246779,-8.080000000000013,0.04541877459246779,1200
22,1.8000000000000043,-2.099999999999999,43,0,0.0,0.0,-1.0,,,-0.04541877459246779,-8.080000000000013,0.04541877459246779,1201
22,1.8000000000000043,-1.9999999999999991,43,0,0.0,0.0,-1.0,,,-0.04541877459246779,-8.080000000000013,0.04541877459246779,1202
22,1.8000000000000043,-1.899999999999999,43,0,0.0,0.0,-1.0,,,-0.04541877459246779,-8.080000000000013,0.04541877459246779,1203
22,1.8000000000000043,-1.799999999999999,43,0,0.0,0.0,-1.0,,,-0.04541877459246779,-8.080000000000013,0.04541877459246779,1204
22,1.8000000000000043,-1.6999999999999988,43,0,0.0,0.0,-1.0,,,-0.04541877459246779,-8.080000000000013,0.04541877459246779,1205
22,1.8000000000000043,-1.5999999999999988,43,0,0.0,0.0,-1.0,,,-0.04541877459246779,-8.080000000000013,0.04541877459246779,1206
22,1.8000000000000043,-1.4999999999999987,43,0,0.0,0.0,-1.0,,,-0.04541877459246779,-8.080000000000013,0.04541877459246779,1207
22,1.8000000000000043,-1.3999999999999986,43,0,0.0,0.0,-1.0,,,-0.04541877459246779,-8.080000000000013,0.04541877459246779,1208
22,1.8000000000000043,-1.2999999999999985,43,0,0.0,0.0,-1.0,,,-0.04541877459246779,-8.080000000000013,0.04541877459246779,1209
22,1.8000000000000043,-1.1999999999999984,43,0,0.0,0.0,-1.0,,,-0.04541877459246779,-8.080000000000013,0.04541877459246779,1210
22,1.8000000000000043,-1.0999999999999983,43,0,0.0,0.0,-1.0,,,-0.04541877459246779,-8.080000000000013,0.04541877459246779,1211
22,1.8000000000000043,-0.9999999999999982,43,0,0.0,0.0,-1.0,,,-0.04541877459246779,-8.080000000000013,0.04541877459246779,1212
22,1.8000000000000043,-0.8999999999999981,43,0,0.0,0.0,-1.0,,,-0.04541877459246779,-8.080000000000013,0.04541877459246779,1213
22,1.8000000000000043,-0.799999999999998,43,0,0.0,0.0,-1.0,,,-0.04541877459246779,-8.080000000000013,0.04541877459246779,1214
22,1.8000000000000043,-0.699999999999998,43,0,0.0,0.0,-1.0,,,-0.04541877459246779,-8.080000000000013,0.04541877459246779,1215
22,1.8000000000000043,-0.5999999999999979,43,0,0.0,0.0,-1.0,,,-0.04541877459246779,-8.080000000000013,0.04541877459246779,1216
22,1.8000000000000043,-0.4999999999999978,43,0,0.0,0.0,-1.0,,,-0.04541877459246779,-8.080000000000013,0.04541877459246779,1217
22,1.8000000000000043,-0.3999999999999977,43,0,0.0,0.0,-1.0,,,-0.04541877459246779,-8.080000000000013,0.04541877459246779,1218
22,1.8000000000000043,-0.2999999999999976,43,0,0.0,0.0,-1.0,,,-0.04541877459246779,-8.080000000000013,0.04541877459246779,1219
22,1.8000000000000043,-0.1999999999999975,43,0,0.0,0.0,-1.0,,,-0.04541877459246779,-8.080000000000013,0.04541877459246779,1220
22,1.8000000000000043,-0.09999999999999742,43,0,0.0,0.0,-1.0,,,-0.04541877459246779,-8.080000000000013,0.04541877459246779,1221
22,1.8000000000000043,2.6645352591003757e-15,43,0,0.0,0.0,-1.0,,,-0.04541877459246779,-8.080000000000013,0.04541877459246779,1222
22,1.8000000000000043,0.10000000000000275,43,0,0.0,0.0,-1.0,,,-0.04541877459246779,-8.080000000000013,0.04541877459246779,1223
22,1.8000000000000043,0.20000000000000284,43,0,0.0,0.0,-1.0,,,-0.04541877459246779,-8.080000000000013,0.04541877459246779,1224
22,1.8000000000000043,0.30000000000000293,43,0,0.0,0.0,-1.0,,,-0.04541877459246779,-8.080000000000013,0.04541877459246779,1225
22,1.8000000000000043,0.400000000000003,43,0,0.0,0.0,-1.0,,,-0.04541877459246779,-8.080000000000013,0.04541877459246779,1226
22,1.8000000000000043,0.5000000000000031,43,0,0.0,0.0,-1.0,,,-0.04541877459246779,-8.080000000000013,0.04541877459246779,1227
22,1.8000000000000043,0.6000000000000032,43,0,0.0,0.0,-1.0,,,-0.04541877459246779,-8.080000000000013,0.04541877459246779,1228
22,1.8000000000000043,0.7000000000000033,43,0,0.0,0.0,-1.0,,,-0.04541877459246779,-8.080000000000013,0.04541877459246779,1229
22,1.8000000000000043,0.8000000000000034,43,0,0.0,0.0,-1.0,,,-0.04541877459246779,-8.080000000000013,0.04541877459246779,1230
22,1.8000000000000043,0.9000000000000035,43,0,0.0,0.0,-1.0,,,-0.04541877459246779,-8.080000000000013,0.04541877459246779,1231
22,1.8000000000000043,1.0000000000000036,43,0,0.0,0.0,-1.0,,,-0.04541877459246779,-8.080000000000013,0.04541877459246779,1232
22,1.8000000000000043,1.1000000000000032,43,0,0.0,0.0,-1.0,,,-0.04541877459246779,-8.080000000000013,0.04541877459246779,1233
22,1.8000000000000043,1.2000000000000037,43,0,0.0,0.0,-1.0,,,-0.04541877459246779,-8.080000000000013,0.04541877459246779,1234
22,1.8000000000000043,1.3000000000000043,43,0,0.0,0.0,-1.0,,,-0.04541877459246779,-8.080000000000013,0.04541877459246779,1235
22,1.8000000000000043,1.400000000000004,43,0,0.0,0.0,-1.0,,,-0.04541877459246779,-8.080000000000013,0.04541877459246779,1236
22,1.8000000000000043,1.5000000000000036,43,0,0.0,0.0,-1.0,,,-0.04541877459246779,-8.080000000000013,0.04541877459246779,1237
22,1.8000000000000043,1.600000000000004,43,0,0.0,0.0,-1.0,,,-0.04541877459246779,-8.080000000000013,0.04541877459246779,1238
22,1.8000000000000043,1.7000000000000046,43,0,0.0,0.0,-1.0,,,-0.04541877459246779,-8.080000000000013,0.04541877459246779,1239
22,1.8000000000000043,1.8000000000000043,43,0,0.0,0.0,-1.0,,,-0.04541877459246779,-8.080000000000013,0.04541877459246779,1240
22,1.8000000000000043,1.900000000000004,43,0,0.0,0.0,-1.0,,,-0.04541877459246779,-8.080000000000013,0.04541877459246779,1241
22,1.8000000000000043,2.0000000000000044,43,0,0.0,0.0,-1.0,,,-0.04541877459246779,-8.080000000000013,0.04541877459246779,1242
22,1.8000000000000043,2.100000000000005,43,0,0.0,0.0,-1.0,,,-0.04541877459246779,-8.080000000000013,0.04541877459246779,1243
22,1.8000000000000043,2.2000000000000046,43,0,0.0,0.0,-1.0,,,-0.04541877459246779,-8.080000000000013,0.04541877459246779,1244
22,1.8000000000000043,2.3000000000000043,43,0,0.0,0.0,-1.0,,,-0.04541877459246779,-8.080000000000013,0.04541877459246779,1245
22,1.8000000000000043,2.400000000000005,43,0,0.0,0.0,-1.0,,,-0.04541877459246779,-8.080000000000013,0.04541877459246779,1246
22,1.8000000000000043,2.5000000000000053,43,0,0.0,0.0,-1.0,,,-0.04541877459246779,-8.080000000000013,0.04541877459246779,1247
22,1.8000000000000043,2.600000000000005,43,0,0.0,0.0,-1.0,,,-0.04541877459246779,-8.080000000000013,0.04541877459246779,1248
22,1.8000000000000043,2.7000000000000046,43,0,0.0,0.0,-1.0,,,-0.04541877459246779,-8.080000000000013,0.04541877459246779,1249
22,1.8000000000000043,2.800000000000005,43,0,0.0,0.0,-1.0,,,-0.04541877459246779,-8.080000000000013,0.04541877459246779,1250
22,1.8000000000000043,2.9000000000000057,43,0,0.0,0.0,-1.0,,,-0.04541877459246779,-8.080000000000013,0.04541877459246779,1251
22,1.8000000000000043,3.0000000000000053,43,0,0.0,0.0,-1.0,,,-0.04541877459246779,-8.080000000000013,0.04541877459246779,1252
22,1.900000000000004,-3.0,43,0,0.0,0.0,-1.0,,,-0.04541877459246779,-8.080000000000013,0.04541877459246779,1253
22,1.900000000000004,-2.9,43,0,0.0,0.0,-1.0,,,-0.04541877459246779,-8.080000000000013,0.04541877459246779,1254
22,1.900000000000004,-2.8,43,0,0.0,0.0,-1.0,,,-0.04541877459246779,-8.080000000000013,0.04541877459246779,1255
22,1.900000000000004,-2.6999999999999997,43,0,0.0,0.0,-1.0,,,-0.04541877459246779,-8.080000000000013,0.04541877459246779,1256
22,1.900000000000004,-2.5999999999999996,43,0,0.0,0.0,-1.0,,,-0.04541877459246779,-8.080000000000013,0.04541877459246779,1257
22,1.900000000000004,-2.4999999999999996,43,0,0.0,0.0,-1.0,,,-0.04541877459246779,-8.080000000000013,0.04541877459246779,1258
22,1.900000000000004,-2.3999999999999995,43,0,0.0,0.0,-1.0,,,-0.04541877459246779,-8.080000000000013,0.04541877459246779,1259
22,1.900000000000004,-2.2999999999999994,43,0,0.0,0.0,-1.0,,,-0.04541877459246779,-8.080000000000013,0.04541877459246779,1260
22,1.900000000000004,-2.1999999999999993,43,0,0.0,0.0,-1.0,,,-0.04541877459246779,-8.080000000000013,0.04541877459246779,1261
22,1.900000000000004,-2.099999999999999,43,0,0.0,0.0,-1.0,,,-0.04541877459246779,-8.080000000000013,0.04541877459246779,1262
22,1.900000000000004,-1.9999999999999991,43,0,0.0,0.0,-1.0,,,-0.04541877459246779,-8.080000000000013,0.04541877459246779,1263
22,1.900000000000004,-1.899999999999999,43,0,0.0,0.0,-1.0,,,-0.04541877459246779,-8.080000000000013,0.04541877459246779,1264
22,1.900000000000004,-1.799999999999999,43,0,0.0,0.0,-1.0,,,-0.04541877459246779,-8.080000000000013,0.04541877459246779,1265
22,1.900000000000004,-1.6999999999999988,43,0,0.0,0.0,-1.0,,,-0.04541877459246779,-8.080000000000013,0.04541877459246779,1266
22,1.900000000000004,-1.5999999999999988,43,0,0.0,0.0,-1.0,,,-0.04541877459246779,-8.080000000000013,0.04541877459246779,1267
22,1.900000000000004,-1.4999999999999987,43,0,0.0,0.0,-1.0,,,-0.04541877459246779,-8.080000000000013,0.04541877459246779,1268
22,1.900000000000004,-1.3999999999999986,43,0,0.0,0.0,-1.0,,,-0.04541877459246779,-8.080000000000013,0.04541877459246779,1269
22,1.900000000000004,-1.2999999999999985,43,0,0.0,0.0,-1.0,,,-0.04541877459246779,-8.080000000000013,0.04541877459246779,1270
22,1.900000000000004,-1.1999999999999984,43,0,0.0,0.0,-1.0,,,-0.04541877459246779,-8.080000000000013,0.04541877459246779,1271
22,1.900000000000004,-1.0999999999999983,43,0,0.0,0.0,-1.0,,,-0.04541877459246779,-8.080000000000013,0.04541877459246779,1272
22,1.900000000000004,-0.9999999999999982,43,0,0.0,0.0,-1.0,,,-0.04541877459246779,-8.080000000000013,0.04541877459246779,1273
22,1.900000000000004,-0.8999999999999981,43,0,0.0,0.0,-1.0,,,-0.04541877459246779,-8.080000000000013,0.04541877459246779,1274
22,1.900000000000004,-0.799999999999998,43,0,0.0,0.0,-1.0,,,-0.04541877459246779,-8.080000000000013,0.04541877459246779,1275
22,1.900000000000004,-0.699999999999998,43,0,0.0,0.0,-1.0,,,-0.04541877459246779,-8.080000000000013,0.04541877459246779,1276
22,1.900000000000004,-0.5999999999999979,43,0,0.0,0.0,-1.0,,,-0.04541877459246779,-8.080000000000013,0.04541877459246779,1277
22,1.900000000000004,-0.4999999999999978,43,0,0.0,0.0,-1.0,,,-0.04541877459246779,-8.080000000000013,0.04541877459246779,1278
22,1.900000000000004,-0.3999999999999977,43,0,0.0,0.0,-1.0,,,-0.04541877459246779,-8.080000000000013,0.04541877459246779,1279
22,1.900000000000004,-0.2999999999999976,43,0,0.0,0.0,-1.0,,,-0.04541877459246779,-8.080000000000013,0.04541877459246779,1280
22,1.900000000000004,-0.1999999999999975,43,0,0.0,0.0,-1.0,,,-0.04541877459246779,-8.080000000000013,0.04541877459246779,1281
22,1.900000000000004,-0.09999999999999742,43,0,0.0,0.0,-1.0,,,-0.04541877459246779,-8.080000000000013,0.04541877459246779,1282
22,1.900000000000004,2.6645352591003757e-15,43,0,0.0,0.0,-1.0,,,-0.04541877459246779,-8.080000000000013,0.04541877459246779,1283
22,1.900000000000004,0.10000000000000275,43,0,0.0,0.0,-1.0,,,-0.04541877459246779,-8.080000000000013,0.04541877459246779,1284
22,1.900000000000004,0.20000000000000284,43,0,0.0,0.0,-1.0,,,-0.04541877459246779,-8.080000000000013,0.04541877459246779,1285
22,1.900000000000004,0.30000000000000293,43,0,0.0,0.0,-1.0,,,-0.04541877459246779,-8.080000000000013,0.04541877459246779,1286
22,1.900000000000004,0.400000000000003,43,0,0.0,0.0,-1.0,,,-0.04541877459246779,-8.080000000000013,0.04541877459246779,1287
22,1.900000000000004,0.5000000000000031,43,0,0.0,0.0,-1.0,,,-0.04541877459246779,-8.080000000000013,0.04541877459246779,1288
22,1.900000000000004,0.6000000000000032,43,0,0.0,0.0,-1.0,,,-0.04541877459246779,-8.080000000000013,0.04541877459246779,1289
22,1.900000000000004,0.7000000000000033,43,0,0.0,0.0,-1.0,,,-0.04541877459246779,-8.080000000000013,0.04541877459246779,1290
22,1.900000000000004,0.8000000000000034,43,0,0.0,0.0,-1.0,,,-0.04541877459246779,-8.080000000000013,0.04541877459246779,1291
22,1.900000000000004,0.9000000000000035,43,0,0.0,0.0,-1.0,,,-0.04541877459246779,-8.080000000000013,0.04541877459246779,1292
22,1.900000000000004,1.0000000000000036,43,0,0.0,0.0,-1.0,,,-0.04541877459246779,-8.080000000000013,0.04541877459246779,1293
22,1.900000000000004,1.1000000000000032,43,0,0.0,0.0,-1.0,,,-0.04541877459246779,-8.080000000000013,0.04541877459246779,1294
22,1.900000000000004,1.2000000000000037,43,0,0.0,0.0,-1.0,,,-0.04541877459246779,-8.080000000000013,0.04541877459246779,1295
22,1.900000000000004,1.3000000000000043,43,0,0.0,0.0,-1.0,,,-0.04541877459246779,-8.080000000000013,0.04541877459246779,1296
22,1.900000000000004,1.400000000000004,43,0,0.0,0.0,-1.0,,,-0.04541877459246779,-8.080000000000013,0.04541877459246779,1297
22,1.900000000000004,1.5000000000000036,43,0,0.0,0.0,-1.0,,,-0.04541877459246779,-8.080000000000013,0.04541877459246779,1298
22,1.900000000000004,1.600000000000004,43,0,0.0,0.0,-1.0,,,-0.04541877459246779,-8.080000000000013,0.04541877459246779,1299
22,1.900000000000004,1.7000000000000046,43,0,0.0,0.0,-1.0,,,-0.04541877459246779,-8.080000000000013,0.04541877459246779,1300
22,1.900000000000004,1.8000000000000043,43,0,0.0,0.0,-1.0,,,-0.04541877459246779,-8.080000000000013,0.04541877459246779,1301
22,1.900000000000004,1.900000000000004,43,0,0.0,0.0,-1.0,,,-0.04541877459246779,-8.080000000000013,0.04541877459246779,1302
22,1.900000000000004,2.0000000000000044,43,0,0.0,0.0,-1.0,,,-0.04541877459246779,-8.080000000000013,0.04541877459246779,1303
22,1.900000000000004,2.100000000000005,43,0,0.0,0.0,-1.0,,,-0.04541877459246779,-8.080000000000013,0.04541877459246779,1304
22,1.900000000000004,2.2000000000000046,43,0,0.0,0.0,-1.0,,,-0.04541877459246779,-8.080000000000013,0.04541877459246779,1305
22,1.900000000000004,2.3000000000000043,43,0,0.0,0.0,-1.0,,,-0.04541877459246779,-8.080000000000013,0.04541877459246779,1306
22,1.900000000000004,2.400000000000005,43,0,0.0,0.0,-1.0,,,-0.04541877459246779,-8.080000000000013,0.04541877459246779,1307
22,1.900000000000004,2.5000000000000053,43,0,0.0,0.0,-1.0,,,-0.04541877459246779,-8.080000000000013,0.04541877459246779,1308
22,1.900000000000004,2.600000000000005,43,0,0.0,0.0,-1.0,,,-0.04541877459246779,-8.080000000000013,0.04541877459246779,1309
22,1.900000000000004,2.7000000000000046,43,0,0.0,0.0,-1.0,,,-0.04541877459246779,-8.080000000000013,0.04541877459246779,1310
22,1.900000000000004,2.800000000000005,43,0,0.0,0.0,-1.0,,,-0.04541877459246779,-8.080000000000013,0.04541877459246779,1311
22,1.900000000000004,2.9000000000000057,43,0,0.0,0.0,-1.0,,,-0.04541877459246779,-8.080000000000013,0.04541877459246779,1312
22,1.900000000000004,3.0000000000000053,43,0,0.0,0.0,-1.0,,,-0.04541877459246779,-8.080000000000013,0.04541877459246779,1313
22,2.0000000000000044,-3.0,43,0,0.0,0.0,-1.0,,,-0.04541877459246779,-8.080000000000013,0.04541877459246779,1314
22,2.0000000000000044,-2.9,43,0,0.0,0.0,-1.0,,,-0.04541877459246779,-8.080000000000013,0.04541877459246779,1315
22,2.0000000000000044,-2.8,43,0,0.0,0.0,-1.0,,,-0.04541877459246779,-8.080000000000013,0.04541877459246779,1316
22,2.0000000000000044,-2.6999999999999997,43,0,0.0,0.0,-1.0,,,-0.04541877459246779,-8.080000000000013,0.04541877459246779,1317
22,2.0000000000000044,-2.5999999999999996,43,0,0.0,0.0,-1.0,,,-0.04541877459246779,-8.080000000000013,0.04541877459246779,1318
22,2.0000000000000044,-2.4999999999999996,43,0,0.0,0.0,-1.0,,,-0.04541877459246779,-8.080000000000013,0.04541877459246779,1319
22,2.0000000000000044,-2.3999999999999995,43,0,0.0,0.0,-1.0,,,-0.04541877459246779,-8.080000000000013,0.04541877459246779,1320
22,2.0000000000000044,-2.2999999999999994,43,0,0.0,0.0,-1.0,,,-0.04541877459246779,-8.080000000000013,0.04541877459246779,1321
22,2.0000000000000044,-2.1999999999999993,43,0,0.0,0.0,-1.0,,,-0.04541877459246779,-8.080000000000013,0.04541877459246779,1322
22,2.0000000000000044,-2.099999999999999,43,0,0.0,0.0,-1.0,,,-0.04541877459246779,-8.080000000000013,0.04541877459246779,1323
22,2.0000000000000044,-1.9999999999999991,43,0,0.0,0.0,-1.0,,,-0.04541877459246779,-8.080000000000013,0.04541877459246779,1324
22,2.0000000000000044,-1.899999999999999,43,0,0.0,0.0,-1.0,,,-0.04541877459246779,-8.080000000000013,0.04541877459246779,1325
22,2.0000000000000044,-1.799999999999999,43,0,0.0,0.0,-1.0,,,-0.04541877459246779,-8.080000000000013,0.04541877459246779,1326
22,2.0000000000000044,-1.6999999999999988,43,0,0.0,0.0,-1.0,,,-0.04541877459246779,-8.080000000000013,0.04541877459246779,1327
22,2.0000000000000044,-1.5999999999999988,43,0,0.0,0.0,-1.0,,,-0.04541877459246779,-8.080000000000013,0.04541877459246779,1328
22,2.0000000000000044,-1.4999999999999987,43,0,0.0,0.0,-1.0,,,-0.04541877459246779,-8.080000000000013,0.04541877459246779,1329
22,2.0000000000000044,-1.3999999999999986,43,0,0.0,0.0,-1.0,,,-0.04541877459246779,-8.080000000000013,0.04541877459246779,1330
22,2.0000000000000044,-1.2999999999999985,43,0,0.0,0.0,-1.0,,,-0.04541877459246779,-8.080000000000013,0.04541877459246779,1331
22,2.0000000000000044,-1.1999999999999984,43,0,0.0,0.0,-1.0,,,-0.04541877459246779,-8.080000000000013,0.04541877459246779,1332
22,2.0000000000000044,-1.0999999999999983,43,0,0.0,0.0,-1.0,,,-0.04541877459246779,-8.080000000000013,0.04541877459246779,1333
22,2.0000000000000044,-0.9999999999999982,43,0,0.0,0.0,-1.0,,,-0.04541877459246779,-8.080000000000013,0.04541877459246779,1334
22,2.0000000000000044,-0.8999999999999981,43,0,0.0,0.0,-1.0,,,-0.04541877459246779,-8.080000000000013,0.04541877459246779,1335
22,2.0000000000000044,-0.799999999999998,43,0,0.0,0.0,-1.0,,,-0.04541877459246779,-8.080000000000013,0.04541877459246779,1336
22,2.0000000000000044,-0.699999999999998,43,0,0.0,0.0,-1.0,,,-0.04541877459246779,-8.080000000000013,0.04541877459246779,1337
22,2.0000000000000044,-0.5999999999999979,43,0,0.0,0.0,-1.0,,,-0.04541877459246779,-8.080000000000013,0.04541877459246779,1338
22,2.0000000000000044,-0.4999999999999978,43,0,0.0,0.0,-1.0,,,-0.04541877459246779,-8.080000000000013,0.04541877459246779,1339
22,2.0000000000000044,-0.3999999999999977,43,0,0.0,0.0,-1.0,,,-0.04541877459246779,-8.080000000000013,0.04541877459246779,1340
22,2.0000000000000044,-0.2999999999999976,43,0,0.0,0.0,-1.0,,,-0.04541877459246779,-8.080000000000013,0.04541877459246779,1341
22,2.0000000000000044,-0.1999999999999975,43,0,0.0,0.0,-1.0,,,-0.04541877459246779,-8.080000000000013,0.04541877459246779,1342
22,2.0000000000000044,-0.09999999999999742,43,0,0.0,0.0,-1.0,,,-0.04541877459246779,-8.080000000000013,0.04541877459246779,1343
22,2.0000000000000044,2.6645352591003757e-15,43,0,0.0,0.0,-1.0,,,-0.04541877459246779,-8.080000000000013,0.04541877459246779,1344
22,2.0000000000000044,0.10000000000000275,43,0,0.0,0.0,-1.0,,,-0.04541877459246779,-8.080000000000013,0.04541877459246779,1345
22,2.0000000000000044,0.20000000000000284,43,0,0.0,0.0,-1.0,,,-0.04541877459246779,-8.080000000000013,0.04541877459246779,1346
22,2.0000000000000044,0.30000000000000293,43,0,0.0,0.0,-1.0,,,-0.04541877459246779,-8.080000000000013,0.04541877459246779,1347
22,2.0000000000000044,0.400000000000003,43,0,0.0,0.0,-1.0,,,-0.04541877459246779,-8.080000000000013,0.04541877459246779,1348
22,2.0000000000000044,0.5000000000000031,43,0,0.0,0.0,-1.0,,,-0.04541877459246779,-8.080000000000013,0.04541877459246779,1349
22,2.0000000000000044,0.6000000000000032,43,0,0.0,0.0,-1.0,,,-0.04541877459246779,-8.080000000000013,0.04541877459246779,1350
22,2.0000000000000044,0.7000000000000033,43,0,0.0,0.0,-1.0,,,-0.04541877459246779,-8.080000000000013,0.04541877459246779,1351
22,2.0000000000000044,0.8000000000000034,43,0,0.0,0.0,-1.0,,,-0.04541877459246779,-8.080000000000013,0.04541877459246779,1352
22,2.0000000000000044,0.9000000000000035,43,0,0.0,0.0,-1.0,,,-0.04541877459246779,-8.080000000000013,0.04541877459246779,1353
22,2.0000000000000044,1.0000000000000036,43,0,0.0,0.0,-1.0,,,-0.04541877459246779,-8.080000000000013,0.04541877459246779,1354
22,2.0000000000000044,1.1000000000000032,43,0,0.0,0.0,-1.0,,,-0.04541877459246779,-8.080000000000013,0.04541877459246779,1355
22,2.0000000000000044,1.2000000000000037,43,0,0.0,0.0,-1.0,,,-0.04541877459246779,-8.080000000000013,0.04541877459246779,1356
22,2.0000000000000044,1.3000000000000043,43,0,0.0,0.0,-1.0,,,-0.04541877459246779,-8.080000000000013,0.04541877459246779,1357
22,2.0000000000000044,1.400000000000004,43,0,0.0,0.0,-1.0,,,-0.04541877459246779,-8.080000000000013,0.04541877459246779,1358
22,2.0000000000000044,1.5000000000000036,43,0,0.0,0.0,-1.0,,,-0.04541877459246779,-8.080000000000013,0.04541877459246779,1359
22,2.0000000000000044,1.600000000000004,43,0,0.0,0.0,-1.0,,,-0.04541877459246779,-8.080000000000013,0.04541877459246779,1360
22,2.0000000000000044,1.7000000000000046,43,0,0.0,0.0,-1.0,,,-0.04541877459246779,-8.080000000000013,0.04541877459246779,1361
22,2.0000000000000044,1.8000000000000043,43,0,0.0,0.0,-1.0,,,-0.04541877459246779,-8.080000000000013,0.04541877459246779,1362
22,2.0000000000000044,1.900000000000004,43,0,0.0,0.0,-1.0,,,-0.04541877459246779,-8.080000000000013,0.04541877459246779,1363
22,2.0000000000000044,2.0000000000000044,43,0,0.0,0.0,-1.0,,,-0.04541877459246779,-8.080000000000013,0.04541877459246779,1364
22,2.0000000000000044,2.100000000000005,43,0,0.0,0.0,-1.0,,,-0.04541877459246779,-8.080000000000013,0.04541877459246779,1365
22,2.0000000000000044,2.2000000000000046,43,0,0.0,0.0,-1.0,,,-0.04541877459246779,-8.080000000000013,0.04541877459246779,1366
22,2.0000000000000044,2.3000000000000043,43,0,0.0,0.0,-1.0,,,-0.04541877459246779,-8.080000000000013,0.04541877459246779,1367
22,2.0000000000000044,2.400000000000005,43,0,0.0,0.0,-1.0,,,-0.04541877459246779,-8.080000000000013,0.04541877459246779,1368
22,2.0000000000000044,2.5000000000000053,43,0,0.0,0.0,-1.0,,,-0.04541877459246779,-8.080000000000013,0.04541877459246779,1369
22,2.0000000000000044,2.600000000000005,43,0,0.0,0.0,-1.0,,,-0.04541877459246779,-8.080000000000013,0.04541877459246779,1370
22,2.0000000000000044,2.7000000000000046,43,0,0.0,0.0,-1.0,,,-0.04541877459246779,-8.080000000000013,0.04541877459246779,1371
22,2.0000000000000044,2.800000000000005,43,0,0.0,0.0,-1.0,,,-0.04541877459246779,-8.080000000000013,0.04541877459246779,1372
22,2.0000000000000044,2.9000000000000057,43,0,0.0,0.0,-1.0,,,-0.04541877459246779,-8.080000000000013,0.04541877459246779,1373
22,2.0000000000000044,3.0000000000000053,43,0,0.0,0.0,-1.0,,,-0.04541877459246779,-8.080000000000013,0.04541877459246779,1374
22,2.100000000000005,-3.0,43,0,0.0,0.0,-1.0,,,-0.04541877459246779,-8.080000000000013,0.04541877459246779,1375
22,2.100000000000005,-2.9,43,0,0.0,0.0,-1.0,,,-0.04541877459246779,-8.080000000000013,0.04541877459246779,1376
22,2.100000000000005,-2.8,43,0,0.0,0.0,-1.0,,,-0.04541877459246779,-8.080000000000013,0.04541877459246779,1377
22,2.100000000000005,-2.6999999999999997,43,0,0.0,0.0,-1.0,,,-0.04541877459246779,-8.080000000000013,0.04541877459246779,1378
22,2.100000000000005,-2.5999999999999996,43,0,0.0,0.0,-1.0,,,-0.04541877459246779,-8.080000000000013,0.04541877459246779,1379
22,2.100000000000005,-2.4999999999999996,43,0,0.0,0.0,-1.0,,,-0.04541877459246779,-8.080000000000013,0.04541877459246779,1380
22,2.100000000000005,-2.3999999999999995,43,0,0.0,0.0,-1.0,,,-0.04541877459246779,-8.080000000000013,0.04541877459246779,1381
22,2.100000000000005,-2.2999999999999994,43,0,0.0,0.0,-1.0,,,-0.04541877459246779,-8.080000000000013,0.04541877459246779,1382
22,2.100000000000005,-2.1999999999999993,43,0,0.0,0.0,-1.0,,,-0.04541877459246779,-8.080000000000013,0.04541877459246779,1383
22,2.100000000000005,-2.099999999999999,43,0,0.0,0.0,-1.0,,,-0.04541877459246779,-8.080000000000013,0.04541877459246779,1384
22,2.100000000000005,-1.9999999999999991,43,0,0.0,0.0,-1.0,,,-0.04541877459246779,-8.080000000000013,0.04541877459246779,1385
22,2.100000000000005,-1.899999999999999,43,0,0.0,0.0,-1.0,,,-0.04541877459246779,-8.080000000000013,0.04541877459246779,1386
22,2.100000000000005,-1.799999999999999,43,0,0.0,0.0,-1.0,,,-0.04541877459246779,-8.080000000000013,0.04541877459246779,1387
22,2.100000000000005,-1.6999999999999988,43,0,0.0,0.0,-1.0,,,-0.04541877459246779,-8.080000000000013,0.04541877459246779,1388
22,2.100000000000005,-1.5999999999999988,43,0,0.0,0.0,-1.0,,,-0.04541877459246779,-8.080000000000013,0.04541877459246779,1389
22,2.100000000000005,-1.4999999999999987,43,0,0.0,0.0,-1.0,,,-0.04541877459246779,-8.080000000000013,0.04541877459246779,1390
22,2.100000000000005,-1.3999999999999986,43,0,0.0,0.0,-1.0,,,-0.04541877459246779,-8.080000000000013,0.04541877459246779,1391
22,2.100000000000005,-1.2999999999999985,43,0,0.0,0.0,-1.0,,,-0.04541877459246779,-8.080000000000013,0.04541877459246779,1392
22,2.100000000000005,-1.1999999999999984,43,0,0.0,0.0,-1.0,,,-0.04541877459246779,-8.080000000000013,0.04541877459246779,1393
22,2.100000000000005,-1.0999999999999983,43,0,0.0,0.0,-1.0,,,-0.04541877459246779,-8.080000000000013,0.04541877459246779,1394
22,2.100000000000005,-0.9999999999999982,43,0,0.0,0.0,-1.0,,,-0.04541877459246779,-8.080000000000013,0.04541877459246779,1395
22,2.100000000000005,-0.8999999999999981,43,0,0.0,0.0,-1.0,,,-0.04541877459246779,-8.080000000000013,0.04541877459246779,1396
22,2.100000000000005,-0.799999999999998,43,0,0.0,0.0,-1.0,,,-0.04541877459246779,-8.080000000000013,0.04541877459246779,1397
22,2.100000000000005,-0.699999999999998,43,0,0.0,0.0,-1.0,,,-0.04541877459246779,-8.080000000000013,0.04541877459246779,1398
22,2.100000000000005,-0.5999999999999979,43,0,0.0,0.0,-1.0,,,-0.04541877459246779,-8.080000000000013,0.04541877459246779,1399
22,2.100000000000005,-0.4999999999999978,43,0,0.0,0.0,-1.0,,,-0.04541877459246779,-8.080000000000013,0.04541877459246779,1400
22,2.100000000000005,-0.3999999999999977,43,0,0.0,0.0,-1.0,,,-0.04541877459246779,-8.080000000000013,0.04541877459246779,1401
22,2.100000000000005,-0.2999999999999976,43,0,0.0,0.0,-1.0,,,-0.04541877459246779,-8.080000000000013,0.04541877459246779,1402
22,2.100000000000005,-0.1999999999999975,43,0,0.0,0.0,-1.0,,,-0.04541877459246779,-8.080000000000013,0.04541877459246779,1403
22,2.100000000000005,-0.09999999999999742,43,0,0.0,0.0,-1.0,,,-0.04541877459246779,-8.080000000000013,0.04541877459246779,1404
22,2.100000000000005,2.6645352591003757e-15,43,0,0.0,0.0,-1.0,,,-0.04541877459246779,-8.080000000000013,0.04541877459246779,1405
22,2.100000000000005,0.10000000000000275,43,0,0.0,0.0,-1.0,,,-0.04541877459246779,-8.080000000000013,0.04541877459246779,1406
22,2.100000000000005,0.20000000000000284,43,0,0.0,0.0,-1.0,,,-0.04541877459246779,-8.080000000000013,0.04541877459246779,1407
22,2.100000000000005,0.30000000000000293,43,0,0.0,0.0,-1.0,,,-0.04541877459246779,-8.080000000000013,0.04541877459246779,1408
22,2.100000000000005,0.400000000000003,43,0,0.0,0.0,-1.0,,,-0.04541877459246779,-8.080000000000013,0.04541877459246779,1409
22,2.100000000000005,0.5000000000000031,43,0,0.0,0.0,-1.0,,,-0.04541877459246779,-8.080000000000013,0.04541877459246779,1410
22,2.100000000000005,0.6000000000000032,43,0,0.0,0.0,-1.0,,,-0.04541877459246779,-8.080000000000013,0.04541877459246779,1411
22,2.100000000000005,0.7000000000000033,43,0,0.0,0.0,-1.0,,,-0.04541877459246779,-8.080000000000013,0.04541877459246779,1412
22,2.100000000000005,0.8000000000000034,43,0,0.0,0.0,-1.0,,,-0.04541877459246779,-8.080000000000013,0.04541877459246779,1413
22,2.100000000000005,0.9000000000000035,43,0,0.0,0.0,-1.0,,,-0.04541877459246779,-8.080000000000013,0.04541877459246779,1414
22,2.100000000000005,1.0000000000000036,43,0,0.0,0.0,-1.0,,,-0.04541877459246779,-8.080000000000013,0.04541877459246779,1415
22,2.100000000000005,1.1000000000000032,43,0,0.0,0.0,-1.0,,,-0.04541877459246779,-8.080000000000013,0.04541877459246779,1416
22,2.100000000000005,1.2000000000000037,43,0,0.0,0.0,-1.0,,,-0.04541877459246779,-8.080000000000013,0.04541877459246779,1417
22,2.100000000000005,1.3000000000000043,43,0,0.0,0.0,-1.0,,,-0.04541877459246779,-8.080000000000013,0.04541877459246779,1418
22,2.100000000000005,1.400000000000004,43,0,0.0,0.0,-1.0,,,-0.04541877459246779,-8.080000000000013,0.04541877459246779,1419
22,2.100000000000005,1.5000000000000036,43,0,0.0,0.0,-1.0,,,-0.04541877459246779,-8.080000000000013,0.04541877459246779,1420
22,2.100000000000005,1.600000000000004,43,0,0.0,0.0,-1.0,,,-0.04541877459246779,-8.080000000000013,0.04541877459246779,1421
22,2.100000000000005,1.7000000000000046,43,0,0.0,0.0,-1.0,,,-0.04541877459246779,-8.080000000000013,0.04541877459246779,1422
22,2.100000000000005,1.8000000000000043,43,0,0.0,0.0,-1.0,,,-0.04541877459246779,-8.080000000000013,0.04541877459246779,1423
22,2.100000000000005,1.900000000000004,43,0,0.0,0.0,-1.0,,,-0.04541877459246779,-8.080000000000013,0.04541877459246779,1424
22,2.100000000000005,2.0000000000000044,43,0,0.0,0.0,-1.0,,,-0.04541877459246779,-8.080000000000013,0.04541877459246779,1425
22,2.100000000000005,2.100000000000005,43,0,0.0,0.0,-1.0,,,-0.04541877459246779,-8.080000000000013,0.04541877459246779,1426
22,2.100000000000005,2.2000000000000046,43,0,0.0,0.0,-1.0,,,-0.04541877459246779,-8.080000000000013,0.04541877459246779,1427
22,2.100000000000005,2.3000000000000043,43,0,0.0,0.0,-1.0,,,-0.04541877459246779,-8.080000000000013,0.04541877459246779,1428
22,2.100000000000005,2.400000000000005,43,0,0.0,0.0,-1.0,,,-0.04541877459246779,-8.080000000000013,0.04541877459246779,1429
22,2.100000000000005,2.5000000000000053,43,0,0.0,0.0,-1.0,,,-0.04541877459246779,-8.080000000000013,0.04541877459246779,1430
22,2.100000000000005,2.600000000000005,43,0,0.0,0.0,-1.0,,,-0.04541877459246779,-8.080000000000013,0.04541877459246779,1431
22,2.100000000000005,2.7000000000000046,43,0,0.0,0.0,-1.0,,,-0.04541877459246779,-8.080000000000013,0.04541877459246779,1432
22,2.100000000000005,2.800000000000005,43,0,0.0,0.0,-1.0,,,-0.04541877459246779,-8.080000000000013,0.04541877459246779,1433
22,2.100000000000005,2.9000000000000057,43,0,0.0,0.0,-1.0,,,-0.04541877459246779,-8.080000000000013,0.04541877459246779,1434
22,2.100000000000005,3.0000000000000053,43,0,0.0,0.0,-1.0,,,-0.04541877459246779,-8.080000000000013,0.04541877459246779,1435
22,2.2000000000000046,-3.0,43,0,0.0,0.0,-1.0,,,-0.04541877459246779,-8.080000000000013,0.04541877459246779,1436
22,2.2000000000000046,-2.9,43,0,0.0,0.0,-1.0,,,-0.04541877459246779,-8.080000000000013,0.04541877459246779,1437
22,2.2000000000000046,-2.8,43,0,0.0,0.0,-1.0,,,-0.04541877459246779,-8.080000000000013,0.04541877459246779,1438
22,2.2000000000000046,-2.6999999999999997,43,0,0.0,0.0,-1.0,,,-0.04541877459246779,-8.080000000000013,0.04541877459246779,1439
22,2.2000000000000046,-2.5999999999999996,43,0,0.0,0.0,-1.0,,,-0.04541877459246779,-8.080000000000013,0.04541877459246779,1440
22,2.2000000000000046,-2.4999999999999996,43,0,0.0,0.0,-1.0,,,-0.04541877459246779,-8.080000000000013,0.04541877459246779,1441
22,2.2000000000000046,-2.3999999999999995,43,0,0.0,0.0,-1.0,,,-0.04541877459246779,-8.080000000000013,0.04541877459246779,1442
22,2.2000000000000046,-2.2999999999999994,43,0,0.0,0.0,-1.0,,,-0.04541877459246779,-8.080000000000013,0.04541877459246779,1443
22,2.2000000000000046,-2.1999999999999993,43,0,0.0,0.0,-1.0,,,-0.04541877459246779,-8.080000000000013,0.04541877459246779,1444
22,2.2000000000000046,-2.099999999999999,43,0,0.0,0.0,-1.0,,,-0.04541877459246779,-8.080000000000013,0.04541877459246779,1445
22,2.2000000000000046,-1.9999999999999991,43,0,0.0,0.0,-1.0,,,-0.04541877459246779,-8.080000000000013,0.04541877459246779,1446
22,2.2000000000000046,-1.899999999999999,43,0,0.0,0.0,-1.0,,,-0.04541877459246779,-8.080000000000013,0.04541877459246779,1447
22,2.2000000000000046,-1.799999999999999,43,0,0.0,0.0,-1.0,,,-0.04541877459246779,-8.080000000000013,0.04541877459246779,1448
22,2.2000000000000046,-1.6999999999999988,43,0,0.0,0.0,-1.0,,,-0.04541877459246779,-8.080000000000013,0.04541877459246779,1449
22,2.2000000000000046,-1.5999999999999988,43,0,0.0,0.0,-1.0,,,-0.04541877459246779,-8.080000000000013,0.04541877459246779,1450
22,2.2000000000000046,-1.4999999999999987,43,0,0.0,0.0,-1.0,,,-0.04541877459246779,-8.080000000000013,0.04541877459246779,1451
22,2.2000000000000046,-1.3999999999999986,43,0,0.0,0.0,-1.0,,,-0.04541877459246779,-8.080000000000013,0.04541877459246779,1452
22,2.2000000000000046,-1.2999999999999985,43,0,0.0,0.0,-1.0,,,-0.04541877459246779,-8.080000000000013,0.04541877459246779,1453
22,2.2000000000000046,-1.1999999999999984,43,0,0.0,0.0,-1.0,,,-0.04541877459246779,-8.080000000000013,0.04541877459246779,1454
22,2.2000000000000046,-1.0999999999999983,43,0,0.0,0.0,-1.0,,,-0.04541877459246779,-8.080000000000013,0.04541877459246779,1455
22,2.2000000000000046,-0.9999999999999982,43,0,0.0,0.0,-1.0,,,-0.04541877459246779,-8.080000000000013,0.04541877459246779,1456
22,2.2000000000000046,-0.8999999999999981,43,0,0.0,0.0,-1.0,,,-0.04541877459246779,-8.080000000000013,0.04541877459246779,1457
22,2.2000000000000046,-0.799999999999998,43,0,0.0,0.0,-1.0,,,-0.04541877459246779,-8.080000000000013,0.04541877459246779,1458
22,2.2000000000000046,-0.699999999999998,43,0,0.0,0.0,-1.0,,,-0.04541877459246779,-8.080000000000013,0.04541877459246779,1459
22,2.2000000000000046,-0.5999999999999979,43,0,0.0,0.0,-1.0,,,-0.04541877459246779,-8.080000000000013,0.04541877459246779,1460
22,2.2000000000000046,-0.4999999999999978,43,0,0.0,0.0,-1.0,,,-0.04541877459246779,-8.080000000000013,0.04541877459246779,1461
22,2.2000000000000046,-0.3999999999999977,43,0,0.0,0.0,-1.0,,,-0.04541877459246779,-8.080000000000013,0.04541877459246779,1462
22,2.2000000000000046,-0.2999999999999976,43,0,0.0,0.0,-1.0,,,-0.04541877459246779,-8.080000000000013,0.04541877459246779,1463
22,2.2000000000000046,-0.1999999999999975,43,0,0.0,0.0,-1.0,,,-0.04541877459246779,-8.080000000000013,0.04541877459246779,1464
22,2.2000000000000046,-0.09999999999999742,43,0,0.0,0.0,-1.0,,,-0.04541877459246779,-8.080000000000013,0.04541877459246779,1465
22,2.2000000000000046,2.6645352591003757e-15,43,0,0.0,0.0,-1.0,,,-0.04541877459246779,-8.080000000000013,0.04541877459246779,1466
22,2.2000000000000046,0.10000000000000275,43,0,0.0,0.0,-1.0,,,-0.04541877459246779,-8.080000000000013,0.04541877459246779,1467
22,2.2000000000000046,0.20000000000000284,43,0,0.0,0.0,-1.0,,,-0.04541877459246779,-8.080000000000013,0.04541877459246779,1468
22,2.2000000000000046,0.30000000000000293,43,0,0.0,0.0,-1.0,,,-0.04541877459246779,-8.080000000000013,0.04541877459246779,1469
22,2.2000000000000046,0.400000000000003,43,0,0.0,0.0,-1.0,,,-0.04541877459246779,-8.080000000000013,0.04541877459246779,1470
22,2.2000000000000046,0.5000000000000031,43,0,0.0,0.0,-1.0,,,-0.04541877459246779,-8.080000000000013,0.04541877459246779,1471
22,2.2000000000000046,0.6000000000000032,43,0,0.0,0.0,-1.0,,,-0.04541877459246779,-8.080000000000013,0.04541877459246779,1472
22,2.2000000000000046,0.7000000000000033,43,0,0.0,0.0,-1.0,,,-0.04541877459246779,-8.080000000000013,0.04541877459246779,1473
22,2.2000000000000046,0.8000000000000034,43,0,0.0,0.0,-1.0,,,-0.04541877459246779,-8.080000000000013,0.04541877459246779,1474
22,2.2000000000000046,0.9000000000000035,43,0,0.0,0.0,-1.0,,,-0.04541877459246779,-8.080000000000013,0.04541877459246779,1475
22,2.2000000000000046,1.0000000000000036,43,0,0.0,0.0,-1.0,,,-0.04541877459246779,-8.080000000000013,0.04541877459246779,1476
22,2.2000000000000046,1.1000000000000032,43,0,0.0,0.0,-1.0,,,-0.04541877459246779,-8.080000000000013,0.04541877459246779,1477
22,2.2000000000000046,1.2000000000000037,43,0,0.0,0.0,-1.0,,,-0.04541877459246779,-8.080000000000013,0.04541877459246779,1478
22,2.2000000000000046,1.3000000000000043,43,0,0.0,0.0,-1.0,,,-0.04541877459246779,-8.080000000000013,0.04541877459246779,1479
22,2.2000000000000046,1.400000000000004,43,0,0.0,0.0,-1.0,,,-0.04541877459246779,-8.080000000000013,0.04541877459246779,1480
22,2.2000000000000046,1.5000000000000036,43,0,0.0,0.0,-1.0,,,-0.04541877459246779,-8.080000000000013,0.04541877459246779,1481
22,2.2000000000000046,1.600000000000004,43,0,0.0,0.0,-1.0,,,-0.04541877459246779,-8.080000000000013,0.04541877459246779,1482
22,2.2000000000000046,1.7000000000000046,43,0,0.0,0.0,-1.0,,,-0.04541877459246779,-8.080000000000013,0.04541877459246779,1483
22,2.2000000000000046,1.8000000000000043,43,0,0.0,0.0,-1.0,,,-0.04541877459246779,-8.080000000000013,0.04541877459246779,1484
22,2.2000000000000046,1.900000000000004,43,0,0.0,0.0,-1.0,,,-0.04541877459246779,-8.080000000000013,0.04541877459246779,1485
22,2.2000000000000046,2.0000000000000044,43,0,0.0,0.0,-1.0,,,-0.04541877459246779,-8.080000000000013,0.04541877459246779,1486
22,2.2000000000000046,2.100000000000005,43,0,0.0,0.0,-1.0,,,-0.04541877459246779,-8.080000000000013,0.04541877459246779,1487
22,2.2000000000000046,2.2000000000000046,43,0,0.0,0.0,-1.0,,,-0.04541877459246779,-8.080000000000013,0.04541877459246779,1488
22,2.2000000000000046,2.3000000000000043,43,0,0.0,0.0,-1.0,,,-0.04541877459246779,-8.080000000000013,0.04541877459246779,1489
22,2.2000000000000046,2.400000000000005,43,0,0.0,0.0,-1.0,,,-0.04541877459246779,-8.080000000000013,0.04541877459246779,1490
22,2.2000000000000046,2.5000000000000053,43,0,0.0,0.0,-1.0,,,-0.04541877459246779,-8.080000000000013,0.04541877459246779,1491
22,2.2000000000000046,2.600000000000005,43,0,0.0,0.0,-1.0,,,-0.04541877459246779,-8.080000000000013,0.04541877459246779,1492
22,2.2000000000000046,2.7000000000000046,43,0,0.0,0.0,-1.0,,,-0.04541877459246779,-8.080000000000013,0.04541877459246779,1493
22,2.2000000000000046,2.800000000000005,43,0,0.0,0.0,-1.0,,,-0.04541877459246779,-8.080000000000013,0.04541877459246779,1494
22,2.2000000000000046,2.9000000000000057,43,0,0.0,0.0,-1.0,,,-0.04541877459246779,-8.080000000000013,0.04541877459246779,1495
22,2.2000000000000046,3.0000000000000053,43,0,0.0,0.0,-1.0,,,-0.04541877459246779,-8.080000000000013,0.04541877459246779,1496
22,2.3000000000000043,-3.0,43,0,0.0,0.0,-1.0,,,-0.04541877459246779,-8.080000000000013,0.04541877459246779,1497
22,2.3000000000000043,-2.9,43,0,0.0,0.0,-1.0,,,-0.04541877459246779,-8.080000000000013,0.04541877459246779,1498
22,2.3000000000000043,-2.8,43,0,0.0,0.0,-1.0,,,-0.04541877459246779,-8.080000000000013,0.04541877459246779,1499
22,2.3000000000000043,-2.6999999999999997,43,0,0.0,0.0,-1.0,,,-0.04541877459246779,-8.080000000000013,0.04541877459246779,1500
22,2.3000000000000043,-2.5999999999999996,43,0,0.0,0.0,-1.0,,,-0.04541877459246779,-8.080000000000013,0.04541877459246779,1501
22,2.3000000000000043,-2.4999999999999996,43,0,0.0,0.0,-1.0,,,-0.04541877459246779,-8.080000000000013,0.04541877459246779,1502
22,2.3000000000000043,-2.3999999999999995,43,0,0.0,0.0,-1.0,,,-0.04541877459246779,-8.080000000000013,0.04541877459246779,1503
22,2.3000000000000043,-2.2999999999999994,43,0,0.0,0.0,-1.0,,,-0.04541877459246779,-8.080000000000013,0.04541877459246779,1504
22,2.3000000000000043,-2.1999999999999993,43,0,0.0,0.0,-1.0,,,-0.04541877459246779,-8.080000000000013,0.04541877459246779,1505
22,2.3000000000000043,-2.099999999999999,43,0,0.0,0.0,-1.0,,,-0.04541877459246779,-8.080000000000013,0.04541877459246779,1506
22,2.3000000000000043,-1.9999999999999991,43,0,0.0,0.0,-1.0,,,-0.04541877459246779,-8.080000000000013,0.04541877459246779,1507
22,2.3000000000000043,-1.899999999999999,43,0,0.0,0.0,-1.0,,,-0.04541877459246779,-8.080000000000013,0.04541877459246779,1508
22,2.3000000000000043,-1.799999999999999,43,0,0.0,0.0,-1.0,,,-0.04541877459246779,-8.080000000000013,0.04541877459246779,1509
22,2.3000000000000043,-1.6999999999999988,43,0,0.0,0.0,-1.0,,,-0.04541877459246779,-8.080000000000013,0.04541877459246779,1510
22,2.3000000000000043,-1.5999999999999988,43,0,0.0,0.0,-1.0,,,-0.04541877459246779,-8.080000000000013,0.04541877459246779,1511
22,2.3000000000000043,-1.4999999999999987,43,0,0.0,0.0,-1.0,,,-0.04541877459246779,-8.080000000000013,0.04541877459246779,1512
22,2.3000000000000043,-1.3999999999999986,43,0,0.0,0.0,-1.0,,,-0.04541877459246779,-8.080000000000013,0.04541877459246779,1513
22,2.3000000000000043,-1.2999999999999985,43,0,0.0,0.0,-1.0,,,-0.04541877459246779,-8.080000000000013,0.04541877459246779,1514
22,2.3000000000000043,-1.1999999999999984,43,0,0.0,0.0,-1.0,,,-0.04541877459246779,-8.080000000000013,0.04541877459246779,1515
22,2.3000000000000043,-1.0999999999999983,43,0,0.0,0.0,-1.0,,,-0.04541877459246779,-8.080000000000013,0.04541877459246779,1516
22,2.3000000000000043,-0.9999999999999982,43,0,0.0,0.0,-1.0,,,-0.04541877459246779,-8.080000000000013,0.04541877459246779,1517
22,2.3000000000000043,-0.8999999999999981,43,0,0.0,0.0,-1.0,,,-0.04541877459246779,-8.080000000000013,0.04541877459246779,1518
22,2.3000000000000043,-0.799999999999998,43,0,0.0,0.0,-1.0,,,-0.04541877459246779,-8.080000000000013,0.04541877459246779,1519
22,2.3000000000000043,-0.699999999999998,43,0,0.0,0.0,-1.0,,,-0.04541877459246779,-8.080000000000013,0.04541877459246779,1520
22,2.3000000000000043,-0.5999999999999979,43,0,0.0,0.0,-1.0,,,-0.04541877459246779,-8.080000000000013,0.04541877459246779,1521
22,2.3000000000000043,-0.4999999999999978,43,0,0.0,0.0,-1.0,,,-0.04541877459246779,-8.080000000000013,0.04541877459246779,1522
22,2.3000000000000043,-0.3999999999999977,43,0,0.0,0.0,-1.0,,,-0.04541877459246779,-8.080000000000013,0.04541877459246779,1523
22,2.3000000000000043,-0.2999999999999976,43,0,0.0,0.0,-1.0,,,-0.04541877459246779,-8.080000000000013,0.04541877459246779,1524
22,2.3000000000000043,-0.1999999999999975,43,0,0.0,0.0,-1.0,,,-0.04541877459246779,-8.080000000000013,0.04541877459246779,1525
22,2.3000000000000043,-0.09999999999999742,43,0,0.0,0.0,-1.0,,,-0.04541877459246779,-8.080000000000013,0.04541877459246779,1526
22,2.3000000000000043,2.6645352591003757e-15,43,0,0.0,0.0,-1.0,,,-0.04541877459246779,-8.080000000000013,0.04541877459246779,1527
22,2.3000000000000043,0.10000000000000275,43,0,0.0,0.0,-1.0,,,-0.04541877459246779,-8.080000000000013,0.04541877459246779,1528
22,2.3000000000000043,0.20000000000000284,43,0,0.0,0.0,-1.0,,,-0.04541877459246779,-8.080000000000013,0.04541877459246779,1529
22,2.3000000000000043,0.30000000000000293,43,0,0.0,0.0,-1.0,,,-0.04541877459246779,-8.080000000000013,0.04541877459246779,1530
22,2.3000000000000043,0.400000000000003,43,0,0.0,0.0,-1.0,,,-0.04541877459246779,-8.080000000000013,0.04541877459246779,1531
22,2.3000000000000043,0.5000000000000031,43,0,0.0,0.0,-1.0,,,-0.04541877459246779,-8.080000000000013,0.04541877459246779,1532
22,2.3000000000000043,0.6000000000000032,43,0,0.0,0.0,-1.0,,,-0.04541877459246779,-8.080000000000013,0.04541877459246779,1533
22,2.3000000000000043,0.7000000000000033,43,0,0.0,0.0,-1.0,,,-0.04541877459246779,-8.080000000000013,0.04541877459246779,1534
22,2.3000000000000043,0.8000000000000034,43,0,0.0,0.0,-1.0,,,-0.04541877459246779,-8.080000000000013,0.04541877459246779,1535
22,2.3000000000000043,0.9000000000000035,43,0,0.0,0.0,-1.0,,,-0.04541877459246779,-8.080000000000013,0.04541877459246779,1536
22,2.3000000000000043,1.0000000000000036,43,0,0.0,0.0,-1.0,,,-0.04541877459246779,-8.080000000000013,0.04541877459246779,1537
22,2.3000000000000043,1.1000000000000032,43,0,0.0,0.0,-1.0,,,-0.04541877459246779,-8.080000000000013,0.04541877459246779,1538
22,2.3000000000000043,1.2000000000000037,43,0,0.0,0.0,-1.0,,,-0.04541877459246779,-8.080000000000013,0.04541877459246779,1539
22,2.3000000000000043,1.3000000000000043,43,0,0.0,0.0,-1.0,,,-0.04541877459246779,-8.080000000000013,0.04541877459246779,1540
22,2.3000000000000043,1.400000000000004,43,0,0.0,0.0,-1.0,,,-0.04541877459246779,-8.080000000000013,0.04541877459246779,1541
22,2.3000000000000043,1.5000000000000036,43,0,0.0,0.0,-1.0,,,-0.04541877459246779,-8.080000000000013,0.04541877459246779,1542
22,2.3000000000000043,1.600000000000004,43,0,0.0,0.0,-1.0,,,-0.04541877459246779,-8.080000000000013,0.04541877459246779,1543
22,2.3000000000000043,1.7000000000000046,43,0,0.0,0.0,-1.0,,,-0.04541877459246779,-8.080000000000013,0.04541877459246779,1544
22,2.3000000000000043,1.8000000000000043,43,0,0.0,0.0,-1.0,,,-0.04541877459246779,-8.080000000000013,0.04541877459246779,1545
22,2.3000000000000043,1.900000000000004,43,0,0.0,0.0,-1.0,,,-0.04541877459246779,-8.080000000000013,0.04541877459246779,1546
22,2.3000000000000043,2.0000000000000044,43,0,0.0,0.0,-1.0,,,-0.04541877459246779,-8.080000000000013,0.04541877459246779,1547
22,2.3000000000000043,2.100000000000005,43,0,0.0,0.0,-1.0,,,-0.04541877459246779,-8.080000000000013,0.04541877459246779,1548
22,2.3000000000000043,2.2000000000000046,43,0,0.0,0.0,-1.0,,,-0.04541877459246779,-8.080000000000013,0.04541877459246779,1549
22,2.3000000000000043,2.3000000000000043,43,0,0.0,0.0,-1.0,,,-0.04541877459246779,-8.080000000000013,0.04541877459246779,1550
22,2.3000000000000043,2.400000000000005,43,0,0.0,0.0,-1.0,,,-0.04541877459246779,-8.080000000000013,0.04541877459246779,1551
22,2.3000000000000043,2.5000000000000053,43,0,0.0,0.0,-1.0,,,-0.04541877459246779,-8.080000000000013,0.04541877459246779,1552
22,2.3000000000000043,2.600000000000005,43,0,0.0,0.0,-1.0,,,-0.04541877459246779,-8.080000000000013,0.04541877459246779,1553
22,2.3000000000000043,2.7000000000000046,43,0,0.0,0.0,-1.0,,,-0.04541877459246779,-8.080000000000013,0.04541877459246779,1554
22,2.3000000000000043,2.800000000000005,43,0,0.0,0.0,-1.0,,,-0.04541877459246779,-8.080000000000013,0.04541877459246779,1555
22,2.3000000000000043,2.9000000000000057,43,0,0.0,0.0,-1.0,,,-0.04541877459246779,-8.080000000000013,0.04541877459246779,1556
22,2.3000000000000043,3.0000000000000053,43,0,0.0,0.0,-1.0,,,-0.04541877459246779,-8.080000000000013,0.04541877459246779,1557
22,2.400000000000005,-3.0,43,0,0.0,0.0,-1.0,,,-0.04541877459246779,-8.080000000000013,0.04541877459246779,1558
22,2.400000000000005,-2.9,43,0,0.0,0.0,-1.0,,,-0.04541877459246779,-8.080000000000013,0.04541877459246779,1559
22,2.400000000000005,-2.8,43,0,0.0,0.0,-1.0,,,-0.04541877459246779,-8.080000000000013,0.04541877459246779,1560
22,2.400000000000005,-2.6999999999999997,43,0,0.0,0.0,-1.0,,,-0.04541877459246779,-8.080000000000013,0.04541877459246779,1561
22,2.400000000000005,-2.5999999999999996,43,0,0.0,0.0,-1.0,,,-0.04541877459246779,-8.080000000000013,0.04541877459246779,1562
22,2.400000000000005,-2.4999999999999996,43,0,0.0,0.0,-1.0,,,-0.04541877459246779,-8.080000000000013,0.04541877459246779,1563
22,2.400000000000005,-2.3999999999999995,43,0,0.0,0.0,-1.0,,,-0.04541877459246779,-8.080000000000013,0.04541877459246779,1564
22,2.400000000000005,-2.2999999999999994,43,0,0.0,0.0,-1.0,,,-0.04541877459246779,-8.080000000000013,0.04541877459246779,1565
22,2.400000000000005,-2.1999999999999993,43,0,0.0,0.0,-1.0,,,-0.04541877459246779,-8.080000000000013,0.04541877459246779,1566
22,2.400000000000005,-2.099999999999999,43,0,0.0,0.0,-1.0,,,-0.04541877459246779,-8.080000000000013,0.04541877459246779,1567
22,2.400000000000005,-1.9999999999999991,43,0,0.0,0.0,-1.0,,,-0.04541877459246779,-8.080000000000013,0.04541877459246779,1568
22,2.400000000000005,-1.899999999999999,43,0,0.0,0.0,-1.0,,,-0.04541877459246779,-8.080000000000013,0.04541877459246779,1569
22,2.400000000000005,-1.799999999999999,43,0,0.0,0.0,-1.0,,,-0.04541877459246779,-8.080000000000013,0.04541877459246779,1570
22,2.400000000000005,-1.6999999999999988,43,0,0.0,0.0,-1.0,,,-0.04541877459246779,-8.080000000000013,0.04541877459246779,1571
22,2.400000000000005,-1.5999999999999988,43,0,0.0,0.0,-1.0,,,-0.04541877459246779,-8.080000000000013,0.04541877459246779,1572
22,2.400000000000005,-1.4999999999999987,43,0,0.0,0.0,-1.0,,,-0.04541877459246779,-8.080000000000013,0.04541877459246779,1573
22,2.400000000000005,-1.3999999999999986,43,0,0.0,0.0,-1.0,,,-0.04541877459246779,-8.080000000000013,0.04541877459246779,1574
22,2.400000000000005,-1.2999999999999985,43,0,0.0,0.0,-1.0,,,-0.04541877459246779,-8.080000000000013,0.04541877459246779,1575
22,2.400000000000005,-1.1999999999999984,43,0,0.0,0.0,-1.0,,,-0.04541877459246779,-8.080000000000013,0.04541877459246779,1576
22,2.400000000000005,-1.0999999999999983,43,0,0.0,0.0,-1.0,,,-0.04541877459246779,-8.080000000000013,0.04541877459246779,1577
22,2.400000000000005,-0.9999999999999982,43,0,0.0,0.0,-1.0,,,-0.04541877459246779,-8.080000000000013,0.04541877459246779,1578
22,2.400000000000005,-0.8999999999999981,43,0,0.0,0.0,-1.0,,,-0.04541877459246779,-8.080000000000013,0.04541877459246779,1579
22,2.400000000000005,-0.799999999999998,43,0,0.0,0.0,-1.0,,,-0.04541877459246779,-8.080000000000013,0.04541877459246779,1580
22,2.400000000000005,-0.699999999999998,43,0,0.0,0.0,-1.0,,,-0.04541877459246779,-8.080000000000013,0.04541877459246779,1581
22,2.400000000000005,-0.5999999999999979,43,0,0.0,0.0,-1.0,,,-0.04541877459246779,-8.080000000000013,0.04541877459246779,1582
22,2.400000000000005,-0.4999999999999978,43,0,0.0,0.0,-1.0,,,-0.04541877459246779,-8.080000000000013,0.04541877459246779,1583
22,2.400000000000005,-0.3999999999999977,43,0,0.0,0.0,-1.0,,,-0.04541877459246779,-8.080000000000013,0.04541877459246779,1584
22,2.400000000000005,-0.2999999999999976,43,0,0.0,0.0,-1.0,,,-0.04541877459246779,-8.080000000000013,0.04541877459246779,1585
22,2.400000000000005,-0.1999999999999975,43,0,0.0,0.0,-1.0,,,-0.04541877459246779,-8.080000000000013,0.04541877459246779,1586
22,2.400000000000005,-0.09999999999999742,43,0,0.0,0.0,-1.0,,,-0.04541877459246779,-8.080000000000013,0.04541877459246779,1587
22,2.400000000000005,2.6645352591003757e-15,43,0,0.0,0.0,-1.0,,,-0.04541877459246779,-8.080000000000013,0.04541877459246779,1588
22,2.400000000000005,0.10000000000000275,43,0,0.0,0.0,-1.0,,,-0.04541877459246779,-8.080000000000013,0.04541877459246779,1589
22,2.400000000000005,0.20000000000000284,43,0,0.0,0.0,-1.0,,,-0.04541877459246779,-8.080000000000013,0.04541877459246779,1590
22,2.400000000000005,0.30000000000000293,43,0,0.0,0.0,-1.0,,,-0.04541877459246779,-8.080000000000013,0.04541877459246779,1591
22,2.400000000000005,0.400000000000003,43,0,0.0,0.0,-1.0,,,-0.04541877459246779,-8.080000000000013,0.04541877459246779,1592
22,2.400000000000005,0.5000000000000031,43,0,0.0,0.0,-1.0,,,-0.04541877459246779,-8.080000000000013,0.04541877459246779,1593
22,2.400000000000005,0.6000000000000032,43,0,0.0,0.0,-1.0,,,-0.04541877459246779,-8.080000000000013,0.04541877459246779,1594
22,2.400000000000005,0.7000000000000033,43,0,0.0,0.0,-1.0,,,-0.04541877459246779,-8.080000000000013,0.04541877459246779,1595
22,2.400000000000005,0.8000000000000034,43,0,0.0,0.0,-1.0,,,-0.04541877459246779,-8.080000000000013,0.04541877459246779,1596
22,2.400000000000005,0.9000000000000035,43,0,0.0,0.0,-1.0,,,-0.04541877459246779,-8.080000000000013,0.04541877459246779,1597
22,2.400000000000005,1.0000000000000036,43,0,0.0,0.0,-1.0,,,-0.04541877459246779,-8.080000000000013,0.04541877459246779,1598
22,2.400000000000005,1.1000000000000032,43,0,0.0,0.0,-1.0,,,-0.04541877459246779,-8.080000000000013,0.04541877459246779,1599
22,2.400000000000005,1.2000000000000037,43,0,0.0,0.0,-1.0,,,-0.04541877459246779,-8.080000000000013,0.04541877459246779,1600
22,2.400000000000005,1.3000000000000043,43,0,0.0,0.0,-1.0,,,-0.04541877459246779,-8.080000000000013,0.04541877459246779,1601
22,2.400000000000005,1.400000000000004,43,0,0.0,0.0,-1.0,,,-0.04541877459246779,-8.080000000000013,0.04541877459246779,1602
22,2.400000000000005,1.5000000000000036,43,0,0.0,0.0,-1.0,,,-0.04541877459246779,-8.080000000000013,0.04541877459246779,1603
22,2.400000000000005,1.600000000000004,43,0,0.0,0.0,-1.0,,,-0.04541877459246779,-8.080000000000013,0.04541877459246779,1604
22,2.400000000000005,1.7000000000000046,43,0,0.0,0.0,-1.0,,,-0.04541877459246779,-8.080000000000013,0.04541877459246779,1605
22,2.400000000000005,1.8000000000000043,43,0,0.0,0.0,-1.0,,,-0.04541877459246779,-8.080000000000013,0.04541877459246779,1606
22,2.400000000000005,1.900000000000004,43,0,0.0,0.0,-1.0,,,-0.04541877459246779,-8.080000000000013,0.04541877459246779,1607
22,2.400000000000005,2.0000000000000044,43,0,0.0,0.0,-1.0,,,-0.04541877459246779,-8.080000000000013,0.04541877459246779,1608
22,2.400000000000005,2.100000000000005,43,0,0.0,0.0,-1.0,,,-0.04541877459246779,-8.080000000000013,0.04541877459246779,1609
22,2.400000000000005,2.2000000000000046,43,0,0.0,0.0,-1.0,,,-0.04541877459246779,-8.080000000000013,0.04541877459246779,1610
22,2.400000000000005,2.3000000000000043,43,0,0.0,0.0,-1.0,,,-0.04541877459246779,-8.080000000000013,0.04541877459246779,1611
22,2.400000000000005,2.400000000000005,43,0,0.0,0.0,-1.0,,,-0.04541877459246779,-8.080000000000013,0.04541877459246779,1612
22,2.400000000000005,2.5000000000000053,43,0,0.0,0.0,-1.0,,,-0.04541877459246779,-8.080000000000013,0.04541877459246779,1613
22,2.400000000000005,2.600000000000005,43,0,0.0,0.0,-1.0,,,-0.04541877459246779,-8.080000000000013,0.04541877459246779,1614
22,2.400000000000005,2.7000000000000046,43,0,0.0,0.0,-1.0,,,-0.04541877459246779,-8.080000000000013,0.04541877459246779,1615
22,2.400000000000005,2.800000000000005,43,0,0.0,0.0,-1.0,,,-0.04541877459246779,-8.080000000000013,0.04541877459246779,1616
22,2.400000000000005,2.9000000000000057,43,0,0.0,0.0,-1.0,,,-0.04541877459246779,-8.080000000000013,0.04541877459246779,1617
22,2.400000000000005,3.0000000000000053,43,0,0.0,0.0,-1.0,,,-0.04541877459246779,-8.080000000000013,0.04541877459246779,1618
22,2.5000000000000053,-3.0,43,0,0.0,0.0,-1.0,,,-0.04541877459246779,-8.080000000000013,0.04541877459246779,1619
22,2.5000000000000053,-2.9,43,0,0.0,0.0,-1.0,,,-0.04541877459246779,-8.080000000000013,0.04541877459246779,1620
22,2.5000000000000053,-2.8,43,0,0.0,0.0,-1.0,,,-0.04541877459246779,-8.080000000000013,0.04541877459246779,1621
22,2.5000000000000053,-2.6999999999999997,43,0,0.0,0.0,-1.0,,,-0.04541877459246779,-8.080000000000013,0.04541877459246779,1622
22,2.5000000000000053,-2.5999999999999996,43,0,0.0,0.0,-1.0,,,-0.04541877459246779,-8.080000000000013,0.04541877459246779,1623
22,2.5000000000000053,-2.4999999999999996,43,0,0.0,0.0,-1.0,,,-0.04541877459246779,-8.080000000000013,0.04541877459246779,1624
22,2.5000000000000053,-2.3999999999999995,43,0,0.0,0.0,-1.0,,,-0.04541877459246779,-8.080000000000013,0.04541877459246779,1625
22,2.5000000000000053,-2.2999999999999994,43,0,0.0,0.0,-1.0,,,-0.04541877459246779,-8.080000000000013,0.04541877459246779,1626
22,2.5000000000000053,-2.1999999999999993,43,0,0.0,0.0,-1.0,,,-0.04541877459246779,-8.080000000000013,0.04541877459246779,1627
22,2.5000000000000053,-2.099999999999999,43,0,0.0,0.0,-1.0,,,-0.04541877459246779,-8.080000000000013,0.04541877459246779,1628
22,2.5000000000000053,-1.9999999999999991,43,0,0.0,0.0,-1.0,,,-0.04541877459246779,-8.080000000000013,0.04541877459246779,1629
22,2.5000000000000053,-1.899999999999999,43,0,0.0,0.0,-1.0,,,-0.04541877459246779,-8.080000000000013,0.04541877459246779,1630
22,2.5000000000000053,-1.799999999999999,43,0,0.0,0.0,-1.0,,,-0.04541877459246779,-8.080000000000013,0.04541877459246779,1631
22,2.5000000000000053,-1.6999999999999988,43,0,0.0,0.0,-1.0,,,-0.04541877459246779,-8.080000000000013,0.04541877459246779,1632
22,2.5000000000000053,-1.5999999999999988,43,0,0.0,0.0,-1.0,,,-0.04541877459246779,-8.080000000000013,0.04541877459246779,1633
22,2.5000000000000053,-1.4999999999999987,43,0,0.0,0.0,-1.0,,,-0.04541877459246779,-8.080000000000013,0.04541877459246779,1634
22,2.5000000000000053,-1.3999999999999986,43,0,0.0,0.0,-1.0,,,-0.04541877459246779,-8.080000000000013,0.04541877459246779,1635
22,2.5000000000000053,-1.2999999999999985,43,0,0.0,0.0,-1.0,,,-0.04541877459246779,-8.080000000000013,0.04541877459246779,1636
22,2.5000000000000053,-1.1999999999999984,43,0,0.0,0.0,-1.0,,,-0.04541877459246779,-8.080000000000013,0.04541877459246779,1637
22,2.5000000000000053,-1.0999999999999983,43,0,0.0,0.0,-1.0,,,-0.04541877459246779,-8.080000000000013,0.04541877459246779,1638
22,2.5000000000000053,-0.9999999999999982,43,0,0.0,0.0,-1.0,,,-0.04541877459246779,-8.080000000000013,0.04541877459246779,1639
22,2.5000000000000053,-0.8999999999999981,43,0,0.0,0.0,-1.0,,,-0.04541877459246779,-8.080000000000013,0.04541877459246779,1640
22,2.5000000000000053,-0.799999999999998,43,0,0.0,0.0,-1.0,,,-0.04541877459246779,-8.080000000000013,0.04541877459246779,1641
22,2.5000000000000053,-0.699999999999998,43,0,0.0,0.0,-1.0,,,-0.04541877459246779,-8.080000000000013,0.04541877459246779,1642
22,2.5000000000000053,-0.5999999999999979,43,0,0.0,0.0,-1.0,,,-0.04541877459246779,-8.080000000000013,0.04541877459246779,1643
22,2.5000000000000053,-0.4999999999999978,43,0,0.0,0.0,-1.0,,,-0.04541877459246779,-8.080000000000013,0.04541877459246779,1644
22,2.5000000000000053,-0.3999999999999977,43,0,0.0,0.0,-1.0,,,-0.04541877459246779,-8.080000000000013,0.04541877459246779,1645
22,2.5000000000000053,-0.2999999999999976,43,0,0.0,0.0,-1.0,,,-0.04541877459246779,-8.080000000000013,0.04541877459246779,1646
22,2.5000000000000053,-0.1999999999999975,43,0,0.0,0.0,-1.0,,,-0.04541877459246779,-8.080000000000013,0.04541877459246779,1647
22,2.5000000000000053,-0.09999999999999742,43,0,0.0,0.0,-1.0,,,-0.04541877459246779,-8.080000000000013,0.04541877459246779,1648
22,2.5000000000000053,2.6645352591003757e-15,43,0,0.0,0.0,-1.0,,,-0.04541877459246779,-8.080000000000013,0.04541877459246779,1649
22,2.5000000000000053,0.10000000000000275,43,0,0.0,0.0,-1.0,,,-0.04541877459246779,-8.080000000000013,0.04541877459246779,1650
22,2.5000000000000053,0.20000000000000284,43,0,0.0,0.0,-1.0,,,-0.04541877459246779,-8.080000000000013,0.04541877459246779,1651
22,2.5000000000000053,0.30000000000000293,43,0,0.0,0.0,-1.0,,,-0.04541877459246779,-8.080000000000013,0.04541877459246779,1652
22,2.5000000000000053,0.400000000000003,43,0,0.0,0.0,-1.0,,,-0.04541877459246779,-8.080000000000013,0.04541877459246779,1653
22,2.5000000000000053,0.5000000000000031,43,0,0.0,0.0,-1.0,,,-0.04541877459246779,-8.080000000000013,0.04541877459246779,1654
22,2.5000000000000053,0.6000000000000032,43,0,0.0,0.0,-1.0,,,-0.04541877459246779,-8.080000000000013,0.04541877459246779,1655
22,2.5000000000000053,0.7000000000000033,43,0,0.0,0.0,-1.0,,,-0.04541877459246779,-8.080000000000013,0.04541877459246779,1656
22,2.5000000000000053,0.8000000000000034,43,0,0.0,0.0,-1.0,,,-0.04541877459246779,-8.080000000000013,0.04541877459246779,1657
22,2.5000000000000053,0.9000000000000035,43,0,0.0,0.0,-1.0,,,-0.04541877459246779,-8.080000000000013,0.04541877459246779,1658
22,2.5000000000000053,1.0000000000000036,43,0,0.0,0.0,-1.0,,,-0.04541877459246779,-8.080000000000013,0.04541877459246779,1659
22,2.5000000000000053,1.1000000000000032,43,0,0.0,0.0,-1.0,,,-0.04541877459246779,-8.080000000000013,0.04541877459246779,1660
22,2.5000000000000053,1.2000000000000037,43,0,0.0,0.0,-1.0,,,-0.04541877459246779,-8.080000000000013,0.04541877459246779,1661
22,2.5000000000000053,1.3000000000000043,43,0,0.0,0.0,-1.0,,,-0.04541877459246779,-8.080000000000013,0.04541877459246779,1662
22,2.5000000000000053,1.400000000000004,43,0,0.0,0.0,-1.0,,,-0.04541877459246779,-8.080000000000013,0.04541877459246779,1663
22,2.5000000000000053,1.5000000000000036,43,0,0.0,0.0,-1.0,,,-0.04541877459246779,-8.080000000000013,0.04541877459246779,1664
22,2.5000000000000053,1.600000000000004,43,0,0.0,0.0,-1.0,,,-0.04541877459246779,-8.080000000000013,0.04541877459246779,1665
22,2.5000000000000053,1.7000000000000046,43,0,0.0,0.0,-1.0,,,-0.04541877459246779,-8.080000000000013,0.04541877459246779,1666
22,2.5000000000000053,1.8000000000000043,43,0,0.0,0.0,-1.0,,,-0.04541877459246779,-8.080000000000013,0.04541877459246779,1667
22,2.5000000000000053,1.900000000000004,43,0,0.0,0.0,-1.0,,,-0.04541877459246779,-8.080000000000013,0.04541877459246779,1668
22,2.5000000000000053,2.0000000000000044,43,0,0.0,0.0,-1.0,,,-0.04541877459246779,-8.080000000000013,0.04541877459246779,1669
22,2.5000000000000053,2.100000000000005,43,0,0.0,0.0,-1.0,,,-0.04541877459246779,-8.080000000000013,0.04541877459246779,1670
22,2.5000000000000053,2.2000000000000046,43,0,0.0,0.0,-1.0,,,-0.04541877459246779,-8.080000000000013,0.04541877459246779,1671
22,2.5000000000000053,2.3000000000000043,43,0,0.0,0.0,-1.0,,,-0.04541877459246779,-8.080000000000013,0.04541877459246779,1672
22,2.5000000000000053,2.400000000000005,43,0,0.0,0.0,-1.0,,,-0.04541877459246779,-8.080000000000013,0.04541877459246779,1673
22,2.5000000000000053,2.5000000000000053,43,0,0.0,0.0,-1.0,,,-0.04541877459246779,-8.080000000000013,0.04541877459246779,1674
22,2.5000000000000053,2.600000000000005,43,0,0.0,0.0,-1.0,,,-0.04541877459246779,-8.080000000000013,0.04541877459246779,1675
22,2.5000000000000053,2.7000000000000046,43,0,0.0,0.0,-1.0,,,-0.04541877459246779,-8.080000000000013,0.04541877459246779,1676
22,2.5000000000000053,2.800000000000005,43,0,0.0,0.0,-1.0,,,-0.04541877459246779,-8.080000000000013,0.04541877459246779,1677
22,2.5000000000000053,2.9000000000000057,43,0,0.0,0.0,-1.0,,,-0.04541877459246779,-8.080000000000013,0.04541877459246779,1678
22,2.5000000000000053,3.0000000000000053,43,0,0.0,0.0,-1.0,,,-0.04541877459246779,-8.080000000000013,0.04541877459246779,1679
22,2.600000000000005,-3.0,43,0,0.0,0.0,-1.0,,,-0.04541877459246779,-8.080000000000013,0.04541877459246779,1680
22,2.600000000000005,-2.9,43,0,0.0,0.0,-1.0,,,-0.04541877459246779,-8.080000000000013,0.04541877459246779,1681
22,2.600000000000005,-2.8,43,0,0.0,0.0,-1.0,,,-0.04541877459246779,-8.080000000000013,0.04541877459246779,1682
22,2.600000000000005,-2.6999999999999997,43,0,0.0,0.0,-1.0,,,-0.04541877459246779,-8.080000000000013,0.04541877459246779,1683
22,2.600000000000005,-2.5999999999999996,43,0,0.0,0.0,-1.0,,,-0.04541877459246779,-8.080000000000013,0.04541877459246779,1684
22,2.600000000000005,-2.4999999999999996,43,0,0.0,0.0,-1.0,,,-0.04541877459246779,-8.080000000000013,0.04541877459246779,1685
22,2.600000000000005,-2.3999999999999995,43,0,0.0,0.0,-1.0,,,-0.04541877459246779,-8.080000000000013,0.04541877459246779,1686
22,2.600000000000005,-2.2999999999999994,43,0,0.0,0.0,-1.0,,,-0.04541877459246779,-8.080000000000013,0.04541877459246779,1687
22,2.600000000000005,-2.1999999999999993,43,0,0.0,0.0,-1.0,,,-0.04541877459246779,-8.080000000000013,0.04541877459246779,1688
22,2.600000000000005,-2.099999999999999,43,0,0.0,0.0,-1.0,,,-0.04541877459246779,-8.080000000000013,0.04541877459246779,1689
22,2.600000000000005,-1.9999999999999991,43,0,0.0,0.0,-1.0,,,-0.04541877459246779,-8.080000000000013,0.04541877459246779,1690
22,2.600000000000005,-1.899999999999999,43,0,0.0,0.0,-1.0,,,-0.04541877459246779,-8.080000000000013,0.04541877459246779,1691
22,2.600000000000005,-1.799999999999999,43,0,0.0,0.0,-1.0,,,-0.04541877459246779,-8.080000000000013,0.04541877459246779,1692
22,2.600000000000005,-1.6999999999999988,43,0,0.0,0.0,-1.0,,,-0.04541877459246779,-8.080000000000013,0.04541877459246779,1693
22,2.600000000000005,-1.5999999999999988,43,0,0.0,0.0,-1.0,,,-0.04541877459246779,-8.080000000000013,0.04541877459246779,1694
22,2.600000000000005,-1.4999999999999987,43,0,0.0,0.0,-1.0,,,-0.04541877459246779,-8.080000000000013,0.04541877459246779,1695
22,2.600000000000005,-1.3999999999999986,43,0,0.0,0.0,-1.0,,,-0.04541877459246779,-8.080000000000013,0.04541877459246779,1696
22,2.600000000000005,-1.2999999999999985,43,0,0.0,0.0,-1.0,,,-0.04541877459246779,-8.080000000000013,0.04541877459246779,1697
22,2.600000000000005,-1.1999999999999984,43,0,0.0,0.0,-1.0,,,-0.04541877459246779,-8.080000000000013,0.04541877459246779,1698
22,2.600000000000005,-1.0999999999999983,43,0,0.0,0.0,-1.0,,,-0.04541877459246779,-8.080000000000013,0.04541877459246779,1699
22,2.600000000000005,-0.9999999999999982,43,0,0.0,0.0,-1.0,,,-0.04541877459246779,-8.080000000000013,0.04541877459246779,1700
22,2.600000000000005,-0.8999999999999981,43,0,0.0,0.0,-1.0,,,-0.04541877459246779,-8.080000000000013,0.04541877459246779,1701
22,2.600000000000005,-0.799999999999998,43,0,0.0,0.0,-1.0,,,-0.04541877459246779,-8.080000000000013,0.04541877459246779,1702
22,2.600000000000005,-0.699999999999998,43,0,0.0,0.0,-1.0,,,-0.04541877459246779,-8.080000000000013,0.04541877459246779,1703
22,2.600000000000005,-0.5999999999999979,43,0,0.0,0.0,-1.0,,,-0.04541877459246779,-8.080000000000013,0.04541877459246779,1704
22,2.600000000000005,-0.4999999999999978,43,0,0.0,0.0,-1.0,,,-0.04541877459246779,-8.080000000000013,0.04541877459246779,1705
22,2.600000000000005,-0.3999999999999977,43,0,0.0,0.0,-1.0,,,-0.04541877459246779,-8.080000000000013,0.04541877459246779,1706
22,2.600000000000005,-0.2999999999999976,43,0,0.0,0.0,-1.0,,,-0.04541877459246779,-8.080000000000013,0.04541877459246779,1707
22,2.600000000000005,-0.1999999999999975,43,0,0.0,0.0,-1.0,,,-0.04541877459246779,-8.080000000000013,0.04541877459246779,1708
22,2.600000000000005,-0.09999999999999742,43,0,0.0,0.0,-1.0,,,-0.04541877459246779,-8.080000000000013,0.04541877459246779,1709
22,2.600000000000005,2.6645352591003757e-15,43,0,0.0,0.0,-1.0,,,-0.04541877459246779,-8.080000000000013,0.04541877459246779,1710
22,2.600000000000005,0.10000000000000275,43,0,0.0,0.0,-1.0,,,-0.04541877459246779,-8.080000000000013,0.04541877459246779,1711
22,2.600000000000005,0.20000000000000284,43,0,0.0,0.0,-1.0,,,-0.04541877459246779,-8.080000000000013,0.04541877459246779,1712
22,2.600000000000005,0.30000000000000293,43,0,0.0,0.0,-1.0,,,-0.04541877459246779,-8.080000000000013,0.04541877459246779,1713
22,2.600000000000005,0.400000000000003,43,0,0.0,0.0,-1.0,,,-0.04541877459246779,-8.080000000000013,0.04541877459246779,1714
22,2.600000000000005,0.5000000000000031,43,0,0.0,0.0,-1.0,,,-0.04541877459246779,-8.080000000000013,0.04541877459246779,1715
22,2.600000000000005,0.6000000000000032,43,0,0.0,0.0,-1.0,,,-0.04541877459246779,-8.080000000000013,0.04541877459246779,1716
22,2.600000000000005,0.7000000000000033,43,0,0.0,0.0,-1.0,,,-0.04541877459246779,-8.080000000000013,0.04541877459246779,1717
22,2.600000000000005,0.8000000000000034,43,0,0.0,0.0,-1.0,,,-0.04541877459246779,-8.080000000000013,0.04541877459246779,1718
22,2.600000000000005,0.9000000000000035,43,0,0.0,0.0,-1.0,,,-0.04541877459246779,-8.080000000000013,0.04541877459246779,1719
22,2.600000000000005,1.0000000000000036,43,0,0.0,0.0,-1.0,,,-0.04541877459246779,-8.080000000000013,0.04541877459246779,1720
22,2.600000000000005,1.1000000000000032,43,0,0.0,0.0,-1.0,,,-0.04541877459246779,-8.080000000000013,0.04541877459246779,1721
22,2.600000000000005,1.2000000000000037,43,0,0.0,0.0,-1.0,,,-0.04541877459246779,-8.080000000000013,0.04541877459246779,1722
22,2.600000000000005,1.3000000000000043,43,0,0.0,0.0,-1.0,,,-0.04541877459246779,-8.080000000000013,0.04541877459246779,1723
22,2.600000000000005,1.400000000000004,43,0,0.0,0.0,-1.0,,,-0.04541877459246779,-8.080000000000013,0.04541877459246779,1724
22,2.600000000000005,1.5000000000000036,43,0,0.0,0.0,-1.0,,,-0.04541877459246779,-8.080000000000013,0.04541877459246779,1725
22,2.600000000000005,1.600000000000004,43,0,0.0,0.0,-1.0,,,-0.04541877459246779,-8.080000000000013,0.04541877459246779,1726
22,2.600000000000005,1.7000000000000046,43,0,0.0,0.0,-1.0,,,-0.04541877459246779,-8.080000000000013,0.04541877459246779,1727
22,2.600000000000005,1.8000000000000043,43,0,0.0,0.0,-1.0,,,-0.04541877459246779,-8.080000000000013,0.04541877459246779,1728
22,2.600000000000005,1.900000000000004,43,0,0.0,0.0,-1.0,,,-0.04541877459246779,-8.080000000000013,0.04541877459246779,1729
22,2.600000000000005,2.0000000000000044,43,0,0.0,0.0,-1.0,,,-0.04541877459246779,-8.080000000000013,0.04541877459246779,1730
22,2.600000000000005,2.100000000000005,43,0,0.0,0.0,-1.0,,,-0.04541877459246779,-8.080000000000013,0.04541877459246779,1731
22,2.600000000000005,2.2000000000000046,43,0,0.0,0.0,-1.0,,,-0.04541877459246779,-8.080000000000013,0.04541877459246779,1732
22,2.600000000000005,2.3000000000000043,43,0,0.0,0.0,-1.0,,,-0.04541877459246779,-8.080000000000013,0.04541877459246779,1733
22,2.600000000000005,2.400000000000005,43,0,0.0,0.0,-1.0,,,-0.04541877459246779,-8.080000000000013,0.04541877459246779,1734
22,2.600000000000005,2.5000000000000053,43,0,0.0,0.0,-1.0,,,-0.04541877459246779,-8.080000000000013,0.04541877459246779,1735
22,2.600000000000005,2.600000000000005,43,0,0.0,0.0,-1.0,,,-0.04541877459246779,-8.080000000000013,0.04541877459246779,1736
22,2.600000000000005,2.7000000000000046,43,0,0.0,0.0,-1.0,,,-0.04541877459246779,-8.080000000000013,0.04541877459246779,1737
22,2.600000000000005,2.800000000000005,43,0,0.0,0.0,-1.0,,,-0.04541877459246779,-8.080000000000013,0.04541877459246779,1738
22,2.600000000000005,2.9000000000000057,43,0,0.0,0.0,-1.0,,,-0.04541877459246779,-8.080000000000013,0.04541877459246779,1739
22,2.600000000000005,3.0000000000000053,43,0,0.0,0.0,-1.0,,,-0.04541877459246779,-8.080000000000013,0.04541877459246779,1740
22,2.7000000000000046,-3.0,43,0,0.0,0.0,-1.0,,,-0.04541877459246779,-8.080000000000013,0.04541877459246779,1741
22,2.7000000000000046,-2.9,43,0,0.0,0.0,-1.0,,,-0.04541877459246779,-8.080000000000013,0.04541877459246779,1742
22,2.7000000000000046,-2.8,43,0,0.0,0.0,-1.0,,,-0.04541877459246779,-8.080000000000013,0.04541877459246779,1743
22,2.7000000000000046,-2.6999999999999997,43,0,0.0,0.0,-1.0,,,-0.04541877459246779,-8.080000000000013,0.04541877459246779,1744
22,2.7000000000000046,-2.5999999999999996,43,0,0.0,0.0,-1.0,,,-0.04541877459246779,-8.080000000000013,0.04541877459246779,1745
22,2.7000000000000046,-2.4999999999999996,43,0,0.0,0.0,-1.0,,,-0.04541877459246779,-8.080000000000013,0.04541877459246779,1746
22,2.7000000000000046,-2.3999999999999995,43,0,0.0,0.0,-1.0,,,-0.04541877459246779,-8.080000000000013,0.04541877459246779,1747
22,2.7000000000000046,-2.2999999999999994,43,0,0.0,0.0,-1.0,,,-0.04541877459246779,-8.080000000000013,0.04541877459246779,1748
22,2.7000000000000046,-2.1999999999999993,43,0,0.0,0.0,-1.0,,,-0.04541877459246779,-8.080000000000013,0.04541877459246779,1749
22,2.7000000000000046,-2.099999999999999,43,0,0.0,0.0,-1.0,,,-0.04541877459246779,-8.080000000000013,0.04541877459246779,1750
22,2.7000000000000046,-1.9999999999999991,43,0,0.0,0.0,-1.0,,,-0.04541877459246779,-8.080000000000013,0.04541877459246779,1751
22,2.7000000000000046,-1.899999999999999,43,0,0.0,0.0,-1.0,,,-0.04541877459246779,-8.080000000000013,0.04541877459246779,1752
22,2.7000000000000046,-1.799999999999999,43,0,0.0,0.0,-1.0,,,-0.04541877459246779,-8.080000000000013,0.04541877459246779,1753
22,2.7000000000000046,-1.6999999999999988,43,0,0.0,0.0,-1.0,,,-0.04541877459246779,-8.080000000000013,0.04541877459246779,1754
22,2.7000000000000046,-1.5999999999999988,43,0,0.0,0.0,-1.0,,,-0.04541877459246779,-8.080000000000013,0.04541877459246779,1755
22,2.7000000000000046,-1.4999999999999987,43,0,0.0,0.0,-1.0,,,-0.04541877459246779,-8.080000000000013,0.04541877459246779,1756
22,2.7000000000000046,-1.3999999999999986,43,0,0.0,0.0,-1.0,,,-0.04541877459246779,-8.080000000000013,0.04541877459246779,1757
22,2.7000000000000046,-1.2999999999999985,43,0,0.0,0.0,-1.0,,,-0.04541877459246779,-8.080000000000013,0.04541877459246779,1758
22,2.7000000000000046,-1.1999999999999984,43,0,0.0,0.0,-1.0,,,-0.04541877459246779,-8.080000000000013,0.04541877459246779,1759
22,2.7000000000000046,-1.0999999999999983,43,0,0.0,0.0,-1.0,,,-0.04541877459246779,-8.080000000000013,0.04541877459246779,1760
22,2.7000000000000046,-0.9999999999999982,43,0,0.0,0.0,-1.0,,,-0.04541877459246779,-8.080000000000013,0.04541877459246779,1761
22,2.7000000000000046,-0.8999999999999981,43,0,0.0,0.0,-1.0,,,-0.04541877459246779,-8.080000000000013,0.04541877459246779,1762
22,2.7000000000000046,-0.799999999999998,43,0,0.0,0.0,-1.0,,,-0.04541877459246779,-8.080000000000013,0.04541877459246779,1763
22,2.7000000000000046,-0.699999999999998,43,0,0.0,0.0,-1.0,,,-0.04541877459246779,-8.080000000000013,0.04541877459246779,1764
22,2.7000000000000046,-0.5999999999999979,43,0,0.0,0.0,-1.0,,,-0.04541877459246779,-8.080000000000013,0.04541877459246779,1765
22,2.7000000000000046,-0.4999999999999978,43,0,0.0,0.0,-1.0,,,-0.04541877459246779,-8.080000000000013,0.04541877459246779,1766
22,2.7000000000000046,-0.3999999999999977,43,0,0.0,0.0,-1.0,,,-0.04541877459246779,-8.080000000000013,0.04541877459246779,1767
22,2.7000000000000046,-0.2999999999999976,43,0,0.0,0.0,-1.0,,,-0.04541877459246779,-8.080000000000013,0.04541877459246779,1768
22,2.7000000000000046,-0.1999999999999975,43,0,0.0,0.0,-1.0,,,-0.04541877459246779,-8.080000000000013,0.04541877459246779,1769
22,2.7000000000000046,-0.09999999999999742,43,0,0.0,0.0,-1.0,,,-0.04541877459246779,-8.080000000000013,0.04541877459246779,1770
22,2.7000000000000046,2.6645352591003757e-15,43,0,0.0,0.0,-1.0,,,-0.04541877459246779,-8.080000000000013,0.04541877459246779,1771
22,2.7000000000000046,0.10000000000000275,43,0,0.0,0.0,-1.0,,,-0.04541877459246779,-8.080000000000013,0.04541877459246779,1772
22,2.7000000000000046,0.20000000000000284,43,0,0.0,0.0,-1.0,,,-0.04541877459246779,-8.080000000000013,0.04541877459246779,1773
22,2.7000000000000046,0.30000000000000293,43,0,0.0,0.0,-1.0,,,-0.04541877459246779,-8.080000000000013,0.04541877459246779,1774
22,2.7000000000000046,0.400000000000003,43,0,0.0,0.0,-1.0,,,-0.04541877459246779,-8.080000000000013,0.04541877459246779,1775
22,2.7000000000000046,0.5000000000000031,43,0,0.0,0.0,-1.0,,,-0.04541877459246779,-8.080000000000013,0.04541877459246779,1776
22,2.7000000000000046,0.6000000000000032,43,0,0.0,0.0,-1.0,,,-0.04541877459246779,-8.080000000000013,0.04541877459246779,1777
22,2.7000000000000046,0.7000000000000033,43,0,0.0,0.0,-1.0,,,-0.04541877459246779,-8.080000000000013,0.04541877459246779,1778
22,2.7000000000000046,0.8000000000000034,43,0,0.0,0.0,-1.0,,,-0.04541877459246779,-8.080000000000013,0.04541877459246779,1779
22,2.7000000000000046,0.9000000000000035,43,0,0.0,0.0,-1.0,,,-0.04541877459246779,-8.080000000000013,0.04541877459246779,1780
22,2.7000000000000046,1.0000000000000036,43,0,0.0,0.0,-1.0,,,-0.04541877459246779,-8.080000000000013,0.04541877459246779,1781
22,2.7000000000000046,1.1000000000000032,43,0,0.0,0.0,-1.0,,,-0.04541877459246779,-8.080000000000013,0.04541877459246779,1782
22,2.7000000000000046,1.2000000000000037,43,0,0.0,0.0,-1.0,,,-0.04541877459246779,-8.080000000000013,0.04541877459246779,1783
22,2.7000000000000046,1.3000000000000043,43,0,0.0,0.0,-1.0,,,-0.04541877459246779,-8.080000000000013,0.04541877459246779,1784
22,2.7000000000000046,1.400000000000004,43,0,0.0,0.0,-1.0,,,-0.04541877459246779,-8.080000000000013,0.04541877459246779,1785
22,2.7000000000000046,1.5000000000000036,43,0,0.0,0.0,-1.0,,,-0.04541877459246779,-8.080000000000013,0.04541877459246779,1786
22,2.7000000000000046,1.600000000000004,43,0,0.0,0.0,-1.0,,,-0.04541877459246779,-8.080000000000013,0.04541877459246779,1787
22,2.7000000000000046,1.7000000000000046,43,0,0.0,0.0,-1.0,,,-0.04541877459246779,-8.080000000000013,0.04541877459246779,1788
22,2.7000000000000046,1.8000000000000043,43,0,0.0,0.0,-1.0,,,-0.04541877459246779,-8.080000000000013,0.04541877459246779,1789
22,2.7000000000000046,1.900000000000004,43,0,0.0,0.0,-1.0,,,-0.04541877459246779,-8.080000000000013,0.04541877459246779,1790
22,2.7000000000000046,2.0000000000000044,43,0,0.0,0.0,-1.0,,,-0.04541877459246779,-8.080000000000013,0.04541877459246779,1791
22,2.7000000000000046,2.100000000000005,43,0,0.0,0.0,-1.0,,,-0.04541877459246779,-8.080000000000013,0.04541877459246779,1792
22,2.7000000000000046,2.2000000000000046,43,0,0.0,0.0,-1.0,,,-0.04541877459246779,-8.080000000000013,0.04541877459246779,1793
22,2.7000000000000046,2.3000000000000043,43,0,0.0,0.0,-1.0,,,-0.04541877459246779,-8.080000000000013,0.04541877459246779,1794
22,2.7000000000000046,2.400000000000005,43,0,0.0,0.0,-1.0,,,-0.04541877459246779,-8.080000000000013,0.04541877459246779,1795
22,2.7000000000000046,2.5000000000000053,43,0,0.0,0.0,-1.0,,,-0.04541877459246779,-8.080000000000013,0.04541877459246779,1796
22,2.7000000000000046,2.600000000000005,43,0,0.0,0.0,-1.0,,,-0.04541877459246779,-8.080000000000013,0.04541877459246779,1797
22,2.7000000000000046,2.7000000000000046,43,0,0.0,0.0,-1.0,,,-0.04541877459246779,-8.080000000000013,0.04541877459246779,1798
22,2.7000000000000046,2.800000000000005,43,0,0.0,0.0,-1.0,,,-0.04541877459246779,-8.080000000000013,0.04541877459246779,1799
22,2.7000000000000046,2.9000000000000057,43,0,0.0,0.0,-1.0,,,-0.04541877459246779,-8.080000000000013,0.04541877459246779,1800
22,2.7000000000000046,3.0000000000000053,43,0,0.0,0.0,-1.0,,,-0.04541877459246779,-8.080000000000013,0.04541877459246779,1801
22,2.800000000000005,-3.0,43,0,0.0,0.0,-1.0,,,-0.04541877459246779,-8.080000000000013,0.04541877459246779,1802
22,2.800000000000005,-2.9,43,0,0.0,0.0,-1.0,,,-0.04541877459246779,-8.080000000000013,0.04541877459246779,1803
22,2.800000000000005,-2.8,43,0,0.0,0.0,-1.0,,,-0.04541877459246779,-8.080000000000013,0.04541877459246779,1804
22,2.800000000000005,-2.6999999999999997,43,0,0.0,0.0,-1.0,,,-0.04541877459246779,-8.080000000000013,0.04541877459246779,1805
22,2.800000000000005,-2.5999999999999996,43,0,0.0,0.0,-1.0,,,-0.04541877459246779,-8.080000000000013,0.04541877459246779,1806
22,2.800000000000005,-2.4999999999999996,43,0,0.0,0.0,-1.0,,,-0.04541877459246779,-8.080000000000013,0.04541877459246779,1807
22,2.800000000000005,-2.3999999999999995,43,0,0.0,0.0,-1.0,,,-0.04541877459246779,-8.080000000000013,0.04541877459246779,1808
22,2.800000000000005,-2.2999999999999994,43,0,0.0,0.0,-1.0,,,-0.04541877459246779,-8.080000000000013,0.04541877459246779,1809
22,2.800000000000005,-2.1999999999999993,43,0,0.0,0.0,-1.0,,,-0.04541877459246779,-8.080000000000013,0.04541877459246779,1810
22,2.800000000000005,-2.099999999999999,43,0,0.0,0.0,-1.0,,,-0.04541877459246779,-8.080000000000013,0.04541877459246779,1811
22,2.800000000000005,-1.9999999999999991,43,0,0.0,0.0,-1.0,,,-0.04541877459246779,-8.080000000000013,0.04541877459246779,1812
22,2.800000000000005,-1.899999999999999,43,0,0.0,0.0,-1.0,,,-0.04541877459246779,-8.080000000000013,0.04541877459246779,1813
22,2.800000000000005,-1.799999999999999,43,0,0.0,0.0,-1.0,,,-0.04541877459246779,-8.080000000000013,0.04541877459246779,1814
22,2.800000000000005,-1.6999999999999988,43,0,0.0,0.0,-1.0,,,-0.04541877459246779,-8.080000000000013,0.04541877459246779,1815
22,2.800000000000005,-1.5999999999999988,43,0,0.0,0.0,-1.0,,,-0.04541877459246779,-8.080000000000013,0.04541877459246779,1816
22,2.800000000000005,-1.4999999999999987,43,0,0.0,0.0,-1.0,,,-0.04541877459246779,-8.080000000000013,0.04541877459246779,1817
22,2.800000000000005,-1.3999999999999986,43,0,0.0,0.0,-1.0,,,-0.04541877459246779,-8.080000000000013,0.04541877459246779,1818
22,2.800000000000005,-1.2999999999999985,43,0,0.0,0.0,-1.0,,,-0.04541877459246779,-8.080000000000013,0.04541877459246779,1819
22,2.800000000000005,-1.1999999999999984,43,0,0.0,0.0,-1.0,,,-0.04541877459246779,-8.080000000000013,0.04541877459246779,1820
22,2.800000000000005,-1.0999999999999983,43,0,0.0,0.0,-1.0,,,-0.04541877459246779,-8.080000000000013,0.04541877459246779,1821
22,2.800000000000005,-0.9999999999999982,43,0,0.0,0.0,-1.0,,,-0.04541877459246779,-8.080000000000013,0.04541877459246779,1822
22,2.800000000000005,-0.8999999999999981,43,0,0.0,0.0,-1.0,,,-0.04541877459246779,-8.080000000000013,0.04541877459246779,1823
22,2.800000000000005,-0.799999999999998,43,0,0.0,0.0,-1.0,,,-0.04541877459246779,-8.080000000000013,0.04541877459246779,1824
22,2.800000000000005,-0.699999999999998,43,0,0.0,0.0,-1.0,,,-0.04541877459246779,-8.080000000000013,0.04541877459246779,1825
22,2.800000000000005,-0.5999999999999979,43,0,0.0,0.0,-1.0,,,-0.04541877459246779,-8.080000000000013,0.04541877459246779,1826
22,2.800000000000005,-0.4999999999999978,43,0,0.0,0.0,-1.0,,,-0.04541877459246779,-8.080000000000013,0.04541877459246779,1827
22,2.800000000000005,-0.3999999999999977,43,0,0.0,0.0,-1.0,,,-0.04541877459246779,-8.080000000000013,0.04541877459246779,1828
22,2.800000000000005,-0.2999999999999976,43,0,0.0,0.0,-1.0,,,-0.04541877459246779,-8.080000000000013,0.04541877459246779,1829
22,2.800000000000005,-0.1999999999999975,43,0,0.0,0.0,-1.0,,,-0.04541877459246779,-8.080000000000013,0.04541877459246779,1830
22,2.800000000000005,-0.09999999999999742,43,0,0.0,0.0,-1.0,,,-0.04541877459246779,-8.080000000000013,0.04541877459246779,1831
22,2.800000000000005,2.6645352591003757e-15,43,0,0.0,0.0,-1.0,,,-0.04541877459246779,-8.080000000000013,0.04541877459246779,1832
22,2.800000000000005,0.10000000000000275,43,0,0.0,0.0,-1.0,,,-0.04541877459246779,-8.080000000000013,0.04541877459246779,1833
22,2.800000000000005,0.20000000000000284,43,0,0.0,0.0,-1.0,,,-0.04541877459246779,-8.080000000000013,0.04541877459246779,1834
22,2.800000000000005,0.30000000000000293,43,0,0.0,0.0,-1.0,,,-0.04541877459246779,-8.080000000000013,0.04541877459246779,1835
22,2.800000000000005,0.400000000000003,43,0,0.0,0.0,-1.0,,,-0.04541877459246779,-8.080000000000013,0.04541877459246779,1836
22,2.800000000000005,0.5000000000000031,43,0,0.0,0.0,-1.0,,,-0.04541877459246779,-8.080000000000013,0.04541877459246779,1837
22,2.800000000000005,0.6000000000000032,43,0,0.0,0.0,-1.0,,,-0.04541877459246779,-8.080000000000013,0.04541877459246779,1838
22,2.800000000000005,0.7000000000000033,43,0,0.0,0.0,-1.0,,,-0.04541877459246779,-8.080000000000013,0.04541877459246779,1839
22,2.800000000000005,0.8000000000000034,43,0,0.0,0.0,-1.0,,,-0.04541877459246779,-8.080000000000013,0.04541877459246779,1840
22,2.800000000000005,0.9000000000000035,43,0,0.0,0.0,-1.0,,,-0.04541877459246779,-8.080000000000013,0.04541877459246779,1841
22,2.800000000000005,1.0000000000000036,43,0,0.0,0.0,-1.0,,,-0.04541877459246779,-8.080000000000013,0.04541877459246779,1842
22,2.800000000000005,1.1000000000000032,43,0,0.0,0.0,-1.0,,,-0.04541877459246779,-8.080000000000013,0.04541877459246779,1843
22,2.800000000000005,1.2000000000000037,43,0,0.0,0.0,-1.0,,,-0.04541877459246779,-8.080000000000013,0.04541877459246779,1844
22,2.800000000000005,1.3000000000000043,43,0,0.0,0.0,-1.0,,,-0.04541877459246779,-8.080000000000013,0.04541877459246779,1845
22,2.800000000000005,1.400000000000004,43,0,0.0,0.0,-1.0,,,-0.04541877459246779,-8.080000000000013,0.04541877459246779,1846
22,2.800000000000005,1.5000000000000036,43,0,0.0,0.0,-1.0,,,-0.04541877459246779,-8.080000000000013,0.04541877459246779,1847
22,2.800000000000005,1.600000000000004,43,0,0.0,0.0,-1.0,,,-0.04541877459246779,-8.080000000000013,0.04541877459246779,1848
22,2.800000000000005,1.7000000000000046,43,0,0.0,0.0,-1.0,,,-0.04541877459246779,-8.080000000000013,0.04541877459246779,1849
22,2.800000000000005,1.8000000000000043,43,0,0.0,0.0,-1.0,,,-0.04541877459246779,-8.080000000000013,0.04541877459246779,1850
22,2.800000000000005,1.900000000000004,43,0,0.0,0.0,-1.0,,,-0.04541877459246779,-8.080000000000013,0.04541877459246779,1851
22,2.800000000000005,2.0000000000000044,43,0,0.0,0.0,-1.0,,,-0.04541877459246779,-8.080000000000013,0.04541877459246779,1852
22,2.800000000000005,2.100000000000005,43,0,0.0,0.0,-1.0,,,-0.04541877459246779,-8.080000000000013,0.04541877459246779,1853
22,2.800000000000005,2.2000000000000046,43,0,0.0,0.0,-1.0,,,-0.04541877459246779,-8.080000000000013,0.04541877459246779,1854
22,2.800000000000005,2.3000000000000043,43,0,0.0,0.0,-1.0,,,-0.04541877459246779,-8.080000000000013,0.04541877459246779,1855
22,2.800000000000005,2.400000000000005,43,0,0.0,0.0,-1.0,,,-0.04541877459246779,-8.080000000000013,0.04541877459246779,1856
22,2.800000000000005,2.5000000000000053,43,0,0.0,0.0,-1.0,,,-0.04541877459246779,-8.080000000000013,0.04541877459246779,1857
22,2.800000000000005,2.600000000000005,43,0,0.0,0.0,-1.0,,,-0.04541877459246779,-8.080000000000013,0.04541877459246779,1858
22,2.800000000000005,2.7000000000000046,43,0,0.0,0.0,-1.0,,,-0.04541877459246779,-8.080000000000013,0.04541877459246779,1859
22,2.800000000000005,2.800000000000005,43,0,0.0,0.0,-1.0,,,-0.04541877459246779,-8.080000000000013,0.04541877459246779,1860
22,2.800000000000005,2.9000000000000057,43,0,0.0,0.0,-1.0,,,-0.04541877459246779,-8.080000000000013,0.04541877459246779,1861
22,2.800000000000005,3.0000000000000053,43,0,0.0,0.0,-1.0,,,-0.04541877459246779,-8.080000000000013,0.04541877459246779,1862
22,2.9000000000000057,-3.0,43,0,0.0,0.0,-1.0,,,-0.04541877459246779,-8.080000000000013,0.04541877459246779,1863
22,2.9000000000000057,-2.9,43,0,0.0,0.0,-1.0,,,-0.04541877459246779,-8.080000000000013,0.04541877459246779,1864
22,2.9000000000000057,-2.8,43,0,0.0,0.0,-1.0,,,-0.04541877459246779,-8.080000000000013,0.04541877459246779,1865
22,2.9000000000000057,-2.6999999999999997,43,0,0.0,0.0,-1.0,,,-0.04541877459246779,-8.080000000000013,0.04541877459246779,1866
22,2.9000000000000057,-2.5999999999999996,43,0,0.0,0.0,-1.0,,,-0.04541877459246779,-8.080000000000013,0.04541877459246779,1867
22,2.9000000000000057,-2.4999999999999996,43,0,0.0,0.0,-1.0,,,-0.04541877459246779,-8.080000000000013,0.04541877459246779,1868
22,2.9000000000000057,-2.3999999999999995,43,0,0.0,0.0,-1.0,,,-0.04541877459246779,-8.080000000000013,0.04541877459246779,1869
22,2.9000000000000057,-2.2999999999999994,43,0,0.0,0.0,-1.0,,,-0.04541877459246779,-8.080000000000013,0.04541877459246779,1870
22,2.9000000000000057,-2.1999999999999993,43,0,0.0,0.0,-1.0,,,-0.04541877459246779,-8.080000000000013,0.04541877459246779,1871
22,2.9000000000000057,-2.099999999999999,43,0,0.0,0.0,-1.0,,,-0.04541877459246779,-8.080000000000013,0.04541877459246779,1872
22,2.9000000000000057,-1.9999999999999991,43,0,0.0,0.0,-1.0,,,-0.04541877459246779,-8.080000000000013,0.04541877459246779,1873
22,2.9000000000000057,-1.899999999999999,43,0,0.0,0.0,-1.0,,,-0.04541877459246779,-8.080000000000013,0.04541877459246779,1874
22,2.9000000000000057,-1.799999999999999,43,0,0.0,0.0,-1.0,,,-0.04541877459246779,-8.080000000000013,0.04541877459246779,1875
22,2.9000000000000057,-1.6999999999999988,43,0,0.0,0.0,-1.0,,,-0.04541877459246779,-8.080000000000013,0.04541877459246779,1876
22,2.9000000000000057,-1.5999999999999988,43,0,0.0,0.0,-1.0,,,-0.04541877459246779,-8.080000000000013,0.04541877459246779,1877
22,2.9000000000000057,-1.4999999999999987,43,0,0.0,0.0,-1.0,,,-0.04541877459246779,-8.080000000000013,0.04541877459246779,1878
22,2.9000000000000057,-1.3999999999999986,43,0,0.0,0.0,-1.0,,,-0.04541877459246779,-8.080000000000013,0.04541877459246779,1879
22,2.9000000000000057,-1.2999999999999985,43,0,0.0,0.0,-1.0,,,-0.04541877459246779,-8.080000000000013,0.04541877459246779,1880
22,2.9000000000000057,-1.1999999999999984,43,0,0.0,0.0,-1.0,,,-0.04541877459246779,-8.080000000000013,0.04541877459246779,1881
22,2.9000000000000057,-1.0999999999999983,43,0,0.0,0.0,-1.0,,,-0.04541877459246779,-8.080000000000013,0.04541877459246779,1882
22,2.9000000000000057,-0.9999999999999982,43,0,0.0,0.0,-1.0,,,-0.04541877459246779,-8.080000000000013,0.04541877459246779,1883
22,2.9000000000000057,-0.8999999999999981,43,0,0.0,0.0,-1.0,,,-0.04541877459246779,-8.080000000000013,0.04541877459246779,1884
22,2.9000000000000057,-0.799999999999998,43,0,0.0,0.0,-1.0,,,-0.04541877459246779,-8.080000000000013,0.04541877459246779,1885
22,2.9000000000000057,-0.699999999999998,43,0,0.0,0.0,-1.0,,,-0.04541877459246779,-8.080000000000013,0.04541877459246779,1886
22,2.9000000000000057,-0.5999999999999979,43,0,0.0,0.0,-1.0,,,-0.04541877459246779,-8.080000000000013,0.04541877459246779,1887
22,2.9000000000000057,-0.4999999999999978,43,0,0.0,0.0,-1.0,,,-0.04541877459246779,-8.080000000000013,0.04541877459246779,1888
22,2.9000000000000057,-0.3999999999999977,43,0,0.0,0.0,-1.0,,,-0.04541877459246779,-8.080000000000013,0.04541877459246779,1889
22,2.9000000000000057,-0.2999999999999976,43,0,0.0,0.0,-1.0,,,-0.04541877459246779,-8.080000000000013,0.04541877459246779,1890
22,2.9000000000000057,-0.1999999999999975,43,0,0.0,0.0,-1.0,,,-0.04541877459246779,-8.080000000000013,0.04541877459246779,1891
22,2.9000000000000057,-0.09999999999999742,43,0,0.0,0.0,-1.0,,,-0.04541877459246779,-8.080000000000013,0.04541877459246779,1892
22,2.9000000000000057,2.6645352591003757e-15,43,0,0.0,0.0,-1.0,,,-0.04541877459246779,-8.080000000000013,0.04541877459246779,1893
22,2.9000000000000057,0.10000000000000275,43,0,0.0,0.0,-1.0,,,-0.04541877459246779,-8.080000000000013,0.04541877459246779,1894
22,2.9000000000000057,0.20000000000000284,43,0,0.0,0.0,-1.0,,,-0.04541877459246779,-8.080000000000013,0.04541877459246779,1895
22,2.9000000000000057,0.30000000000000293,43,0,0.0,0.0,-1.0,,,-0.04541877459246779,-8.080000000000013,0.04541877459246779,1896
22,2.9000000000000057,0.400000000000003,43,0,0.0,0.0,-1.0,,,-0.04541877459246779,-8.080000000000013,0.04541877459246779,1897
22,2.9000000000000057,0.5000000000000031,43,0,0.0,0.0,-1.0,,,-0.04541877459246779,-8.080000000000013,0.04541877459246779,1898
22,2.9000000000000057,0.6000000000000032,43,0,0.0,0.0,-1.0,,,-0.04541877459246779,-8.080000000000013,0.04541877459246779,1899
22,2.9000000000000057,0.7000000000000033,43,0,0.0,0.0,-1.0,,,-0.04541877459246779,-8.080000000000013,0.04541877459246779,1900
22,2.9000000000000057,0.8000000000000034,43,0,0.0,0.0,-1.0,,,-0.04541877459246779,-8.080000000000013,0.04541877459246779,1901
22,2.9000000000000057,0.9000000000000035,43,0,0.0,0.0,-1.0,,,-0.04541877459246779,-8.080000000000013,0.04541877459246779,1902
22,2.9000000000000057,1.0000000000000036,43,0,0.0,0.0,-1.0,,,-0.04541877459246779,-8.080000000000013,0.04541877459246779,1903
22,2.9000000000000057,1.1000000000000032,43,0,0.0,0.0,-1.0,,,-0.04541877459246779,-8.080000000000013,0.04541877459246779,1904
22,2.9000000000000057,1.2000000000000037,43,0,0.0,0.0,-1.0,,,-0.04541877459246779,-8.080000000000013,0.04541877459246779,1905
22,2.9000000000000057,1.3000000000000043,43,0,0.0,0.0,-1.0,,,-0.04541877459246779,-8.080000000000013,0.04541877459246779,1906
22,2.9000000000000057,1.400000000000004,43,0,0.0,0.0,-1.0,,,-0.04541877459246779,-8.080000000000013,0.04541877459246779,1907
22,2.9000000000000057,1.5000000000000036,43,0,0.0,0.0,-1.0,,,-0.04541877459246779,-8.080000000000013,0.04541877459246779,1908
22,2.9000000000000057,1.600000000000004,43,0,0.0,0.0,-1.0,,,-0.04541877459246779,-8.080000000000013,0.04541877459246779,1909
22,2.9000000000000057,1.7000000000000046,43,0,0.0,0.0,-1.0,,,-0.04541877459246779,-8.080000000000013,0.04541877459246779,1910
22,2.9000000000000057,1.8000000000000043,43,0,0.0,0.0,-1.0,,,-0.04541877459246779,-8.080000000000013,0.04541877459246779,1911
22,2.9000000000000057,1.900000000000004,43,0,0.0,0.0,-1.0,,,-0.04541877459246779,-8.080000000000013,0.04541877459246779,1912
22,2.9000000000000057,2.0000000000000044,43,0,0.0,0.0,-1.0,,,-0.04541877459246779,-8.080000000000013,0.04541877459246779,1913
22,2.9000000000000057,2.100000000000005,43,0,0.0,0.0,-1.0,,,-0.04541877459246779,-8.080000000000013,0.04541877459246779,1914
22,2.9000000000000057,2.2000000000000046,43,0,0.0,0.0,-1.0,,,-0.04541877459246779,-8.080000000000013,0.04541877459246779,1915
22,2.9000000000000057,2.3000000000000043,43,0,0.0,0.0,-1.0,,,-0.04541877459246779,-8.080000000000013,0.04541877459246779,1916
22,2.9000000000000057,2.400000000000005,43,0,0.0,0.0,-1.0,,,-0.04541877459246779,-8.080000000000013,0.04541877459246779,1917
22,2.9000000000000057,2.5000000000000053,43,0,0.0,0.0,-1.0,,,-0.04541877459246779,-8.080000000000013,0.04541877459246779,1918
22,2.9000000000000057,2.600000000000005,43,0,0.0,0.0,-1.0,,,-0.04541877459246779,-8.080000000000013,0.04541877459246779,1919
22,2.9000000000000057,2.7000000000000046,43,0,0.0,0.0,-1.0,,,-0.04541877459246779,-8.080000000000013,0.04541877459246779,1920
22,2.9000000000000057,2.800000000000005,43,0,0.0,0.0,-1.0,,,-0.04541877459246779,-8.080000000000013,0.04541877459246779,1921
22,2.9000000000000057,2.9000000000000057,43,0,0.0,0.0,-1.0,,,-0.04541877459246779,-8.080000000000013,0.04541877459246779,1922
22,2.9000000000000057,3.0000000000000053,43,0,0.0,0.0,-1.0,,,-0.04541877459246779,-8.080000000000013,0.04541877459246779,1923
22,3.0000000000000053,-3.0,43,0,0.0,0.0,-1.0,,,-0.04541877459246779,-8.080000000000013,0.04541877459246779,1924
22,3.0000000000000053,-2.9,43,0,0.0,0.0,-1.0,,,-0.04541877459246779,-8.080000000000013,0.04541877459246779,1925
22,3.0000000000000053,-2.8,43,0,0.0,0.0,-1.0,,,-0.04541877459246779,-8.080000000000013,0.04541877459246779,1926
22,3.0000000000000053,-2.6999999999999997,43,0,0.0,0.0,-1.0,,,-0.04541877459246779,-8.080000000000013,0.04541877459246779,1927
22,3.0000000000000053,-2.5999999999999996,43,0,0.0,0.0,-1.0,,,-0.04541877459246779,-8.080000000000013,0.04541877459246779,1928
22,3.0000000000000053,-2.4999999999999996,43,0,0.0,0.0,-1.0,,,-0.04541877459246779,-8.080000000000013,0.04541877459246779,1929
22,3.0000000000000053,-2.3999999999999995,43,0,0.0,0.0,-1.0,,,-0.04541877459246779,-8.080000000000013,0.04541877459246779,1930
22,3.0000000000000053,-2.2999999999999994,43,0,0.0,0.0,-1.0,,,-0.04541877459246779,-8.080000000000013,0.04541877459246779,1931
22,3.0000000000000053,-2.1999999999999993,43,0,0.0,0.0,-1.0,,,-0.04541877459246779,-8.080000000000013,0.04541877459246779,1932
22,3.0000000000000053,-2.099999999999999,43,0,0.0,0.0,-1.0,,,-0.04541877459246779,-8.080000000000013,0.04541877459246779,1933
22,3.0000000000000053,-1.9999999999999991,43,0,0.0,0.0,-1.0,,,-0.04541877459246779,-8.080000000000013,0.04541877459246779,1934
22,3.0000000000000053,-1.899999999999999,43,0,0.0,0.0,-1.0,,,-0.04541877459246779,-8.080000000000013,0.04541877459246779,1935
22,3.0000000000000053,-1.799999999999999,43,0,0.0,0.0,-1.0,,,-0.04541877459246779,-8.080000000000013,0.04541877459246779,1936
22,3.0000000000000053,-1.6999999999999988,43,0,0.0,0.0,-1.0,,,-0.04541877459246779,-8.080000000000013,0.04541877459246779,1937
22,3.0000000000000053,-1.5999999999999988,43,0,0.0,0.0,-1.0,,,-0.04541877459246779,-8.080000000000013,0.04541877459246779,1938
22,3.0000000000000053,-1.4999999999999987,43,0,0.0,0.0,-1.0,,,-0.04541877459246779,-8.080000000000013,0.04541877459246779,1939
22,3.0000000000000053,-1.3999999999999986,43,0,0.0,0.0,-1.0,,,-0.04541877459246779,-8.080000000000013,0.04541877459246779,1940
22,3.0000000000000053,-1.2999999999999985,43,0,0.0,0.0,-1.0,,,-0.04541877459246779,-8.080000000000013,0.04541877459246779,1941
22,3.0000000000000053,-1.1999999999999984,43,0,0.0,0.0,-1.0,,,-0.04541877459246779,-8.080000000000013,0.04541877459246779,1942
22,3.0000000000000053,-1.0999999999999983,43,0,0.0,0.0,-1.0,,,-0.04541877459246779,-8.080000000000013,0.04541877459246779,1943
22,3.0000000000000053,-0.9999999999999982,43,0,0.0,0.0,-1.0,,,-0.04541877459246779,-8.080000000000013,0.04541877459246779,1944
22,3.0000000000000053,-0.8999999999999981,43,0,0.0,0.0,-1.0,,,-0.04541877459246779,-8.080000000000013,0.04541877459246779,1945
22,3.0000000000000053,-0.799999999999998,43,0,0.0,0.0,-1.0,,,-0.04541877459246779,-8.080000000000013,0.04541877459246779,1946
22,3.0000000000000053,-0.699999999999998,43,0,0.0,0.0,-1.0,,,-0.04541877459246779,-8.080000000000013,0.04541877459246779,1947
22,3.0000000000000053,-0.5999999999999979,43,0,0.0,0.0,-1.0,,,-0.04541877459246779,-8.080000000000013,0.04541877459246779,1948
22,3.0000000000000053,-0.4999999999999978,43,0,0.0,0.0,-1.0,,,-0.04541877459246779,-8.080000000000013,0.04541877459246779,1949
22,3.0000000000000053,-0.3999999999999977,43,0,0.0,0.0,-1.0,,,-0.04541877459246779,-8.080000000000013,0.04541877459246779,1950
22,3.0000000000000053,-0.2999999999999976,43,0,0.0,0.0,-1.0,,,-0.04541877459246779,-8.080000000000013,0.04541877459246779,1951
22,3.0000000000000053,-0.1999999999999975,43,0,0.0,0.0,-1.0,,,-0.04541877459246779,-8.080000000000013,0.04541877459246779,1952
22,3.0000000000000053,-0.09999999999999742,43,0,0.0,0.0,-1.0,,,-0.04541877459246779,-8.080000000000013,0.04541877459246779,1953
22,3.0000000000000053,2.6645352591003757e-15,43,0,0.0,0.0,-1.0,,,-0.04541877459246779,-8.080000000000013,0.04541877459246779,1954
22,3.0000000000000053,0.10000000000000275,43,0,0.0,0.0,-1.0,,,-0.04541877459246779,-8.080000000000013,0.04541877459246779,1955
22,3.0000000000000053,0.20000000000000284,43,0,0.0,0.0,-1.0,,,-0.04541877459246779,-8.080000000000013,0.04541877459246779,1956
22,3.0000000000000053,0.30000000000000293,43,0,0.0,0.0,-1.0,,,-0.04541877459246779,-8.080000000000013,0.04541877459246779,1957
22,3.0000000000000053,0.400000000000003,43,0,0.0,0.0,-1.0,,,-0.04541877459246779,-8.080000000000013,0.04541877459246779,1958
22,3.0000000000000053,0.5000000000000031,43,0,0.0,0.0,-1.0,,,-0.04541877459246779,-8.080000000000013,0.04541877459246779,1959
22,3.0000000000000053,0.6000000000000032,43,0,0.0,0.0,-1.0,,,-0.04541877459246779,-8.080000000000013,0.04541877459246779,1960
22,3.0000000000000053,0.7000000000000033,43,0,0.0,0.0,-1.0,,,-0.04541877459246779,-8.080000000000013,0.04541877459246779,1961
22,3.0000000000000053,0.8000000000000034,43,0,0.0,0.0,-1.0,,,-0.04541877459246779,-8.080000000000013,0.04541877459246779,1962
22,3.0000000000000053,0.9000000000000035,43,0,0.0,0.0,-1.0,,,-0.04541877459246779,-8.080000000000013,0.04541877459246779,1963
22,3.0000000000000053,1.0000000000000036,43,0,0.0,0.0,-1.0,,,-0.04541877459246779,-8.080000000000013,0.04541877459246779,1964
22,3.0000000000000053,1.1000000000000032,43,0,0.0,0.0,-1.0,,,-0.04541877459246779,-8.080000000000013,0.04541877459246779,1965
22,3.0000000000000053,1.2000000000000037,43,0,0.0,0.0,-1.0,,,-0.04541877459246779,-8.080000000000013,0.04541877459246779,1966
22,3.0000000000000053,1.3000000000000043,43,0,0.0,0.0,-1.0,,,-0.04541877459246779,-8.080000000000013,0.04541877459246779,1967
22,3.0000000000000053,1.400000000000004,43,0,0.0,0.0,-1.0,,,-0.04541877459246779,-8.080000000000013,0.04541877459246779,1968
22,3.0000000000000053,1.5000000000000036,43,0,0.0,0.0,-1.0,,,-0.04541877459246779,-8.080000000000013,0.04541877459246779,1969
22,3.0000000000000053,1.600000000000004,43,0,0.0,0.0,-1.0,,,-0.04541877459246779,-8.080000000000013,0.04541877459246779,1970
22,3.0000000000000053,1.7000000000000046,43,0,0.0,0.0,-1.0,,,-0.04541877459246779,-8.080000000000013,0.04541877459246779,1971
22,3.0000000000000053,1.8000000000000043,43,0,0.0,0.0,-1.0,,,-0.04541877459246779,-8.080000000000013,0.04541877459246779,1972
22,3.0000000000000053,1.900000000000004,43,0,0.0,0.0,-1.0,,,-0.04541877459246779,-8.080000000000013,0.04541877459246779,1973
22,3.0000000000000053,2.0000000000000044,43,0,0.0,0.0,-1.0,,,-0.04541877459246779,-8.080000000000013,0.04541877459246779,1974
22,3.0000000000000053,2.100000000000005,43,0,0.0,0.0,-1.0,,,-0.04541877459246779,-8.080000000000013,0.04541877459246779,1975
22,3.0000000000000053,2.2000000000000046,43,0,0.0,0.0,-1.0,,,-0.04541877459246779,-8.080000000000013,0.04541877459246779,1976
22,3.0000000000000053,2.3000000000000043,43,0,0.0,0.0,-1.0,,,-0.04541877459246779,-8.080000000000013,0.04541877459246779,1977
22,3.0000000000000053,2.400000000000005,43,0,0.0,0.0,-1.0,,,-0.04541877459246779,-8.080000000000013,0.04541877459246779,1978
22,3.0000000000000053,2.5000000000000053,43,0,0.0,0.0,-1.0,,,-0.04541877459246779,-8.080000000000013,0.04541877459246779,1979
22,3.0000000000000053,2.600000000000005,43,0,0.0,0.0,-1.0,,,-0.04541877459246779,-8.080000000000013,0.04541877459246779,1980
22,3.0000000000000053,2.7000000000000046,43,0,0.0,0.0,-1.0,,,-0.04541877459246779,-8.080000000000013,0.04541877459246779,1981
22,3.0000000000000053,2.800000000000005,43,0,0.0,0.0,-1.0,,,-0.04541877459246779,-8.080000000000013,0.04541877459246779,1982
22,3.0000000000000053,2.9000000000000057,43,0,0.0,0.0,-1.0,,,-0.04541877459246779,-8.080000000000013,0.04541877459246779,1983
22,3.0000000000000053,3.0000000000000053,43,0,0.0,0.0,-1.0,,,-0.04541877459246779,-8.080000000000013,0.04541877459246779,1984
10,-3.0,2.5000000000000053,55,0,0.0,0.0,-1.0,,,-0.007654999123473449,-1.3100000000000023,0.007654999123473449,1985
10,-3.0,2.600000000000005,55,0,0.0,0.0,-1.0,,,-0.007654999123473449,-1.3100000000000023,0.007654999123473449,1986
10,-3.0,2.7000000000000046,55,0,0.0,0.0,-1.0,,,-0.007654999123473449,-1.3100000000000023,0.007654999123473449,1987
10,-3.0,2.800000000000005,55,0,0.0,0.0,-1.0,,,-0.007654999123473449,-1.3100000000000023,0.007654999123473449,1988
10,-3.0,2.9000000000000057,55,0,0.0,0.0,-1.0,,,-0.007654999123473449,-1.3100000000000023,0.007654999123473449,1989
10,-3.0,3.0000000000000053,55,0,0.0,0.0,-1.0,,,-0.007654999123473449,-1.3100000000000023,0.007654999123473449,1990
10,-2.9,2.5000000000000053,55,0,0.0,0.0,-1.0,,,-0.007654999123473449,-1.3100000000000023,0.007654999123473449,1991
10,-2.9,2.600000000000005,55,0,0.0,0.0,-1.0,,,-0.007654999123473449,-1.3100000000000023,0.007654999123473449,1992
10,-2.9,2.7000000000000046,55,0,0.0,0.0,-1.0,,,-0.007654999123473449,-1.3100000000000023,0.007654999123473449,1993
10,-2.9,2.800000000000005,55,0,0.0,0.0,-1.0,,,-0.007654999123473449,-1.3100000000000023,0.007654999123473449,1994
10,-2.9,2.9000000000000057,55,0,0.0,0.0,-1.0,,,-0.007654999123473449,-1.3100000000000023,0.007654999123473449,1995
10,-2.9,3.0000000000000053,55,0,0.0,0.0,-1.0,,,-0.007654999123473449,-1.3100000000000023,0.007654999123473449,1996
10,-2.8,2.5000000000000053,55,0,0.0,0.0,-1.0,,,-0.007654999123473449,-1.3100000000000023,0.007654999123473449,1997
10,-2.8,2.600000000000005,55,0,0.0,0.0,-1.0,,,-0.007654999123473449,-1.3100000000000023,0.007654999123473449,1998
10,-2.8,2.7000000000000046,55,0,0.0,0.0,-1.0,,,-0.007654999123473449,-1.3100000000000023,0.007654999123473449,1999
10,-2.8,2.800000000000005,55,0,0.0,0.0,-1.0,,,-0.007654999123473449,-1.3100000000000023,0.007654999123473449,2000
10,-2.8,2.9000000000000057,55,0,0.0,0.0,-1.0,,,-0.007654999123473449,-1.3100000000000023,0.007654999123473449,2001
10,-2.8,3.0000000000000053,55,0,0.0,0.0,-1.0,,,-0.007654999123473449,-1.3100000000000023,0.007654999123473449,2002
10,-2.6999999999999997,2.5000000000000053,55,0,0.0,0.0,-1.0,,,-0.007654999123473449,-1.3100000000000023,0.007654999123473449,2003
10,-2.6999999999999997,2.600000000000005,55,0,0.0,0.0,-1.0,,,-0.007654999123473449,-1.3100000000000023,0.007654999123473449,2004
10,-2.6999999999999997,2.7000000000000046,55,0,0.0,0.0,-1.0,,,-0.007654999123473449,-1.3100000000000023,0.007654999123473449,2005
10,-2.6999999999999997,2.800000000000005,55,0,0.0,0.0,-1.0,,,-0.007654999123473449,-1.3100000000000023,0.007654999123473449,2006
10,-2.6999999999999997,2.9000000000000057,55,0,0.0,0.0,-1.0,,,-0.007654999123473449,-1.3100000000000023,0.007654999123473449,2007
10,-2.6999999999999997,3.0000000000000053,55,0,0.0,0.0,-1.0,,,-0.007654999123473449,-1.3100000000000023,0.007654999123473449,2008
10,-2.5999999999999996,2.5000000000000053,55,0,0.0,0.0,-1.0,,,-0.007654999123473449,-1.3100000000000023,0.007654999123473449,2009
10,-2.5999999999999996,2.600000000000005,55,0,0.0,0.0,-1.0,,,-0.007654999123473449,-1.3100000000000023,0.007654999123473449,2010
10,-2.5999999999999996,2.7000000000000046,55,0,0.0,0.0,-1.0,,,-0.007654999123473449,-1.3100000000000023,0.007654999123473449,2011
10,-2.5999999999999996,2.800000000000005,55,0,0.0,0.0,-1.0,,,-0.007654999123473449,-1.3100000000000023,0.007654999123473449,2012
10,-2.5999999999999996,2.9000000000000057,55,0,0.0,0.0,-1.0,,,-0.007654999123473449,-1.3100000000000023,0.007654999123473449,2013
10,-2.5999999999999996,3.0000000000000053,55,0,0.0,0.0,-1.0,,,-0.007654999123473449,-1.3100000000000023,0.007654999123473449,2014
10,-2.4999999999999996,2.5000000000000053,55,0,0.0,0.0,-1.0,,,-0.007654999123473449,-1.3100000000000023,0.007654999123473449,2015
10,-2.4999999999999996,2.600000000000005,55,0,0.0,0.0,-1.0,,,-0.007654999123473449,-1.3100000000000023,0.007654999123473449,2016
10,-2.4999999999999996,2.7000000000000046,55,0,0.0,0.0,-1.0,,,-0.007654999123473449,-1.3100000000000023,0.007654999123473449,2017
10,-2.4999999999999996,2.800000000000005,55,0,0.0,0.0,-1.0,,,-0.007654999123473449,-1.3100000000000023,0.007654999123473449,2018
10,-2.4999999999999996,2.9000000000000057,55,0,0.0,0.0,-1.0,,,-0.007654999123473449,-1.3100000000000023,0.007654999123473449,2019
10,-2.4999999999999996,3.0000000000000053,55,0,0.0,0.0,-1.0,,,-0.007654999123473449,-1.3100000000000023,0.007654999123473449,2020
10,-2.3999999999999995,2.5000000000000053,55,0,0.0,0.0,-1.0,,,-0.007654999123473449,-1.3100000000000023,0.007654999123473449,2021
10,-2.3999999999999995,2.600000000000005,55,0,0.0,0.0,-1.0,,,-0.007654999123473449,-1.3100000000000023,0.007654999123473449,2022
10,-2.3999999999999995,2.7000000000000046,55,0,0.0,0.0,-1.0,,,-0.007654999123473449,-1.3100000000000023,0.007654999123473449,2023
10,-2.3999999999999995,2.800000000000005,55,0,0.0,0.0,-1.0,,,-0.007654999123473449,-1.3100000000000023,0.007654999123473449,2024
10,-2.3999999999999995,2.9000000000000057,55,0,0.0,0.0,-1.0,,,-0.007654999123473449,-1.3100000000000023,0.007654999123473449,2025
10,-2.3999999999999995,3.0000000000000053,55,0,0.0,0.0,-1.0,,,-0.007654999123473449,-1.3100000000000023,0.007654999123473449,2026
10,-2.2999999999999994,2.5000000000000053,55,0,0.0,0.0,-1.0,,,-0.007654999123473449,-1.3100000000000023,0.007654999123473449,2027
10,-2.2999999999999994,2.600000000000005,55,0,0.0,0.0,-1.0,,,-0.007654999123473449,-1.3100000000000023,0.007654999123473449,2028
10,-2.2999999999999994,2.7000000000000046,55,0,0.0,0.0,-1.0,,,-0.007654999123473449,-1.3100000000000023,0.007654999123473449,2029
10,-2.2999999999999994,2.800000000000005,55,0,0.0,0.0,-1.0,,,-0.007654999123473449,-1.3100000000000023,0.007654999123473449,2030
10,-2.2999999999999994,2.9000000000000057,55,0,0.0,0.0,-1.0,,,-0.007654999123473449,-1.3100000000000023,0.007654999123473449,2031
10,-2.2999999999999994,3.0000000000000053,55,0,0.0,0.0,-1.0,,,-0.007654999123473449,-1.3100000000000023,0.007654999123473449,2032
10,-2.1999999999999993,2.5000000000000053,55,0,0.0,0.0,-1.0,,,-0.007654999123473449,-1.3100000000000023,0.007654999123473449,2033
10,-2.1999999999999993,2.600000000000005,55,0,0.0,0.0,-1.0,,,-0.007654999123473449,-1.3100000000000023,0.007654999123473449,2034
10,-2.1999999999999993,2.7000000000000046,55,0,0.0,0.0,-1.0,,,-0.007654999123473449,-1.3100000000000023,0.007654999123473449,2035
10,-2.1999999999999993,2.800000000000005,55,0,0.0,0.0,-1.0,,,-0.007654999123473449,-1.3100000000000023,0.007654999123473449,2036
10,-2.1999999999999993,2.9000000000000057,55,0,0.0,0.0,-1.0,,,-0.007654999123473449,-1.3100000000000023,0.007654999123473449,2037
10,-2.1999999999999993,3.0000000000000053,55,0,0.0,0.0,-1.0,,,-0.007654999123473449,-1.3100000000000023,0.007654999123473449,2038
10,-2.099999999999999,2.5000000000000053,55,0,0.0,0.0,-1.0,,,-0.007654999123473449,-1.3100000000000023,0.007654999123473449,2039
10,-2.099999999999999,2.600000000000005,55,0,0.0,0.0,-1.0,,,-0.007654999123473449,-1.3100000000000023,0.007654999123473449,2040
10,-2.099999999999999,2.7000000000000046,55,0,0.0,0.0,-1.0,,,-0.007654999123473449,-1.3100000000000023,0.007654999123473449,2041
10,-2.099999999999999,2.800000000000005,55,0,0.0,0.0,-1.0,,,-0.007654999123473449,-1.3100000000000023,0.007654999123473449,2042
10,-2.099999999999999,2.9000000000000057,55,0,0.0,0.0,-1.0,,,-0.007654999123473449,-1.3100000000000023,0.007654999123473449,2043
10,-2.099999999999999,3.0000000000000053,55,0,0.0,0.0,-1.0,,,-0.007654999123473449,-1.3100000000000023,0.007654999123473449,2044
10,-1.9999999999999991,2.5000000000000053,55,0,0.0,0.0,-1.0,,,-0.007654999123473449,-1.3100000000000023,0.007654999123473449,2045
10,-1.9999999999999991,2.600000000000005,55,0,0.0,0.0,-1.0,,,-0.007654999123473449,-1.3100000000000023,0.007654999123473449,2046
10,-1.9999999999999991,2.7000000000000046,55,0,0.0,0.0,-1.0,,,-0.007654999123473449,-1.3100000000000023,0.007654999123473449,2047
10,-1.9999999999999991,2.800000000000005,55,0,0.0,0.0,-1.0,,,-0.007654999123473449,-1.3100000000000023,0.007654999123473449,2048
10,-1.9999999999999991,2.9000000000000057,55,0,0.0,0.0,-1.0,,,-0.007654999123473449,-1.3100000000000023,0.007654999123473449,2049
10,-1.9999999999999991,3.0000000000000053,55,0,0.0,0.0,-1.0,,,-0.007654999123473449,-1.3100000000000023,0.007654999123473449,2050
10,-1.899999999999999,2.5000000000000053,55,0,0.0,0.0,-1.0,,,-0.007654999123473449,-1.3100000000000023,0.007654999123473449,2051
10,-1.899999999999999,2.600000000000005,55,0,0.0,0.0,-1.0,,,-0.007654999123473449,-1.3100000000000023,0.007654999123473449,2052
10,-1.899999999999999,2.7000000000000046,55,0,0.0,0.0,-1.0,,,-0.007654999123473449,-1.3100000000000023,0.007654999123473449,2053
10,-1.899999999999999,2.800000000000005,55,0,0.0,0.0,-1.0,,,-0.007654999123473449,-1.3100000000000023,0.007654999123473449,2054
10,-1.899999999999999,2.9000000000000057,55,0,0.0,0.0,-1.0,,,-0.007654999123473449,-1.3100000000000023,0.007654999123473449,2055
10,-1.899999999999999,3.0000000000000053,55,0,0.0,0.0,-1.0,,,-0.007654999123473449,-1.3100000000000023,0.007654999123473449,2056
10,-1.799999999999999,2.5000000000000053,55,0,0.0,0.0,-1.0,,,-0.007654999123473449,-1.3100000000000023,0.007654999123473449,2057
10,-1.799999999999999,2.600000000000005,55,0,0.0,0.0,-1.0,,,-0.007654999123473449,-1.3100000000000023,0.007654999123473449,2058
10,-1.799999999999999,2.7000000000000046,55,0,0.0,0.0,-1.0,,,-0.007654999123473449,-1.3100000000000023,0.007654999123473449,2059
10,-1.799999999999999,2.800000000000005,55,0,0.0,0.0,-1.0,,,-0.007654999123473449,-1.3100000000000023,0.007654999123473449,2060
10,-1.799999999999999,2.9000000000000057,55,0,0.0,0.0,-1.0,,,-0.007654999123473449,-1.3100000000000023,0.007654999123473449,2061
10,-1.799999999999999,3.0000000000000053,55,0,0.0,0.0,-1.0,,,-0.007654999123473449,-1.3100000000000023,0.007654999123473449,2062
10,-1.6999999999999988,2.5000000000000053,55,0,0.0,0.0,-1.0,,,-0.007654999123473449,-1.3100000000000023,0.007654999123473449,2063
10,-1.6999999999999988,2.600000000000005,55,0,0.0,0.0,-1.0,,,-0.007654999123473449,-1.3100000000000023,0.007654999123473449,2064
10,-1.6999999999999988,2.7000000000000046,55,0,0.0,0.0,-1.0,,,-0.007654999123473449,-1.3100000000000023,0.007654999123473449,2065
10,-1.6999999999999988,2.800000000000005,55,0,0.0,0.0,-1.0,,,-0.007654999123473449,-1.3100000000000023,0.007654999123473449,2066
10,-1.6999999999999988,2.9000000000000057,55,0,0.0,0.0,-1.0,,,-0.007654999123473449,-1.3100000000000023,0.007654999123473449,2067
10,-1.6999999999999988,3.0000000000000053,55,0,0.0,0.0,-1.0,,,-0.007654999123473449,-1.3100000000000023,0.007654999123473449,2068
10,-1.5999999999999988,2.5000000000000053,55,0,0.0,0.0,-1.0,,,-0.007654999123473449,-1.3100000000000023,0.007654999123473449,2069
10,-1.5999999999999988,2.600000000000005,55,0,0.0,0.0,-1.0,,,-0.007654999123473449,-1.3100000000000023,0.007654999123473449,2070
10,-1.5999999999999988,2.7000000000000046,55,0,0.0,0.0,-1.0,,,-0.007654999123473449,-1.3100000000000023,0.007654999123473449,2071
10,-1.5999999999999988,2.800000000000005,55,0,0.0,0.0,-1.0,,,-0.007654999123473449,-1.3100000000000023,0.007654999123473449,2072
10,-1.5999999999999988,2.9000000000000057,55,0,0.0,0.0,-1.0,,,-0.007654999123473449,-1.3100000000000023,0.007654999123473449,2073
10,-1.5999999999999988,3.0000000000000053,55,0,0.0,0.0,-1.0,,,-0.007654999123473449,-1.3100000000000023,0.007654999123473449,2074
10,-1.4999999999999987,2.5000000000000053,55,0,0.0,0.0,-1.0,,,-0.007654999123473449,-1.3100000000000023,0.007654999123473449,2075
10,-1.4999999999999987,2.600000000000005,55,0,0.0,0.0,-1.0,,,-0.007654999123473449,-1.3100000000000023,0.007654999123473449,2076
10,-1.4999999999999987,2.7000000000000046,55,0,0.0,0.0,-1.0,,,-0.007654999123473449,-1.3100000000000023,0.007654999123473449,2077
10,-1.4999999999999987,2.800000000000005,55,0,0.0,0.0,-1.0,,,-0.007654999123473449,-1.3100000000000023,0.007654999123473449,2078
10,-1.4999999999999987,2.9000000000000057,55,0,0.0,0.0,-1.0,,,-0.007654999123473449,-1.3100000000000023,0.007654999123473449,2079
10,-1.4999999999999987,3.0000000000000053,55,0,0.0,0.0,-1.0,,,-0.007654999123473449,-1.3100000000000023,0.007654999123473449,2080
10,-1.3999999999999986,2.5000000000000053,55,0,0.0,0.0,-1.0,,,-0.007654999123473449,-1.3100000000000023,0.007654999123473449,2081
10,-1.3999999999999986,2.600000000000005,55,0,0.0,0.0,-1.0,,,-0.007654999123473449,-1.3100000000000023,0.007654999123473449,2082
10,-1.3999999999999986,2.7000000000000046,55,0,0.0,0.0,-1.0,,,-0.007654999123473449,-1.3100000000000023,0.007654999123473449,2083
10,-1.3999999999999986,2.800000000000005,55,0,0.0,0.0,-1.0,,,-0.007654999123473449,-1.3100000000000023,0.007654999123473449,2084
10,-1.3999999999999986,2.9000000000000057,55,0,0.0,0.0,-1.0,,,-0.007654999123473449,-1.3100000000000023,0.007654999123473449,2085
10,-1.3999999999999986,3.0000000000000053,55,0,0.0,0.0,-1.0,,,-0.007654999123473449,-1.3100000000000023,0.007654999123473449,2086
10,-1.2999999999999985,2.5000000000000053,55,0,0.0,0.0,-1.0,,,-0.007654999123473449,-1.3100000000000023,0.007654999123473449,2087
10,-1.2999999999999985,2.600000000000005,55,0,0.0,0.0,-1.0,,,-0.007654999123473449,-1.3100000000000023,0.007654999123473449,2088
10,-1.2999999999999985,2.7000000000000046,55,0,0.0,0.0,-1.0,,,-0.007654999123473449,-1.3100000000000023,0.007654999123473449,2089
10,-1.2999999999999985,2.800000000000005,55,0,0.0,0.0,-1.0,,,-0.007654999123473449,-1.3100000000000023,0.007654999123473449,2090
10,-1.2999999999999985,2.9000000000000057,55,0,0.0,0.0,-1.0,,,-0.007654999123473449,-1.3100000000000023,0.007654999123473449,2091
10,-1.2999999999999985,3.0000000000000053,55,0,0.0,0.0,-1.0,,,-0.007654999123473449,-1.3100000000000023,0.007654999123473449,2092
10,-1.1999999999999984,2.5000000000000053,55,0,0.0,0.0,-1.0,,,-0.007654999123473449,-1.3100000000000023,0.007654999123473449,2093
10,-1.1999999999999984,2.600000000000005,55,0,0.0,0.0,-1.0,,,-0.007654999123473449,-1.3100000000000023,0.007654999123473449,2094
10,-1.1999999999999984,2.7000000000000046,55,0,0.0,0.0,-1.0,,,-0.007654999123473449,-1.3100000000000023,0.007654999123473449,2095
10,-1.1999999999999984,2.800000000000005,55,0,0.0,0.0,-1.0,,,-0.007654999123473449,-1.3100000000000023,0.007654999123473449,2096
10,-1.1999999999999984,2.9000000000000057,55,0,0.0,0.0,-1.0,,,-0.007654999123473449,-1.3100000000000023,0.007654999123473449,2097
10,-1.1999999999999984,3.0000000000000053,55,0,0.0,0.0,-1.0,,,-0.007654999123473449,-1.3100000000000023,0.007654999123473449,2098
10,-1.0999999999999983,2.5000000000000053,55,0,0.0,0.0,-1.0,,,-0.007654999123473449,-1.3100000000000023,0.007654999123473449,2099
10,-1.0999999999999983,2.600000000000005,55,0,0.0,0.0,-1.0,,,-0.007654999123473449,-1.3100000000000023,0.007654999123473449,2100
10,-1.0999999999999983,2.7000000000000046,55,0,0.0,0.0,-1.0,,,-0.007654999123473449,-1.3100000000000023,0.007654999123473449,2101
10,-1.0999999999999983,2.800000000000005,55,0,0.0,0.0,-1.0,,,-0.007654999123473449,-1.3100000000000023,0.007654999123473449,2102
10,-1.0999999999999983,2.9000000000000057,55,0,0.0,0.0,-1.0,,,-0.007654999123473449,-1.3100000000000023,0.007654999123473449,2103
10,-1.0999999999999983,3.0000000000000053,55,0,0.0,0.0,-1.0,,,-0.007654999123473449,-1.3100000000000023,0.007654999123473449,2104
10,-0.9999999999999982,2.5000000000000053,55,0,0.0,0.0,-1.0,,,-0.007654999123473449,-1.3100000000000023,0.007654999123473449,2105
10,-0.9999999999999982,2.600000000000005,55,0,0.0,0.0,-1.0,,,-0.007654999123473449,-1.3100000000000023,0.007654999123473449,2106
10,-0.9999999999999982,2.7000000000000046,55,0,0.0,0.0,-1.0,,,-0.007654999123473449,-1.3100000000000023,0.007654999123473449,2107
10,-0.9999999999999982,2.800000000000005,55,0,0.0,0.0,-1.0,,,-0.007654999123473449,-1.3100000000000023,0.007654999123473449,2108
10,-0.9999999999999982,2.9000000000000057,55,0,0.0,0.0,-1.0,,,-0.007654999123473449,-1.3100000000000023,0.007654999123473449,2109
10,-0.9999999999999982,3.0000000000000053,55,0,0.0,0.0,-1.0,,,-0.007654999123473449,-1.3100000000000023,0.007654999123473449,2110
10,-0.8999999999999981,2.5000000000000053,55,0,0.0,0.0,-1.0,,,-0.007654999123473449,-1.3100000000000023,0.007654999123473449,2111
10,-0.8999999999999981,2.600000000000005,55,0,0.0,0.0,-1.0,,,-0.007654999123473449,-1.3100000000000023,0.007654999123473449,2112
10,-0.8999999999999981,2.7000000000000046,55,0,0.0,0.0,-1.0,,,-0.007654999123473449,-1.3100000000000023,0.007654999123473449,2113
10,-0.8999999999999981,2.800000000000005,55,0,0.0,0.0,-1.0,,,-0.007654999123473449,-1.3100000000000023,0.007654999123473449,2114
10,-0.8999999999999981,2.9000000000000057,55,0,0.0,0.0,-1.0,,,-0.007654999123473449,-1.3100000000000023,0.007654999123473449,2115
10,-0.8999999999999981,3.0000000000000053,55,0,0.0,0.0,-1.0,,,-0.007654999123473449,-1.3100000000000023,0.007654999123473449,2116
10,-0.799999999999998,2.5000000000000053,55,0,0.0,0.0,-1.0,,,-0.007654999123473449,-1.3100000000000023,0.007654999123473449,2117
10,-0.799999999999998,2.600000000000005,55,0,0.0,0.0,-1.0,,,-0.007654999123473449,-1.3100000000000023,0.007654999123473449,2118
10,-0.799999999999998,2.7000000000000046,55,0,0.0,0.0,-1.0,,,-0.007654999123473449,-1.3100000000000023,0.007654999123473449,2119
10,-0.799999999999998,2.800000000000005,55,0,0.0,0.0,-1.0,,,-0.007654999123473449,-1.3100000000000023,0.007654999123473449,2120
10,-0.799999999999998,2.9000000000000057,55,0,0.0,0.0,-1.0,,,-0.007654999123473449,-1.3100000000000023,0.007654999123473449,2121
10,-0.799999999999998,3.0000000000000053,55,0,0.0,0.0,-1.0,,,-0.007654999123473449,-1.3100000000000023,0.007654999123473449,2122
10,-0.699999999999998,2.5000000000000053,55,0,0.0,0.0,-1.0,,,-0.007654999123473449,-1.3100000000000023,0.007654999123473449,2123
10,-0.699999999999998,2.600000000000005,55,0,0.0,0.0,-1.0,,,-0.007654999123473449,-1.3100000000000023,0.007654999123473449,2124
10,-0.699999999999998,2.7000000000000046,55,0,0.0,0.0,-1.0,,,-0.007654999123473449,-1.3100000000000023,0.007654999123473449,2125
10,-0.699999999999998,2.800000000000005,55,0,0.0,0.0,-1.0,,,-0.007654999123473449,-1.3100000000000023,0.007654999123473449,2126
10,-0.699999999999998,2.9000000000000057,55,0,0.0,0.0,-1.0,,,-0.007654999123473449,-1.3100000000000023,0.007654999123473449,2127
10,-0.699999999999998,3.0000000000000053,55,0,0.0,0.0,-1.0,,,-0.007654999123473449,-1.3100000000000023,0.007654999123473449,2128
10,-0.5999999999999979,2.5000000000000053,55,0,0.0,0.0,-1.0,,,-0.007654999123473449,-1.3100000000000023,0.007654999123473449,2129
10,-0.5999999999999979,2.600000000000005,55,0,0.0,0.0,-1.0,,,-0.007654999123473449,-1.3100000000000023,0.007654999123473449,2130
10,-0.5999999999999979,2.7000000000000046,55,0,0.0,0.0,-1.0,,,-0.007654999123473449,-1.3100000000000023,0.007654999123473449,2131
10,-0.5999999999999979,2.800000000000005,55,0,0.0,0.0,-1.0,,,-0.007654999123473449,-1.3100000000000023,0.007654999123473449,2132
10,-0.5999999999999979,2.9000000000000057,55,0,0.0,0.0,-1.0,,,-0.007654999123473449,-1.3100000000000023,0.007654999123473449,2133
10,-0.5999999999999979,3.0000000000000053,55,0,0.0,0.0,-1.0,,,-0.007654999123473449,-1.3100000000000023,0.007654999123473449,2134
10,-0.4999999999999978,2.5000000000000053,55,0,0.0,0.0,-1.0,,,-0.007654999123473449,-1.3100000000000023,0.007654999123473449,2135
10,-0.4999999999999978,2.600000000000005,55,0,0.0,0.0,-1.0,,,-0.007654999123473449,-1.3100000000000023,0.007654999123473449,2136
10,-0.4999999999999978,2.7000000000000046,55,0,0.0,0.0,-1.0,,,-0.007654999123473449,-1.3100000000000023,0.007654999123473449,2137
10,-0.4999999999999978,2.800000000000005,55,0,0.0,0.0,-1.0,,,-0.007654999123473449,-1.3100000000000023,0.007654999123473449,2138
10,-0.4999999999999978,2.9000000000000057,55,0,0.0,0.0,-1.0,,,-0.007654999123473449,-1.3100000000000023,0.007654999123473449,2139
10,-0.4999999999999978,3.0000000000000053,55,0,0.0,0.0,-1.0,,,-0.007654999123473449,-1.3100000000000023,0.007654999123473449,2140
10,-0.3999999999999977,2.5000000000000053,55,0,0.0,0.0,-1.0,,,-0.007654999123473449,-1.3100000000000023,0.007654999123473449,2141
10,-0.3999999999999977,2.600000000000005,55,0,0.0,0.0,-1.0,,,-0.007654999123473449,-1.3100000000000023,0.007654999123473449,2142
10,-0.3999999999999977,2.7000000000000046,55,0,0.0,0.0,-1.0,,,-0.007654999123473449,-1.3100000000000023,0.007654999123473449,2143
10,-0.3999999999999977,2.800000000000005,55,0,0.0,0.0,-1.0,,,-0.007654999123473449,-1.3100000000000023,0.007654999123473449,2144
10,-0.3999999999999977,2.9000000000000057,55,0,0.0,0.0,-1.0,,,-0.007654999123473449,-1.3100000000000023,0.007654999123473449,2145
10,-0.3999999999999977,3.0000000000000053,55,0,0.0,0.0,-1.0,,,-0.007654999123473449,-1.3100000000000023,0.007654999123473449,2146
10,-0.2999999999999976,2.5000000000000053,55,0,0.0,0.0,-1.0,,,-0.007654999123473449,-1.3100000000000023,0.007654999123473449,2147
10,-0.2999999999999976,2.600000000000005,55,0,0.0,0.0,-1.0,,,-0.007654999123473449,-1.3100000000000023,0.007654999123473449,2148
10,-0.2999999999999976,2.7000000000000046,55,0,0.0,0.0,-1.0,,,-0.007654999123473449,-1.3100000000000023,0.007654999123473449,2149
10,-0.2999999999999976,2.800000000000005,55,0,0.0,0.0,-1.0,,,-0.007654999123473449,-1.3100000000000023,0.007654999123473449,2150
10,-0.2999999999999976,2.9000000000000057,55,0,0.0,0.0,-1.0,,,-0.007654999123473449,-1.3100000000000023,0.007654999123473449,2151
10,-0.2999999999999976,3.0000000000000053,55,0,0.0,0.0,-1.0,,,-0.007654999123473449,-1.3100000000000023,0.007654999123473449,2152
10,-0.1999999999999975,2.5000000000000053,55,0,0.0,0.0,-1.0,,,-0.007654999123473449,-1.3100000000000023,0.007654999123473449,2153
10,-0.1999999999999975,2.600000000000005,55,0,0.0,0.0,-1.0,,,-0.007654999123473449,-1.3100000000000023,0.007654999123473449,2154
10,-0.1999999999999975,2.7000000000000046,55,0,0.0,0.0,-1.0,,,-0.007654999123473449,-1.3100000000000023,0.007654999123473449,2155
10,-0.1999999999999975,2.800000000000005,55,0,0.0,0.0,-1.0,,,-0.007654999123473449,-1.3100000000000023,0.007654999123473449,2156
10,-0.1999999999999975,2.9000000000000057,55,0,0.0,0.0,-1.0,,,-0.007654999123473449,-1.3100000000000023,0.007654999123473449,2157
10,-0.1999999999999975,3.0000000000000053,55,0,0.0,0.0,-1.0,,,-0.007654999123473449,-1.3100000000000023,0.007654999123473449,2158
10,-0.09999999999999742,2.5000000000000053,55,0,0.0,0.0,-1.0,,,-0.007654999123473449,-1.3100000000000023,0.007654999123473449,2159
10,-0.09999999999999742,2.600000000000005,55,0,0.0,0.0,-1.0,,,-0.007654999123473449,-1.3100000000000023,0.007654999123473449,2160
10,-0.09999999999999742,2.7000000000000046,55,0,0.0,0.0,-1.0,,,-0.007654999123473449,-1.3100000000000023,0.007654999123473449,2161
10,-0.09999999999999742,2.800000000000005,55,0,0.0,0.0,-1.0,,,-0.007654999123473449,-1.3100000000000023,0.007654999123473449,2162
10,-0.09999999999999742,2.9000000000000057,55,0,0.0,0.0,-1.0,,,-0.007654999123473449,-1.3100000000000023,0.007654999123473449,2163
10,-0.09999999999999742,3.0000000000000053,55,0,0.0,0.0,-1.0,,,-0.007654999123473449,-1.3100000000000023,0.007654999123473449,2164
10,2.6645352591003757e-15,2.5000000000000053,55,0,0.0,0.0,-1.0,,,-0.007654999123473449,-1.3100000000000023,0.007654999123473449,2165
10,2.6645352591003757e-15,2.600000000000005,55,0,0.0,0.0,-1.0,,,-0.007654999123473449,-1.3100000000000023,0.007654999123473449,2166
10,2.6645352591003757e-15,2.7000000000000046,55,0,0.0,0.0,-1.0,,,-0.007654999123473449,-1.3100000000000023,0.007654999123473449,2167
10,2.6645352591003757e-15,2.800000000000005,55,0,0.0,0.0,-1.0,,,-0.007654999123473449,-1.3100000000000023,0.007654999123473449,2168
10,2.6645352591003757e-15,2.9000000000000057,55,0,0.0,0.0,-1.0,,,-0.007654999123473449,-1.3100000000000023,0.007654999123473449,2169
10,2.6645352591003757e-15,3.0000000000000053,55,0,0.0,0.0,-1.0,,,-0.007654999123473449,-1.3100000000000023,0.007654999123473449,2170
10,0.10000000000000275,2.5000000000000053,55,0,0.0,0.0,-1.0,,,-0.007654999123473449,-1.3100000000000023,0.007654999123473449,2171
10,0.10000000000000275,2.600000000000005,55,0,0.0,0.0,-1.0,,,-0.007654999123473449,-1.3100000000000023,0.007654999123473449,2172
10,0.10000000000000275,2.7000000000000046,55,0,0.0,0.0,-1.0,,,-0.007654999123473449,-1.3100000000000023,0.007654999123473449,2173
10,0.10000000000000275,2.800000000000005,55,0,0.0,0.0,-1.0,,,-0.007654999123473449,-1.3100000000000023,0.007654999123473449,2174
10,0.10000000000000275,2.9000000000000057,55,0,0.0,0.0,-1.0,,,-0.007654999123473449,-1.3100000000000023,0.007654999123473449,2175
10,0.10000000000000275,3.0000000000000053,55,0,0.0,0.0,-1.0,,,-0.007654999123473449,-1.3100000000000023,0.007654999123473449,2176
10,0.20000000000000284,2.5000000000000053,55,0,0.0,0.0,-1.0,,,-0.007654999123473449,-1.3100000000000023,0.007654999123473449,2177
10,0.20000000000000284,2.600000000000005,55,0,0.0,0.0,-1.0,,,-0.007654999123473449,-1.3100000000000023,0.007654999123473449,2178
10,0.20000000000000284,2.7000000000000046,55,0,0.0,0.0,-1.0,,,-0.007654999123473449,-1.3100000000000023,0.007654999123473449,2179
10,0.20000000000000284,2.800000000000005,55,0,0.0,0.0,-1.0,,,-0.007654999123473449,-1.3100000000000023,0.007654999123473449,2180
10,0.20000000000000284,2.9000000000000057,55,0,0.0,0.0,-1.0,,,-0.007654999123473449,-1.3100000000000023,0.007654999123473449,2181
10,0.20000000000000284,3.0000000000000053,55,0,0.0,0.0,-1.0,,,-0.007654999123473449,-1.3100000000000023,0.007654999123473449,2182
10,0.30000000000000293,2.5000000000000053,55,0,0.0,0.0,-1.0,,,-0.007654999123473449,-1.3100000000000023,0.007654999123473449,2183
10,0.30000000000000293,2.600000000000005,55,0,0.0,0.0,-1.0,,,-0.007654999123473449,-1.3100000000000023,0.007654999123473449,2184
10,0.30000000000000293,2.7000000000000046,55,0,0.0,0.0,-1.0,,,-0.007654999123473449,-1.3100000000000023,0.007654999123473449,2185
10,0.30000000000000293,2.800000000000005,55,0,0.0,0.0,-1.0,,,-0.007654999123473449,-1.3100000000000023,0.007654999123473449,2186
10,0.30000000000000293,2.9000000000000057,55,0,0.0,0.0,-1.0,,,-0.007654999123473449,-1.3100000000000023,0.007654999123473449,2187
10,0.30000000000000293,3.0000000000000053,55,0,0.0,0.0,-1.0,,,-0.007654999123473449,-1.3100000000000023,0.007654999123473449,2188
10,0.400000000000003,2.5000000000000053,55,0,0.0,0.0,-1.0,,,-0.007654999123473449,-1.3100000000000023,0.007654999123473449,2189
10,0.400000000000003,2.600000000000005,55,0,0.0,0.0,-1.0,,,-0.007654999123473449,-1.3100000000000023,0.007654999123473449,2190
10,0.400000000000003,2.7000000000000046,55,0,0.0,0.0,-1.0,,,-0.007654999123473449,-1.3100000000000023,0.007654999123473449,2191
10,0.400000000000003,2.800000000000005,55,0,0.0,0.0,-1.0,,,-0.007654999123473449,-1.3100000000000023,0.007654999123473449,2192
10,0.400000000000003,2.9000000000000057,55,0,0.0,0.0,-1.0,,,-0.007654999123473449,-1.3100000000000023,0.007654999123473449,2193
10,0.400000000000003,3.0000000000000053,55,0,0.0,0.0,-1.0,,,-0.007654999123473449,-1.3100000000000023,0.007654999123473449,2194
10,0.5000000000000031,2.5000000000000053,55,0,0.0,0.0,-1.0,,,-0.007654999123473449,-1.3100000000000023,0.007654999123473449,2195
10,0.5000000000000031,2.600000000000005,55,0,0.0,0.0,-1.0,,,-0.007654999123473449,-1.3100000000000023,0.007654999123473449,2196
10,0.5000000000000031,2.7000000000000046,55,0,0.0,0.0,-1.0,,,-0.007654999123473449,-1.3100000000000023,0.007654999123473449,2197
10,0.5000000000000031,2.800000000000005,55,0,0.0,0.0,-1.0,,,-0.007654999123473449,-1.3100000000000023,0.007654999123473449,2198
10,0.5000000000000031,2.9000000000000057,55,0,0.0,0.0,-1.0,,,-0.007654999123473449,-1.3100000000000023,0.007654999123473449,2199
10,0.5000000000000031,3.0000000000000053,55,0,0.0,0.0,-1.0,,,-0.007654999123473449,-1.3100000000000023,0.007654999123473449,2200
10,0.6000000000000032,2.5000000000000053,55,0,0.0,0.0,-1.0,,,-0.007654999123473449,-1.3100000000000023,0.007654999123473449,2201
10,0.6000000000000032,2.600000000000005,55,0,0.0,0.0,-1.0,,,-0.007654999123473449,-1.3100000000000023,0.007654999123473449,2202
10,0.6000000000000032,2.7000000000000046,55,0,0.0,0.0,-1.0,,,-0.007654999123473449,-1.3100000000000023,0.007654999123473449,2203
10,0.6000000000000032,2.800000000000005,55,0,0.0,0.0,-1.0,,,-0.007654999123473449,-1.3100000000000023,0.007654999123473449,2204
10,0.6000000000000032,2.9000000000000057,55,0,0.0,0.0,-1.0,,,-0.007654999123473449,-1.3100000000000023,0.007654999123473449,2205
10,0.6000000000000032,3.0000000000000053,55,0,0.0,0.0,-1.0,,,-0.007654999123473449,-1.3100000000000023,0.007654999123473449,2206
10,0.7000000000000033,2.5000000000000053,55,0,0.0,0.0,-1.0,,,-0.007654999123473449,-1.3100000000000023,0.007654999123473449,2207
10,0.7000000000000033,2.600000000000005,55,0,0.0,0.0,-1.0,,,-0.007654999123473449,-1.3100000000000023,0.007654999123473449,2208
10,0.7000000000000033,2.7000000000000046,55,0,0.0,0.0,-1.0,,,-0.007654999123473449,-1.3100000000000023,0.007654999123473449,2209
10,0.7000000000000033,2.800000000000005,55,0,0.0,0.0,-1.0,,,-0.007654999123473449,-1.3100000000000023,0.007654999123473449,2210
10,0.7000000000000033,2.9000000000000057,55,0,0.0,0.0,-1.0,,,-0.007654999123473449,-1.3100000000000023,0.007654999123473449,2211
10,0.7000000000000033,3.0000000000000053,55,0,0.0,0.0,-1.0,,,-0.007654999123473449,-1.3100000000000023,0.007654999123473449,2212
10,0.8000000000000034,2.5000000000000053,55,0,0.0,0.0,-1.0,,,-0.007654999123473449,-1.3100000000000023,0.007654999123473449,2213
10,0.8000000000000034,2.600000000000005,55,0,0.0,0.0,-1.0,,,-0.007654999123473449,-1.3100000000000023,0.007654999123473449,2214
10,0.8000000000000034,2.7000000000000046,55,0,0.0,0.0,-1.0,,,-0.007654999123473449,-1.3100000000000023,0.007654999123473449,2215
10,0.8000000000000034,2.800000000000005,55,0,0.0,0.0,-1.0,,,-0.007654999123473449,-1.3100000000000023,0.007654999123473449,2216
10,0.8000000000000034,2.9000000000000057,55,0,0.0,0.0,-1.0,,,-0.007654999123473449,-1.3100000000000023,0.007654999123473449,2217
10,0.8000000000000034,3.0000000000000053,55,0,0.0,0.0,-1.0,,,-0.007654999123473449,-1.3100000000000023,0.007654999123473449,2218
10,0.9000000000000035,2.5000000000000053,55,0,0.0,0.0,-1.0,,,-0.007654999123473449,-1.3100000000000023,0.007654999123473449,2219
10,0.9000000000000035,2.600000000000005,55,0,0.0,0.0,-1.0,,,-0.007654999123473449,-1.3100000000000023,0.007654999123473449,2220
10,0.9000000000000035,2.7000000000000046,55,0,0.0,0.0,-1.0,,,-0.007654999123473449,-1.3100000000000023,0.007654999123473449,2221
10,0.9000000000000035,2.800000000000005,55,0,0.0,0.0,-1.0,,,-0.007654999123473449,-1.3100000000000023,0.007654999123473449,2222
10,0.9000000000000035,2.9000000000000057,55,0,0.0,0.0,-1.0,,,-0.007654999123473449,-1.3100000000000023,0.007654999123473449,2223
10,0.9000000000000035,3.0000000000000053,55,0,0.0,0.0,-1.0,,,-0.007654999123473449,-1.3100000000000023,0.007654999123473449,2224
10,1.0000000000000036,2.5000000000000053,55,0,0.0,0.0,-1.0,,,-0.007654999123473449,-1.3100000000000023,0.007654999123473449,2225
10,1.0000000000000036,2.600000000000005,55,0,0.0,0.0,-1.0,,,-0.007654999123473449,-1.3100000000000023,0.007654999123473449,2226
10,1.0000000000000036,2.7000000000000046,55,0,0.0,0.0,-1.0,,,-0.007654999123473449,-1.3100000000000023,0.007654999123473449,2227
10,1.0000000000000036,2.800000000000005,55,0,0.0,0.0,-1.0,,,-0.007654999123473449,-1.3100000000000023,0.007654999123473449,2228
10,1.0000000000000036,2.9000000000000057,55,0,0.0,0.0,-1.0,,,-0.007654999123473449,-1.3100000000000023,0.007654999123473449,2229
10,1.0000000000000036,3.0000000000000053,55,0,0.0,0.0,-1.0,,,-0.007654999123473449,-1.3100000000000023,0.007654999123473449,2230
10,1.1000000000000032,2.5000000000000053,55,0,0.0,0.0,-1.0,,,-0.007654999123473449,-1.3100000000000023,0.007654999123473449,2231
10,1.1000000000000032,2.600000000000005,55,0,0.0,0.0,-1.0,,,-0.007654999123473449,-1.3100000000000023,0.007654999123473449,2232
10,1.1000000000000032,2.7000000000000046,55,0,0.0,0.0,-1.0,,,-0.007654999123473449,-1.3100000000000023,0.007654999123473449,2233
10,1.1000000000000032,2.800000000000005,55,0,0.0,0.0,-1.0,,,-0.007654999123473449,-1.3100000000000023,0.007654999123473449,2234
10,1.1000000000000032,2.9000000000000057,55,0,0.0,0.0,-1.0,,,-0.007654999123473449,-1.3100000000000023,0.007654999123473449,2235
10,1.1000000000000032,3.0000000000000053,55,0,0.0,0.0,-1.0,,,-0.007654999123473449,-1.3100000000000023,0.007654999123473449,2236
10,1.2000000000000037,2.5000000000000053,55,0,0.0,0.0,-1.0,,,-0.007654999123473449,-1.3100000000000023,0.007654999123473449,2237
10,1.2000000000000037,2.600000000000005,55,0,0.0,0.0,-1.0,,,-0.007654999123473449,-1.3100000000000023,0.007654999123473449,2238
10,1.2000000000000037,2.7000000000000046,55,0,0.0,0.0,-1.0,,,-0.007654999123473449,-1.3100000000000023,0.007654999123473449,2239
10,1.2000000000000037,2.800000000000005,55,0,0.0,0.0,-1.0,,,-0.007654999123473449,-1.3100000000000023,0.007654999123473449,2240
10,1.2000000000000037,2.9000000000000057,55,0,0.0,0.0,-1.0,,,-0.007654999123473449,-1.3100000000000023,0.007654999123473449,2241
10,1.2000000000000037,3.0000000000000053,55,0,0.0,0.0,-1.0,,,-0.007654999123473449,-1.3100000000000023,0.007654999123473449,2242
10,1.3000000000000043,2.5000000000000053,55,0,0.0,0.0,-1.0,,,-0.007654999123473449,-1.3100000000000023,0.007654999123473449,2243
10,1.3000000000000043,2.600000000000005,55,0,0.0,0.0,-1.0,,,-0.007654999123473449,-1.3100000000000023,0.007654999123473449,2244
10,1.3000000000000043,2.7000000000000046,55,0,0.0,0.0,-1.0,,,-0.007654999123473449,-1.3100000000000023,0.007654999123473449,2245
10,1.3000000000000043,2.800000000000005,55,0,0.0,0.0,-1.0,,,-0.007654999123473449,-1.3100000000000023,0.007654999123473449,2246
10,1.3000000000000043,2.9000000000000057,55,0,0.0,0.0,-1.0,,,-0.007654999123473449,-1.3100000000000023,0.007654999123473449,2247
10,1.3000000000000043,3.0000000000000053,55,0,0.0,0.0,-1.0,,,-0.007654999123473449,-1.3100000000000023,0.007654999123473449,2248
10,1.400000000000004,2.5000000000000053,55,0,0.0,0.0,-1.0,,,-0.007654999123473449,-1.3100000000000023,0.007654999123473449,2249
10,1.400000000000004,2.600000000000005,55,0,0.0,0.0,-1.0,,,-0.007654999123473449,-1.3100000000000023,0.007654999123473449,2250
10,1.400000000000004,2.7000000000000046,55,0,0.0,0.0,-1.0,,,-0.007654999123473449,-1.3100000000000023,0.007654999123473449,2251
10,1.400000000000004,2.800000000000005,55,0,0.0,0.0,-1.0,,,-0.007654999123473449,-1.3100000000000023,0.007654999123473449,2252
10,1.400000000000004,2.9000000000000057,55,0,0.0,0.0,-1.0,,,-0.007654999123473449,-1.3100000000000023,0.007654999123473449,2253
10,1.400000000000004,3.0000000000000053,55,0,0.0,0.0,-1.0,,,-0.007654999123473449,-1.3100000000000023,0.007654999123473449,2254
10,1.5000000000000036,2.5000000000000053,55,0,0.0,0.0,-1.0,,,-0.007654999123473449,-1.3100000000000023,0.007654999123473449,2255
10,1.5000000000000036,2.600000000000005,55,0,0.0,0.0,-1.0,,,-0.007654999123473449,-1.3100000000000023,0.007654999123473449,2256
10,1.5000000000000036,2.7000000000000046,55,0,0.0,0.0,-1.0,,,-0.007654999123473449,-1.3100000000000023,0.007654999123473449,2257
10,1.5000000000000036,2.800000000000005,55,0,0.0,0.0,-1.0,,,-0.007654999123473449,-1.3100000000000023,0.007654999123473449,2258
10,1.5000000000000036,2.9000000000000057,55,0,0.0,0.0,-1.0,,,-0.007654999123473449,-1.3100000000000023,0.007654999123473449,2259
10,1.5000000000000036,3.0000000000000053,55,0,0.0,0.0,-1.0,,,-0.007654999123473449,-1.3100000000000023,0.007654999123473449,2260
10,1.600000000000004,2.5000000000000053,55,0,0.0,0.0,-1.0,,,-0.007654999123473449,-1.3100000000000023,0.007654999123473449,2261
10,1.600000000000004,2.600000000000005,55,0,0.0,0.0,-1.0,,,-0.007654999123473449,-1.3100000000000023,0.007654999123473449,2262
10,1.600000000000004,2.7000000000000046,55,0,0.0,0.0,-1.0,,,-0.007654999123473449,-1.3100000000000023,0.007654999123473449,2263
10,1.600000000000004,2.800000000000005,55,0,0.0,0.0,-1.0,,,-0.007654999123473449,-1.3100000000000023,0.007654999123473449,2264
10,1.600000000000004,2.9000000000000057,55,0,0.0,0.0,-1.0,,,-0.007654999123473449,-1.3100000000000023,0.007654999123473449,2265
10,1.600000000000004,3.0000000000000053,55,0,0.0,0.0,-1.0,,,-0.007654999123473449,-1.3100000000000023,0.007654999123473449,2266
10,1.7000000000000046,2.5000000000000053,55,0,0.0,0.0,-1.0,,,-0.007654999123473449,-1.3100000000000023,0.007654999123473449,2267
10,1.7000000000000046,2.600000000000005,55,0,0.0,0.0,-1.0,,,-0.007654999123473449,-1.3100000000000023,0.007654999123473449,2268
10,1.7000000000000046,2.7000000000000046,55,0,0.0,0.0,-1.0,,,-0.007654999123473449,-1.3100000000000023,0.007654999123473449,2269
10,1.7000000000000046,2.800000000000005,55,0,0.0,0.0,-1.0,,,-0.007654999123473449,-1.3100000000000023,0.007654999123473449,2270
10,1.7000000000000046,2.9000000000000057,55,0,0.0,0.0,-1.0,,,-0.007654999123473449,-1.3100000000000023,0.007654999123473449,2271
10,1.7000000000000046,3.0000000000000053,55,0,0.0,0.0,-1.0,,,-0.007654999123473449,-1.3100000000000023,0.007654999123473449,2272
10,1.8000000000000043,2.5000000000000053,55,0,0.0,0.0,-1.0,,,-0.007654999123473449,-1.3100000000000023,0.007654999123473449,2273
10,1.8000000000000043,2.600000000000005,55,0,0.0,0.0,-1.0,,,-0.007654999123473449,-1.3100000000000023,0.007654999123473449,2274
10,1.8000000000000043,2.7000000000000046,55,0,0.0,0.0,-1.0,,,-0.007654999123473449,-1.3100000000000023,0.007654999123473449,2275
10,1.8000000000000043,2.800000000000005,55,0,0.0,0.0,-1.0,,,-0.007654999123473449,-1.3100000000000023,0.007654999123473449,2276
10,1.8000000000000043,2.9000000000000057,55,0,0.0,0.0,-1.0,,,-0.007654999123473449,-1.3100000000000023,0.007654999123473449,2277
10,1.8000000000000043,3.0000000000000053,55,0,0.0,0.0,-1.0,,,-0.007654999123473449,-1.3100000000000023,0.007654999123473449,2278
10,1.900000000000004,2.5000000000000053,55,0,0.0,0.0,-1.0,,,-0.007654999123473449,-1.3100000000000023,0.007654999123473449,2279
10,1.900000000000004,2.600000000000005,55,0,0.0,0.0,-1.0,,,-0.007654999123473449,-1.3100000000000023,0.007654999123473449,2280
10,1.900000000000004,2.7000000000000046,55,0,0.0,0.0,-1.0,,,-0.007654999123473449,-1.3100000000000023,0.007654999123473449,2281
10,1.900000000000004,2.800000000000005,55,0,0.0,0.0,-1.0,,,-0.007654999123473449,-1.3100000000000023,0.007654999123473449,2282
10,1.900000000000004,2.9000000000000057,55,0,0.0,0.0,-1.0,,,-0.007654999123473449,-1.3100000000000023,0.007654999123473449,2283
10,1.900000000000004,3.0000000000000053,55,0,0.0,0.0,-1.0,,,-0.007654999123473449,-1.3100000000000023,0.007654999123473449,2284
10,2.0000000000000044,2.5000000000000053,55,0,0.0,0.0,-1.0,,,-0.007654999123473449,-1.3100000000000023,0.007654999123473449,2285
10,2.0000000000000044,2.600000000000005,55,0,0.0,0.0,-1.0,,,-0.007654999123473449,-1.3100000000000023,0.007654999123473449,2286
10,2.0000000000000044,2.7000000000000046,55,0,0.0,0.0,-1.0,,,-0.007654999123473449,-1.3100000000000023,0.007654999123473449,2287
10,2.0000000000000044,2.800000000000005,55,0,0.0,0.0,-1.0,,,-0.007654999123473449,-1.3100000000000023,0.007654999123473449,2288
10,2.0000000000000044,2.9000000000000057,55,0,0.0,0.0,-1.0,,,-0.007654999123473449,-1.3100000000000023,0.007654999123473449,2289
10,2.0000000000000044,3.0000000000000053,55,0,0.0,0.0,-1.0,,,-0.007654999123473449,-1.3100000000000023,0.007654999123473449,2290
10,2.100000000000005,2.5000000000000053,55,0,0.0,0.0,-1.0,,,-0.007654999123473449,-1.3100000000000023,0.007654999123473449,2291
10,2.100000000000005,2.600000000000005,55,0,0.0,0.0,-1.0,,,-0.007654999123473449,-1.3100000000000023,0.007654999123473449,2292
10,2.100000000000005,2.7000000000000046,55,0,0.0,0.0,-1.0,,,-0.007654999123473449,-1.3100000000000023,0.007654999123473449,2293
10,2.100000000000005,2.800000000000005,55,0,0.0,0.0,-1.0,,,-0.007654999123473449,-1.3100000000000023,0.007654999123473449,2294
10,2.100000000000005,2.9000000000000057,55,0,0.0,0.0,-1.0,,,-0.007654999123473449,-1.3100000000000023,0.007654999123473449,2295
10,2.100000000000005,3.0000000000000053,55,0,0.0,0.0,-1.0,,,-0.007654999123473449,-1.3100000000000023,0.007654999123473449,2296
10,2.2000000000000046,2.5000000000000053,55,0,0.0,0.0,-1.0,,,-0.007654999123473449,-1.3100000000000023,0.007654999123473449,2297
10,2.2000000000000046,2.600000000000005,55,0,0.0,0.0,-1.0,,,-0.007654999123473449,-1.3100000000000023,0.007654999123473449,2298
10,2.2000000000000046,2.7000000000000046,55,0,0.0,0.0,-1.0,,,-0.007654999123473449,-1.3100000000000023,0.007654999123473449,2299
10,2.2000000000000046,2.800000000000005,55,0,0.0,0.0,-1.0,,,-0.007654999123473449,-1.3100000000000023,0.007654999123473449,2300
10,2.2000000000000046,2.9000000000000057,55,0,0.0,0.0,-1.0,,,-0.007654999123473449,-1.3100000000000023,0.007654999123473449,2301
10,2.2000000000000046,3.0000000000000053,55,0,0.0,0.0,-1.0,,,-0.007654999123473449,-1.3100000000000023,0.007654999123473449,2302
10,2.3000000000000043,2.5000000000000053,55,0,0.0,0.0,-1.0,,,-0.007654999123473449,-1.3100000000000023,0.007654999123473449,2303
10,2.3000000000000043,2.600000000000005,55,0,0.0,0.0,-1.0,,,-0.007654999123473449,-1.3100000000000023,0.007654999123473449,2304
10,2.3000000000000043,2.7000000000000046,55,0,0.0,0.0,-1.0,,,-0.007654999123473449,-1.3100000000000023,0.007654999123473449,2305
10,2.3000000000000043,2.800000000000005,55,0,0.0,0.0,-1.0,,,-0.007654999123473449,-1.3100000000000023,0.007654999123473449,2306
10,2.3000000000000043,2.9000000000000057,55,0,0.0,0.0,-1.0,,,-0.007654999123473449,-1.3100000000000023,0.007654999123473449,2307
10,2.3000000000000043,3.0000000000000053,55,0,0.0,0.0,-1.0,,,-0.007654999123473449,-1.3100000000000023,0.007654999123473449,2308
10,2.400000000000005,2.5000000000000053,55,0,0.0,0.0,-1.0,,,-0.007654999123473449,-1.3100000000000023,0.007654999123473449,2309
10,2.400000000000005,2.600000000000005,55,0,0.0,0.0,-1.0,,,-0.007654999123473449,-1.3100000000000023,0.007654999123473449,2310
10,2.400000000000005,2.7000000000000046,55,0,0.0,0.0,-1.0,,,-0.007654999123473449,-1.3100000000000023,0.007654999123473449,2311
10,2.400000000000005,2.800000000000005,55,0,0.0,0.0,-1.0,,,-0.007654999123473449,-1.3100000000000023,0.007654999123473449,2312
10,2.400000000000005,2.9000000000000057,55,0,0.0,0.0,-1.0,,,-0.007654999123473449,-1.3100000000000023,0.007654999123473449,2313
10,2.400000000000005,3.0000000000000053,55,0,0.0,0.0,-1.0,,,-0.007654999123473449,-1.3100000000000023,0.007654999123473449,2314
10,2.5000000000000053,-3.0,55,0,0.0,0.0,-1.0,,,-0.007654999123473449,-1.3100000000000023,0.007654999123473449,2315
10,2.5000000000000053,-2.9,55,0,0.0,0.0,-1.0,,,-0.007654999123473449,-1.3100000000000023,0.007654999123473449,2316
10,2.5000000000000053,-2.8,55,0,0.0,0.0,-1.0,,,-0.007654999123473449,-1.3100000000000023,0.007654999123473449,2317
10,2.5000000000000053,-2.6999999999999997,55,0,0.0,0.0,-1.0,,,-0.007654999123473449,-1.3100000000000023,0.007654999123473449,2318
10,2.5000000000000053,-2.5999999999999996,55,0,0.0,0.0,-1.0,,,-0.007654999123473449,-1.3100000000000023,0.007654999123473449,2319
10,2.5000000000000053,-2.4999999999999996,55,0,0.0,0.0,-1.0,,,-0.007654999123473449,-1.3100000000000023,0.007654999123473449,2320
10,2.5000000000000053,-2.3999999999999995,55,0,0.0,0.0,-1.0,,,-0.007654999123473449,-1.3100000000000023,0.007654999123473449,2321
10,2.5000000000000053,-2.2999999999999994,55,0,0.0,0.0,-1.0,,,-0.007654999123473449,-1.3100000000000023,0.007654999123473449,2322
10,2.5000000000000053,-2.1999999999999993,55,0,0.0,0.0,-1.0,,,-0.007654999123473449,-1.3100000000000023,0.007654999123473449,2323
10,2.5000000000000053,-2.099999999999999,55,0,0.0,0.0,-1.0,,,-0.007654999123473449,-1.3100000000000023,0.007654999123473449,2324
10,2.5000000000000053,-1.9999999999999991,55,0,0.0,0.0,-1.0,,,-0.007654999123473449,-1.3100000000000023,0.007654999123473449,2325
10,2.5000000000000053,-1.899999999999999,55,0,0.0,0.0,-1.0,,,-0.007654999123473449,-1.3100000000000023,0.007654999123473449,2326
10,2.5000000000000053,-1.799999999999999,55,0,0.0,0.0,-1.0,,,-0.007654999123473449,-1.3100000000000023,0.007654999123473449,2327
10,2.5000000000000053,-1.6999999999999988,55,0,0.0,0.0,-1.0,,,-0.007654999123473449,-1.3100000000000023,0.007654999123473449,2328
10,2.5000000000000053,-1.5999999999999988,55,0,0.0,0.0,-1.0,,,-0.007654999123473449,-1.3100000000000023,0.007654999123473449,2329
10,2.5000000000000053,-1.4999999999999987,55,0,0.0,0.0,-1.0,,,-0.007654999123473449,-1.3100000000000023,0.007654999123473449,2330
10,2.5000000000000053,-1.3999999999999986,55,0,0.0,0.0,-1.0,,,-0.007654999123473449,-1.3100000000000023,0.007654999123473449,2331
10,2.5000000000000053,-1.2999999999999985,55,0,0.0,0.0,-1.0,,,-0.007654999123473449,-1.3100000000000023,0.007654999123473449,2332
10,2.5000000000000053,-1.1999999999999984,55,0,0.0,0.0,-1.0,,,-0.007654999123473449,-1.3100000000000023,0.007654999123473449,2333
10,2.5000000000000053,-1.0999999999999983,55,0,0.0,0.0,-1.0,,,-0.007654999123473449,-1.3100000000000023,0.007654999123473449,2334
10,2.5000000000000053,-0.9999999999999982,55,0,0.0,0.0,-1.0,,,-0.007654999123473449,-1.3100000000000023,0.007654999123473449,2335
10,2.5000000000000053,-0.8999999999999981,55,0,0.0,0.0,-1.0,,,-0.007654999123473449,-1.3100000000000023,0.007654999123473449,2336
10,2.5000000000000053,-0.799999999999998,55,0,0.0,0.0,-1.0,,,-0.007654999123473449,-1.3100000000000023,0.007654999123473449,2337
10,2.5000000000000053,-0.699999999999998,55,0,0.0,0.0,-1.0,,,-0.007654999123473449,-1.3100000000000023,0.007654999123473449,2338
10,2.5000000000000053,-0.5999999999999979,55,0,0.0,0.0,-1.0,,,-0.007654999123473449,-1.3100000000000023,0.007654999123473449,2339
10,2.5000000000000053,-0.4999999999999978,55,0,0.0,0.0,-1.0,,,-0.007654999123473449,-1.3100000000000023,0.007654999123473449,2340
10,2.5000000000000053,-0.3999999999999977,55,0,0.0,0.0,-1.0,,,-0.007654999123473449,-1.3100000000000023,0.007654999123473449,2341
10,2.5000000000000053,-0.2999999999999976,55,0,0.0,0.0,-1.0,,,-0.007654999123473449,-1.3100000000000023,0.007654999123473449,2342
10,2.5000000000000053,-0.1999999999999975,55,0,0.0,0.0,-1.0,,,-0.007654999123473449,-1.3100000000000023,0.007654999123473449,2343
10,2.5000000000000053,-0.09999999999999742,55,0,0.0,0.0,-1.0,,,-0.007654999123473449,-1.3100000000000023,0.007654999123473449,2344
10,2.5000000000000053,2.6645352591003757e-15,55,0,0.0,0.0,-1.0,,,-0.007654999123473449,-1.3100000000000023,0.007654999123473449,2345
10,2.5000000000000053,0.10000000000000275,55,0,0.0,0.0,-1.0,,,-0.007654999123473449,-1.3100000000000023,0.007654999123473449,2346
10,2.5000000000000053,0.20000000000000284,55,0,0.0,0.0,-1.0,,,-0.007654999123473449,-1.3100000000000023,0.007654999123473449,2347
10,2.5000000000000053,0.30000000000000293,55,0,0.0,0.0,-1.0,,,-0.007654999123473449,-1.3100000000000023,0.007654999123473449,2348
10,2.5000000000000053,0.400000000000003,55,0,0.0,0.0,-1.0,,,-0.007654999123473449,-1.3100000000000023,0.007654999123473449,2349
10,2.5000000000000053,0.5000000000000031,55,0,0.0,0.0,-1.0,,,-0.007654999123473449,-1.3100000000000023,0.007654999123473449,2350
10,2.5000000000000053,0.6000000000000032,55,0,0.0,0.0,-1.0,,,-0.007654999123473449,-1.3100000000000023,0.007654999123473449,2351
10,2.5000000000000053,0.7000000000000033,55,0,0.0,0.0,-1.0,,,-0.007654999123473449,-1.3100000000000023,0.007654999123473449,2352
10,2.5000000000000053,0.8000000000000034,55,0,0.0,0.0,-1.0,,,-0.007654999123473449,-1.3100000000000023,0.007654999123473449,2353
10,2.5000000000000053,0.9000000000000035,55,0,0.0,0.0,-1.0,,,-0.007654999123473449,-1.3100000000000023,0.007654999123473449,2354
10,2.5000000000000053,1.0000000000000036,55,0,0.0,0.0,-1.0,,,-0.007654999123473449,-1.3100000000000023,0.007654999123473449,2355
10,2.5000000000000053,1.1000000000000032,55,0,0.0,0.0,-1.0,,,-0.007654999123473449,-1.3100000000000023,0.007654999123473449,2356
10,2.5000000000000053,1.2000000000000037,55,0,0.0,0.0,-1.0,,,-0.007654999123473449,-1.3100000000000023,0.007654999123473449,2357
10,2.5000000000000053,1.3000000000000043,55,0,0.0,0.0,-1.0,,,-0.007654999123473449,-1.3100000000000023,0.007654999123473449,2358
10,2.5000000000000053,1.400000000000004,55,0,0.0,0.0,-1.0,,,-0.007654999123473449,-1.3100000000000023,0.007654999123473449,2359
10,2.5000000000000053,1.5000000000000036,55,0,0.0,0.0,-1.0,,,-0.007654999123473449,-1.3100000000000023,0.007654999123473449,2360
10,2.5000000000000053,1.600000000000004,55,0,0.0,0.0,-1.0,,,-0.007654999123473449,-1.3100000000000023,0.007654999123473449,2361
10,2.5000000000000053,1.7000000000000046,55,0,0.0,0.0,-1.0,,,-0.007654999123473449,-1.3100000000000023,0.007654999123473449,2362
10,2.5000000000000053,1.8000000000000043,55,0,0.0,0.0,-1.0,,,-0.007654999123473449,-1.3100000000000023,0.007654999123473449,2363
10,2.5000000000000053,1.900000000000004,55,0,0.0,0.0,-1.0,,,-0.007654999123473449,-1.3100000000000023,0.007654999123473449,2364
10,2.5000000000000053,2.0000000000000044,55,0,0.0,0.0,-1.0,,,-0.007654999123473449,-1.3100000000000023,0.007654999123473449,2365
10,2.5000000000000053,2.100000000000005,55,0,0.0,0.0,-1.0,,,-0.007654999123473449,-1.3100000000000023,0.007654999123473449,2366
10,2.5000000000000053,2.2000000000000046,55,0,0.0,0.0,-1.0,,,-0.007654999123473449,-1.3100000000000023,0.007654999123473449,2367
10,2.5000000000000053,2.3000000000000043,55,0,0.0,0.0,-1.0,,,-0.007654999123473449,-1.3100000000000023,0.007654999123473449,2368
10,2.5000000000000053,2.400000000000005,55,0,0.0,0.0,-1.0,,,-0.007654999123473449,-1.3100000000000023,0.007654999123473449,2369
10,2.5000000000000053,2.5000000000000053,55,0,0.0,0.0,-1.0,,,-0.007654999123473449,-1.3100000000000023,0.007654999123473449,2370
10,2.5000000000000053,2.600000000000005,55,0,0.0,0.0,-1.0,,,-0.007654999123473449,-1.3100000000000023,0.007654999123473449,2371
10,2.5000000000000053,2.7000000000000046,55,0,0.0,0.0,-1.0,,,-0.007654999123473449,-1.3100000000000023,0.007654999123473449,2372
10,2.5000000000000053,2.800000000000005,55,0,0.0,0.0,-1.0,,,-0.007654999123473449,-1.3100000000000023,0.007654999123473449,2373
10,2.5000000000000053,2.9000000000000057,55,0,0.0,0.0,-1.0,,,-0.007654999123473449,-1.3100000000000023,0.007654999123473449,2374
10,2.5000000000000053,3.0000000000000053,55,0,0.0,0.0,-1.0,,,-0.007654999123473449,-1.3100000000000023,0.007654999123473449,2375
10,2.600000000000005,-3.0,55,0,0.0,0.0,-1.0,,,-0.007654999123473449,-1.3100000000000023,0.007654999123473449,2376
10,2.600000000000005,-2.9,55,0,0.0,0.0,-1.0,,,-0.007654999123473449,-1.3100000000000023,0.007654999123473449,2377
10,2.600000000000005,-2.8,55,0,0.0,0.0,-1.0,,,-0.007654999123473449,-1.3100000000000023,0.007654999123473449,2378
10,2.600000000000005,-2.6999999999999997,55,0,0.0,0.0,-1.0,,,-0.007654999123473449,-1.3100000000000023,0.007654999123473449,2379
10,2.600000000000005,-2.5999999999999996,55,0,0.0,0.0,-1.0,,,-0.007654999123473449,-1.3100000000000023,0.007654999123473449,2380
10,2.600000000000005,-2.4999999999999996,55,0,0.0,0.0,-1.0,,,-0.007654999123473449,-1.3100000000000023,0.007654999123473449,2381
10,2.600000000000005,-2.3999999999999995,55,0,0.0,0.0,-1.0,,,-0.007654999123473449,-1.3100000000000023,0.007654999123473449,2382
10,2.600000000000005,-2.2999999999999994,55,0,0.0,0.0,-1.0,,,-0.007654999123473449,-1.3100000000000023,0.007654999123473449,2383
10,2.600000000000005,-2.1999999999999993,55,0,0.0,0.0,-1.0,,,-0.007654999123473449,-1.3100000000000023,0.007654999123473449,2384
10,2.600000000000005,-2.099999999999999,55,0,0.0,0.0,-1.0,,,-0.007654999123473449,-1.3100000000000023,0.007654999123473449,2385
10,2.600000000000005,-1.9999999999999991,55,0,0.0,0.0,-1.0,,,-0.007654999123473449,-1.3100000000000023,0.007654999123473449,2386
10,2.600000000000005,-1.899999999999999,55,0,0.0,0.0,-1.0,,,-0.007654999123473449,-1.3100000000000023,0.007654999123473449,2387
10,2.600000000000005,-1.799999999999999,55,0,0.0,0.0,-1.0,,,-0.007654999123473449,-1.3100000000000023,0.007654999123473449,2388
10,2.600000000000005,-1.6999999999999988,55,0,0.0,0.0,-1.0,,,-0.007654999123473449,-1.3100000000000023,0.007654999123473449,2389
10,2.600000000000005,-1.5999999999999988,55,0,0.0,0.0,-1.0,,,-0.007654999123473449,-1.3100000000000023,0.007654999123473449,2390
10,2.600000000000005,-1.4999999999999987,55,0,0.0,0.0,-1.0,,,-0.007654999123473449,-1.3100000000000023,0.007654999123473449,2391
10,2.600000000000005,-1.3999999999999986,55,0,0.0,0.0,-1.0,,,-0.007654999123473449,-1.3100000000000023,0.007654999123473449,2392
10,2.600000000000005,-1.2999999999999985,55,0,0.0,0.0,-1.0,,,-0.007654999123473449,-1.3100000000000023,0.007654999123473449,2393
10,2.600000000000005,-1.1999999999999984,55,0,0.0,0.0,-1.0,,,-0.007654999123473449,-1.3100000000000023,0.007654999123473449,2394
10,2.600000000000005,-1.0999999999999983,55,0,0.0,0.0,-1.0,,,-0.007654999123473449,-1.3100000000000023,0.007654999123473449,2395
10,2.600000000000005,-0.9999999999999982,55,0,0.0,0.0,-1.0,,,-0.007654999123473449,-1.3100000000000023,0.007654999123473449,2396
10,2.600000000000005,-0.8999999999999981,55,0,0.0,0.0,-1.0,,,-0.007654999123473449,-1.3100000000000023,0.007654999123473449,2397
10,2.600000000000005,-0.799999999999998,55,0,0.0,0.0,-1.0,,,-0.007654999123473449,-1.3100000000000023,0.007654999123473449,2398
10,2.600000000000005,-0.699999999999998,55,0,0.0,0.0,-1.0,,,-0.007654999123473449,-1.3100000000000023,0.007654999123473449,2399
10,2.600000000000005,-0.5999999999999979,55,0,0.0,0.0,-1.0,,,-0.007654999123473449,-1.3100000000000023,0.007654999123473449,2400
10,2.600000000000005,-0.4999999999999978,55,0,0.0,0.0,-1.0,,,-0.007654999123473449,-1.3100000000000023,0.007654999123473449,2401
10,2.600000000000005,-0.3999999999999977,55,0,0.0,0.0,-1.0,,,-0.007654999123473449,-1.3100000000000023,0.007654999123473449,2402
10,2.600000000000005,-0.2999999999999976,55,0,0.0,0.0,-1.0,,,-0.007654999123473449,-1.3100000000000023,0.007654999123473449,2403
10,2.600000000000005,-0.1999999999999975,55,0,0.0,0.0,-1.0,,,-0.007654999123473449,-1.3100000000000023,0.007654999123473449,2404
10,2.600000000000005,-0.09999999999999742,55,0,0.0,0.0,-1.0,,,-0.007654999123473449,-1.3100000000000023,0.007654999123473449,2405
10,2.600000000000005,2.6645352591003757e-15,55,0,0.0,0.0,-1.0,,,-0.007654999123473449,-1.3100000000000023,0.007654999123473449,2406
10,2.600000000000005,0.10000000000000275,55,0,0.0,0.0,-1.0,,,-0.007654999123473449,-1.3100000000000023,0.007654999123473449,2407
10,2.600000000000005,0.20000000000000284,55,0,0.0,0.0,-1.0,,,-0.007654999123473449,-1.3100000000000023,0.007654999123473449,2408
10,2.600000000000005,0.30000000000000293,55,0,0.0,0.0,-1.0,,,-0.007654999123473449,-1.3100000000000023,0.007654999123473449,2409
10,2.600000000000005,0.400000000000003,55,0,0.0,0.0,-1.0,,,-0.007654999123473449,-1.3100000000000023,0.007654999123473449,2410
10,2.600000000000005,0.5000000000000031,55,0,0.0,0.0,-1.0,,,-0.007654999123473449,-1.3100000000000023,0.007654999123473449,2411
10,2.600000000000005,0.6000000000000032,55,0,0.0,0.0,-1.0,,,-0.007654999123473449,-1.3100000000000023,0.007654999123473449,2412
10,2.600000000000005,0.7000000000000033,55,0,0.0,0.0,-1.0,,,-0.007654999123473449,-1.3100000000000023,0.007654999123473449,2413
10,2.600000000000005,0.8000000000000034,55,0,0.0,0.0,-1.0,,,-0.007654999123473449,-1.3100000000000023,0.007654999123473449,2414
10,2.600000000000005,0.9000000000000035,55,0,0.0,0.0,-1.0,,,-0.007654999123473449,-1.3100000000000023,0.007654999123473449,2415
10,2.600000000000005,1.0000000000000036,55,0,0.0,0.0,-1.0,,,-0.007654999123473449,-1.3100000000000023,0.007654999123473449,2416
10,2.600000000000005,1.1000000000000032,55,0,0.0,0.0,-1.0,,,-0.007654999123473449,-1.3100000000000023,0.007654999123473449,2417
10,2.600000000000005,1.2000000000000037,55,0,0.0,0.0,-1.0,,,-0.007654999123473449,-1.3100000000000023,0.007654999123473449,2418
10,2.600000000000005,1.3000000000000043,55,0,0.0,0.0,-1.0,,,-0.007654999123473449,-1.3100000000000023,0.007654999123473449,2419
10,2.600000000000005,1.400000000000004,55,0,0.0,0.0,-1.0,,,-0.007654999123473449,-1.3100000000000023,0.007654999123473449,2420
10,2.600000000000005,1.5000000000000036,55,0,0.0,0.0,-1.0,,,-0.007654999123473449,-1.3100000000000023,0.007654999123473449,2421
10,2.600000000000005,1.600000000000004,55,0,0.0,0.0,-1.0,,,-0.007654999123473449,-1.3100000000000023,0.007654999123473449,2422
10,2.600000000000005,1.7000000000000046,55,0,0.0,0.0,-1.0,,,-0.007654999123473449,-1.3100000000000023,0.007654999123473449,2423
10,2.600000000000005,1.8000000000000043,55,0,0.0,0.0,-1.0,,,-0.007654999123473449,-1.3100000000000023,0.007654999123473449,2424
10,2.600000000000005,1.900000000000004,55,0,0.0,0.0,-1.0,,,-0.007654999123473449,-1.3100000000000023,0.007654999123473449,2425
10,2.600000000000005,2.0000000000000044,55,0,0.0,0.0,-1.0,,,-0.007654999123473449,-1.3100000000000023,0.007654999123473449,2426
10,2.600000000000005,2.100000000000005,55,0,0.0,0.0,-1.0,,,-0.007654999123473449,-1.3100000000000023,0.007654999123473449,2427
10,2.600000000000005,2.2000000000000046,55,0,0.0,0.0,-1.0,,,-0.007654999123473449,-1.3100000000000023,0.007654999123473449,2428
10,2.600000000000005,2.3000000000000043,55,0,0.0,0.0,-1.0,,,-0.007654999123473449,-1.3100000000000023,0.007654999123473449,2429
10,2.600000000000005,2.400000000000005,55,0,0.0,0.0,-1.0,,,-0.007654999123473449,-1.3100000000000023,0.007654999123473449,2430
10,2.600000000000005,2.5000000000000053,55,0,0.0,0.0,-1.0,,,-0.007654999123473449,-1.3100000000000023,0.007654999123473449,2431
10,2.600000000000005,2.600000000000005,55,0,0.0,0.0,-1.0,,,-0.007654999123473449,-1.3100000000000023,0.007654999123473449,2432
10,2.600000000000005,2.7000000000000046,55,0,0.0,0.0,-1.0,,,-0.007654999123473449,-1.3100000000000023,0.007654999123473449,2433
10,2.600000000000005,2.800000000000005,55,0,0.0,0.0,-1.0,,,-0.007654999123473449,-1.3100000000000023,0.007654999123473449,2434
10,2.600000000000005,2.9000000000000057,55,0,0.0,0.0,-1.0,,,-0.007654999123473449,-1.3100000000000023,0.007654999123473449,2435
10,2.600000000000005,3.0000000000000053,55,0,0.0,0.0,-1.0,,,-0.007654999123473449,-1.3100000000000023,0.007654999123473449,2436
10,2.7000000000000046,-3.0,55,0,0.0,0.0,-1.0,,,-0.007654999123473449,-1.3100000000000023,0.007654999123473449,2437
10,2.7000000000000046,-2.9,55,0,0.0,0.0,-1.0,,,-0.007654999123473449,-1.3100000000000023,0.007654999123473449,2438
10,2.7000000000000046,-2.8,55,0,0.0,0.0,-1.0,,,-0.007654999123473449,-1.3100000000000023,0.007654999123473449,2439
10,2.7000000000000046,-2.6999999999999997,55,0,0.0,0.0,-1.0,,,-0.007654999123473449,-1.3100000000000023,0.007654999123473449,2440
10,2.7000000000000046,-2.5999999999999996,55,0,0.0,0.0,-1.0,,,-0.007654999123473449,-1.3100000000000023,0.007654999123473449,2441
10,2.7000000000000046,-2.4999999999999996,55,0,0.0,0.0,-1.0,,,-0.007654999123473449,-1.3100000000000023,0.007654999123473449,2442
10,2.7000000000000046,-2.3999999999999995,55,0,0.0,0.0,-1.0,,,-0.007654999123473449,-1.3100000000000023,0.007654999123473449,2443
10,2.7000000000000046,-2.2999999999999994,55,0,0.0,0.0,-1.0,,,-0.007654999123473449,-1.3100000000000023,0.007654999123473449,2444
10,2.7000000000000046,-2.1999999999999993,55,0,0.0,0.0,-1.0,,,-0.007654999123473449,-1.3100000000000023,0.007654999123473449,2445
10,2.7000000000000046,-2.099999999999999,55,0,0.0,0.0,-1.0,,,-0.007654999123473449,-1.3100000000000023,0.007654999123473449,2446
10,2.7000000000000046,-1.9999999999999991,55,0,0.0,0.0,-1.0,,,-0.007654999123473449,-1.3100000000000023,0.007654999123473449,2447
10,2.7000000000000046,-1.899999999999999,55,0,0.0,0.0,-1.0,,,-0.007654999123473449,-1.3100000000000023,0.007654999123473449,2448
10,2.7000000000000046,-1.799999999999999,55,0,0.0,0.0,-1.0,,,-0.007654999123473449,-1.3100000000000023,0.007654999123473449,2449
10,2.7000000000000046,-1.6999999999999988,55,0,0.0,0.0,-1.0,,,-0.007654999123473449,-1.3100000000000023,0.007654999123473449,2450
10,2.7000000000000046,-1.5999999999999988,55,0,0.0,0.0,-1.0,,,-0.007654999123473449,-1.3100000000000023,0.007654999123473449,2451
10,2.7000000000000046,-1.4999999999999987,55,0,0.0,0.0,-1.0,,,-0.007654999123473449,-1.3100000000000023,0.007654999123473449,2452
10,2.7000000000000046,-1.3999999999999986,55,0,0.0,0.0,-1.0,,,-0.007654999123473449,-1.3100000000000023,0.007654999123473449,2453
10,2.7000000000000046,-1.2999999999999985,55,0,0.0,0.0,-1.0,,,-0.007654999123473449,-1.3100000000000023,0.007654999123473449,2454
10,2.7000000000000046,-1.1999999999999984,55,0,0.0,0.0,-1.0,,,-0.007654999123473449,-1.3100000000000023,0.007654999123473449,2455
10,2.7000000000000046,-1.0999999999999983,55,0,0.0,0.0,-1.0,,,-0.007654999123473449,-1.3100000000000023,0.007654999123473449,2456
10,2.7000000000000046,-0.9999999999999982,55,0,0.0,0.0,-1.0,,,-0.007654999123473449,-1.3100000000000023,0.007654999123473449,2457
10,2.7000000000000046,-0.8999999999999981,55,0,0.0,0.0,-1.0,,,-0.007654999123473449,-1.3100000000000023,0.007654999123473449,2458
10,2.7000000000000046,-0.799999999999998,55,0,0.0,0.0,-1.0,,,-0.007654999123473449,-1.3100000000000023,0.007654999123473449,2459
10,2.7000000000000046,-0.699999999999998,55,0,0.0,0.0,-1.0,,,-0.007654999123473449,-1.3100000000000023,0.007654999123473449,2460
10,2.7000000000000046,-0.5999999999999979,55,0,0.0,0.0,-1.0,,,-0.007654999123473449,-1.3100000000000023,0.007654999123473449,2461
10,2.7000000000000046,-0.4999999999999978,55,0,0.0,0.0,-1.0,,,-0.007654999123473449,-1.3100000000000023,0.007654999123473449,2462
10,2.7000000000000046,-0.3999999999999977,55,0,0.0,0.0,-1.0,,,-0.007654999123473449,-1.3100000000000023,0.007654999123473449,2463
10,2.7000000000000046,-0.2999999999999976,55,0,0.0,0.0,-1.0,,,-0.007654999123473449,-1.3100000000000023,0.007654999123473449,2464
10,2.7000000000000046,-0.1999999999999975,55,0,0.0,0.0,-1.0,,,-0.007654999123473449,-1.3100000000000023,0.007654999123473449,2465
10,2.7000000000000046,-0.09999999999999742,55,0,0.0,0.0,-1.0,,,-0.007654999123473449,-1.3100000000000023,0.007654999123473449,2466
10,2.7000000000000046,2.6645352591003757e-15,55,0,0.0,0.0,-1.0,,,-0.007654999123473449,-1.3100000000000023,0.007654999123473449,2467
10,2.7000000000000046,0.10000000000000275,55,0,0.0,0.0,-1.0,,,-0.007654999123473449,-1.3100000000000023,0.007654999123473449,2468
10,2.7000000000000046,0.20000000000000284,55,0,0.0,0.0,-1.0,,,-0.007654999123473449,-1.3100000000000023,0.007654999123473449,2469
10,2.7000000000000046,0.30000000000000293,55,0,0.0,0.0,-1.0,,,-0.007654999123473449,-1.3100000000000023,0.007654999123473449,2470
10,2.7000000000000046,0.400000000000003,55,0,0.0,0.0,-1.0,,,-0.007654999123473449,-1.3100000000000023,0.007654999123473449,2471
10,2.7000000000000046,0.5000000000000031,55,0,0.0,0.0,-1.0,,,-0.007654999123473449,-1.3100000000000023,0.007654999123473449,2472
10,2.7000000000000046,0.6000000000000032,55,0,0.0,0.0,-1.0,,,-0.007654999123473449,-1.3100000000000023,0.007654999123473449,2473
10,2.7000000000000046,0.7000000000000033,55,0,0.0,0.0,-1.0,,,-0.007654999123473449,-1.3100000000000023,0.007654999123473449,2474
10,2.7000000000000046,0.8000000000000034,55,0,0.0,0.0,-1.0,,,-0.007654999123473449,-1.3100000000000023,0.007654999123473449,2475
10,2.7000000000000046,0.9000000000000035,55,0,0.0,0.0,-1.0,,,-0.007654999123473449,-1.3100000000000023,0.007654999123473449,2476
10,2.7000000000000046,1.0000000000000036,55,0,0.0,0.0,-1.0,,,-0.007654999123473449,-1.3100000000000023,0.007654999123473449,2477
10,2.7000000000000046,1.1000000000000032,55,0,0.0,0.0,-1.0,,,-0.007654999123473449,-1.3100000000000023,0.007654999123473449,2478
10,2.7000000000000046,1.2000000000000037,55,0,0.0,0.0,-1.0,,,-0.007654999123473449,-1.3100000000000023,0.007654999123473449,2479
10,2.7000000000000046,1.3000000000000043,55,0,0.0,0.0,-1.0,,,-0.007654999123473449,-1.3100000000000023,0.007654999123473449,2480
10,2.7000000000000046,1.400000000000004,55,0,0.0,0.0,-1.0,,,-0.007654999123473449,-1.3100000000000023,0.007654999123473449,2481
10,2.7000000000000046,1.5000000000000036,55,0,0.0,0.0,-1.0,,,-0.007654999123473449,-1.3100000000000023,0.007654999123473449,2482
10,2.7000000000000046,1.600000000000004,55,0,0.0,0.0,-1.0,,,-0.007654999123473449,-1.3100000000000023,0.007654999123473449,2483
10,2.7000000000000046,1.7000000000000046,55,0,0.0,0.0,-1.0,,,-0.007654999123473449,-1.3100000000000023,0.007654999123473449,2484
10,2.7000000000000046,1.8000000000000043,55,0,0.0,0.0,-1.0,,,-0.007654999123473449,-1.3100000000000023,0.007654999123473449,2485
10,2.7000000000000046,1.900000000000004,55,0,0.0,0.0,-1.0,,,-0.007654999123473449,-1.3100000000000023,0.007654999123473449,2486
10,2.7000000000000046,2.0000000000000044,55,0,0.0,0.0,-1.0,,,-0.007654999123473449,-1.3100000000000023,0.007654999123473449,2487
10,2.7000000000000046,2.100000000000005,55,0,0.0,0.0,-1.0,,,-0.007654999123473449,-1.3100000000000023,0.007654999123473449,2488
10,2.7000000000000046,2.2000000000000046,55,0,0.0,0.0,-1.0,,,-0.007654999123473449,-1.3100000000000023,0.007654999123473449,2489
10,2.7000000000000046,2.3000000000000043,55,0,0.0,0.0,-1.0,,,-0.007654999123473449,-1.3100000000000023,0.007654999123473449,2490
10,2.7000000000000046,2.400000000000005,55,0,0.0,0.0,-1.0,,,-0.007654999123473449,-1.3100000000000023,0.007654999123473449,2491
10,2.7000000000000046,2.5000000000000053,55,0,0.0,0.0,-1.0,,,-0.007654999123473449,-1.3100000000000023,0.007654999123473449,2492
10,2.7000000000000046,2.600000000000005,55,0,0.0,0.0,-1.0,,,-0.007654999123473449,-1.3100000000000023,0.007654999123473449,2493
10,2.7000000000000046,2.7000000000000046,55,0,0.0,0.0,-1.0,,,-0.007654999123473449,-1.3100000000000023,0.007654999123473449,2494
10,2.7000000000000046,2.800000000000005,55,0,0.0,0.0,-1.0,,,-0.007654999123473449,-1.3100000000000023,0.007654999123473449,2495
10,2.7000000000000046,2.9000000000000057,55,0,0.0,0.0,-1.0,,,-0.007654999123473449,-1.3100000000000023,0.007654999123473449,2496
10,2.7000000000000046,3.0000000000000053,55,0,0.0,0.0,-1.0,,,-0.007654999123473449,-1.3100000000000023,0.007654999123473449,2497
10,2.800000000000005,-3.0,55,0,0.0,0.0,-1.0,,,-0.007654999123473449,-1.3100000000000023,0.007654999123473449,2498
10,2.800000000000005,-2.9,55,0,0.0,0.0,-1.0,,,-0.007654999123473449,-1.3100000000000023,0.007654999123473449,2499
10,2.800000000000005,-2.8,55,0,0.0,0.0,-1.0,,,-0.007654999123473449,-1.3100000000000023,0.007654999123473449,2500
10,2.800000000000005,-2.6999999999999997,55,0,0.0,0.0,-1.0,,,-0.007654999123473449,-1.3100000000000023,0.007654999123473449,2501
10,2.800000000000005,-2.5999999999999996,55,0,0.0,0.0,-1.0,,,-0.007654999123473449,-1.3100000000000023,0.007654999123473449,2502
10,2.800000000000005,-2.4999999999999996,55,0,0.0,0.0,-1.0,,,-0.007654999123473449,-1.3100000000000023,0.007654999123473449,2503
10,2.800000000000005,-2.3999999999999995,55,0,0.0,0.0,-1.0,,,-0.007654999123473449,-1.3100000000000023,0.007654999123473449,2504
10,2.800000000000005,-2.2999999999999994,55,0,0.0,0.0,-1.0,,,-0.007654999123473449,-1.3100000000000023,0.007654999123473449,2505
10,2.800000000000005,-2.1999999999999993,55,0,0.0,0.0,-1.0,,,-0.007654999123473449,-1.3100000000000023,0.007654999123473449,2506
10,2.800000000000005,-2.099999999999999,55,0,0.0,0.0,-1.0,,,-0.007654999123473449,-1.3100000000000023,0.007654999123473449,2507
10,2.800000000000005,-1.9999999999999991,55,0,0.0,0.0,-1.0,,,-0.007654999123473449,-1.3100000000000023,0.007654999123473449,2508
10,2.800000000000005,-1.899999999999999,55,0,0.0,0.0,-1.0,,,-0.007654999123473449,-1.3100000000000023,0.007654999123473449,2509
10,2.800000000000005,-1.799999999999999,55,0,0.0,0.0,-1.0,,,-0.007654999123473449,-1.3100000000000023,0.007654999123473449,2510
10,2.800000000000005,-1.6999999999999988,55,0,0.0,0.0,-1.0,,,-0.007654999123473449,-1.3100000000000023,0.007654999123473449,2511
10,2.800000000000005,-1.5999999999999988,55,0,0.0,0.0,-1.0,,,-0.007654999123473449,-1.3100000000000023,0.007654999123473449,2512
10,2.800000000000005,-1.4999999999999987,55,0,0.0,0.0,-1.0,,,-0.007654999123473449,-1.3100000000000023,0.007654999123473449,2513
10,2.800000000000005,-1.3999999999999986,55,0,0.0,0.0,-1.0,,,-0.007654999123473449,-1.3100000000000023,0.007654999123473449,2514
10,2.800000000000005,-1.2999999999999985,55,0,0.0,0.0,-1.0,,,-0.007654999123473449,-1.3100000000000023,0.007654999123473449,2515
10,2.800000000000005,-1.1999999999999984,55,0,0.0,0.0,-1.0,,,-0.007654999123473449,-1.3100000000000023,0.007654999123473449,2516
10,2.800000000000005,-1.0999999999999983,55,0,0.0,0.0,-1.0,,,-0.007654999123473449,-1.3100000000000023,0.007654999123473449,2517
10,2.800000000000005,-0.9999999999999982,55,0,0.0,0.0,-1.0,,,-0.007654999123473449,-1.3100000000000023,0.007654999123473449,2518
10,2.800000000000005,-0.8999999999999981,55,0,0.0,0.0,-1.0,,,-0.007654999123473449,-1.3100000000000023,0.007654999123473449,2519
10,2.800000000000005,-0.799999999999998,55,0,0.0,0.0,-1.0,,,-0.007654999123473449,-1.3100000000000023,0.007654999123473449,2520
10,2.800000000000005,-0.699999999999998,55,0,0.0,0.0,-1.0,,,-0.007654999123473449,-1.3100000000000023,0.007654999123473449,2521
10,2.800000000000005,-0.5999999999999979,55,0,0.0,0.0,-1.0,,,-0.007654999123473449,-1.3100000000000023,0.007654999123473449,2522
10,2.800000000000005,-0.4999999999999978,55,0,0.0,0.0,-1.0,,,-0.007654999123473449,-1.3100000000000023,0.007654999123473449,2523
10,2.800000000000005,-0.3999999999999977,55,0,0.0,0.0,-1.0,,,-0.007654999123473449,-1.3100000000000023,0.007654999123473449,2524
10,2.800000000000005,-0.2999999999999976,55,0,0.0,0.0,-1.0,,,-0.007654999123473449,-1.3100000000000023,0.007654999123473449,2525
10,2.800000000000005,-0.1999999999999975,55,0,0.0,0.0,-1.0,,,-0.007654999123473449,-1.3100000000000023,0.007654999123473449,2526
10,2.800000000000005,-0.09999999999999742,55,0,0.0,0.0,-1.0,,,-0.007654999123473449,-1.3100000000000023,0.007654999123473449,2527
10,2.800000000000005,2.6645352591003757e-15,55,0,0.0,0.0,-1.0,,,-0.007654999123473449,-1.3100000000000023,0.007654999123473449,2528
10,2.800000000000005,0.10000000000000275,55,0,0.0,0.0,-1.0,,,-0.007654999123473449,-1.3100000000000023,0.007654999123473449,2529
10,2.800000000000005,0.20000000000000284,55,0,0.0,0.0,-1.0,,,-0.007654999123473449,-1.3100000000000023,0.007654999123473449,2530
10,2.800000000000005,0.30000000000000293,55,0,0.0,0.0,-1.0,,,-0.007654999123473449,-1.3100000000000023,0.007654999123473449,2531
10,2.800000000000005,0.400000000000003,55,0,0.0,0.0,-1.0,,,-0.007654999123473449,-1.3100000000000023,0.007654999123473449,2532
10,2.800000000000005,0.5000000000000031,55,0,0.0,0.0,-1.0,,,-0.007654999123473449,-1.3100000000000023,0.007654999123473449,2533
10,2.800000000000005,0.6000000000000032,55,0,0.0,0.0,-1.0,,,-0.007654999123473449,-1.3100000000000023,0.007654999123473449,2534
10,2.800000000000005,0.7000000000000033,55,0,0.0,0.0,-1.0,,,-0.007654999123473449,-1.3100000000000023,0.007654999123473449,2535
10,2.800000000000005,0.8000000000000034,55,0,0.0,0.0,-1.0,,,-0.007654999123473449,-1.3100000000000023,0.007654999123473449,2536
10,2.800000000000005,0.9000000000000035,55,0,0.0,0.0,-1.0,,,-0.007654999123473449,-1.3100000000000023,0.007654999123473449,2537
10,2.800000000000005,1.0000000000000036,55,0,0.0,0.0,-1.0,,,-0.007654999123473449,-1.3100000000000023,0.007654999123473449,2538
10,2.800000000000005,1.1000000000000032,55,0,0.0,0.0,-1.0,,,-0.007654999123473449,-1.3100000000000023,0.007654999123473449,2539
10,2.800000000000005,1.2000000000000037,55,0,0.0,0.0,-1.0,,,-0.007654999123473449,-1.3100000000000023,0.007654999123473449,2540
10,2.800000000000005,1.3000000000000043,55,0,0.0,0.0,-1.0,,,-0.007654999123473449,-1.3100000000000023,0.007654999123473449,2541
10,2.800000000000005,1.400000000000004,55,0,0.0,0.0,-1.0,,,-0.007654999123473449,-1.3100000000000023,0.007654999123473449,2542
10,2.800000000000005,1.5000000000000036,55,0,0.0,0.0,-1.0,,,-0.007654999123473449,-1.3100000000000023,0.007654999123473449,2543
10,2.800000000000005,1.600000000000004,55,0,0.0,0.0,-1.0,,,-0.007654999123473449,-1.3100000000000023,0.007654999123473449,2544
10,2.800000000000005,1.7000000000000046,55,0,0.0,0.0,-1.0,,,-0.007654999123473449,-1.3100000000000023,0.007654999123473449,2545
10,2.800000000000005,1.8000000000000043,55,0,0.0,0.0,-1.0,,,-0.007654999123473449,-1.3100000000000023,0.007654999123473449,2546
10,2.800000000000005,1.900000000000004,55,0,0.0,0.0,-1.0,,,-0.007654999123473449,-1.3100000000000023,0.007654999123473449,2547
10,2.800000000000005,2.0000000000000044,55,0,0.0,0.0,-1.0,,,-0.007654999123473449,-1.3100000000000023,0.007654999123473449,2548
10,2.800000000000005,2.100000000000005,55,0,0.0,0.0,-1.0,,,-0.007654999123473449,-1.3100000000000023,0.007654999123473449,2549
10,2.800000000000005,2.2000000000000046,55,0,0.0,0.0,-1.0,,,-0.007654999123473449,-1.3100000000000023,0.007654999123473449,2550
10,2.800000000000005,2.3000000000000043,55,0,0.0,0.0,-1.0,,,-0.007654999123473449,-1.3100000000000023,0.007654999123473449,2551
10,2.800000000000005,2.400000000000005,55,0,0.0,0.0,-1.0,,,-0.007654999123473449,-1.3100000000000023,0.007654999123473449,2552
10,2.800000000000005,2.5000000000000053,55,0,0.0,0.0,-1.0,,,-0.007654999123473449,-1.3100000000000023,0.007654999123473449,2553
10,2.800000000000005,2.600000000000005,55,0,0.0,0.0,-1.0,,,-0.007654999123473449,-1.3100000000000023,0.007654999123473449,2554
10,2.800000000000005,2.7000000000000046,55,0,0.0,0.0,-1.0,,,-0.007654999123473449,-1.3100000000000023,0.007654999123473449,2555
10,2.800000000000005,2.800000000000005,55,0,0.0,0.0,-1.0,,,-0.007654999123473449,-1.3100000000000023,0.007654999123473449,2556
10,2.800000000000005,2.9000000000000057,55,0,0.0,0.0,-1.0,,,-0.007654999123473449,-1.3100000000000023,0.007654999123473449,2557
10,2.800000000000005,3.0000000000000053,55,0,0.0,0.0,-1.0,,,-0.007654999123473449,-1.3100000000000023,0.007654999123473449,2558
10,2.9000000000000057,-3.0,55,0,0.0,0.0,-1.0,,,-0.007654999123473449,-1.3100000000000023,0.007654999123473449,2559
10,2.9000000000000057,-2.9,55,0,0.0,0.0,-1.0,,,-0.007654999123473449,-1.3100000000000023,0.007654999123473449,2560
10,2.9000000000000057,-2.8,55,0,0.0,0.0,-1.0,,,-0.007654999123473449,-1.3100000000000023,0.007654999123473449,2561
10,2.9000000000000057,-2.6999999999999997,55,0,0.0,0.0,-1.0,,,-0.007654999123473449,-1.3100000000000023,0.007654999123473449,2562
10,2.9000000000000057,-2.5999999999999996,55,0,0.0,0.0,-1.0,,,-0.007654999123473449,-1.3100000000000023,0.007654999123473449,2563
10,2.9000000000000057,-2.4999999999999996,55,0,0.0,0.0,-1.0,,,-0.007654999123473449,-1.3100000000000023,0.007654999123473449,2564
10,2.9000000000000057,-2.3999999999999995,55,0,0.0,0.0,-1.0,,,-0.007654999123473449,-1.3100000000000023,0.007654999123473449,2565
10,2.9000000000000057,-2.2999999999999994,55,0,0.0,0.0,-1.0,,,-0.007654999123473449,-1.3100000000000023,0.007654999123473449,2566
10,2.9000000000000057,-2.1999999999999993,55,0,0.0,0.0,-1.0,,,-0.007654999123473449,-1.3100000000000023,0.007654999123473449,2567
10,2.9000000000000057,-2.099999999999999,55,0,0.0,0.0,-1.0,,,-0.007654999123473449,-1.3100000000000023,0.007654999123473449,2568
10,2.9000000000000057,-1.9999999999999991,55,0,0.0,0.0,-1.0,,,-0.007654999123473449,-1.3100000000000023,0.007654999123473449,2569
10,2.9000000000000057,-1.899999999999999,55,0,0.0,0.0,-1.0,,,-0.007654999123473449,-1.3100000000000023,0.007654999123473449,2570
10,2.9000000000000057,-1.799999999999999,55,0,0.0,0.0,-1.0,,,-0.007654999123473449,-1.3100000000000023,0.007654999123473449,2571
10,2.9000000000000057,-1.6999999999999988,55,0,0.0,0.0,-1.0,,,-0.007654999123473449,-1.3100000000000023,0.007654999123473449,2572
10,2.9000000000000057,-1.5999999999999988,55,0,0.0,0.0,-1.0,,,-0.007654999123473449,-1.3100000000000023,0.007654999123473449,2573
10,2.9000000000000057,-1.4999999999999987,55,0,0.0,0.0,-1.0,,,-0.007654999123473449,-1.3100000000000023,0.007654999123473449,2574
10,2.9000000000000057,-1.3999999999999986,55,0,0.0,0.0,-1.0,,,-0.007654999123473449,-1.3100000000000023,0.007654999123473449,2575
10,2.9000000000000057,-1.2999999999999985,55,0,0.0,0.0,-1.0,,,-0.007654999123473449,-1.3100000000000023,0.007654999123473449,2576
10,2.9000000000000057,-1.1999999999999984,55,0,0.0,0.0,-1.0,,,-0.007654999123473449,-1.3100000000000023,0.007654999123473449,2577
10,2.9000000000000057,-1.0999999999999983,55,0,0.0,0.0,-1.0,,,-0.007654999123473449,-1.3100000000000023,0.007654999123473449,2578
10,2.9000000000000057,-0.9999999999999982,55,0,0.0,0.0,-1.0,,,-0.007654999123473449,-1.3100000000000023,0.007654999123473449,2579
10,2.9000000000000057,-0.8999999999999981,55,0,0.0,0.0,-1.0,,,-0.007654999123473449,-1.3100000000000023,0.007654999123473449,2580
10,2.9000000000000057,-0.799999999999998,55,0,0.0,0.0,-1.0,,,-0.007654999123473449,-1.3100000000000023,0.007654999123473449,2581
10,2.9000000000000057,-0.699999999999998,55,0,0.0,0.0,-1.0,,,-0.007654999123473449,-1.3100000000000023,0.007654999123473449,2582
10,2.9000000000000057,-0.5999999999999979,55,0,0.0,0.0,-1.0,,,-0.007654999123473449,-1.3100000000000023,0.007654999123473449,2583
10,2.9000000000000057,-0.4999999999999978,55,0,0.0,0.0,-1.0,,,-0.007654999123473449,-1.3100000000000023,0.007654999123473449,2584
10,2.9000000000000057,-0.3999999999999977,55,0,0.0,0.0,-1.0,,,-0.007654999123473449,-1.3100000000000023,0.007654999123473449,2585
10,2.9000000000000057,-0.2999999999999976,55,0,0.0,0.0,-1.0,,,-0.007654999123473449,-1.3100000000000023,0.007654999123473449,2586
10,2.9000000000000057,-0.1999999999999975,55,0,0.0,0.0,-1.0,,,-0.007654999123473449,-1.3100000000000023,0.007654999123473449,2587
10,2.9000000000000057,-0.09999999999999742,55,0,0.0,0.0,-1.0,,,-0.007654999123473449,-1.3100000000000023,0.007654999123473449,2588
10,2.9000000000000057,2.6645352591003757e-15,55,0,0.0,0.0,-1.0,,,-0.007654999123473449,-1.3100000000000023,0.007654999123473449,2589
10,2.9000000000000057,0.10000000000000275,55,0,0.0,0.0,-1.0,,,-0.007654999123473449,-1.3100000000000023,0.007654999123473449,2590
10,2.9000000000000057,0.20000000000000284,55,0,0.0,0.0,-1.0,,,-0.007654999123473449,-1.3100000000000023,0.007654999123473449,2591
10,2.9000000000000057,0.30000000000000293,55,0,0.0,0.0,-1.0,,,-0.007654999123473449,-1.3100000000000023,0.007654999123473449,2592
10,2.9000000000000057,0.400000000000003,55,0,0.0,0.0,-1.0,,,-0.007654999123473449,-1.3100000000000023,0.007654999123473449,2593
10,2.9000000000000057,0.5000000000000031,55,0,0.0,0.0,-1.0,,,-0.007654999123473449,-1.3100000000000023,0.007654999123473449,2594
10,2.9000000000000057,0.6000000000000032,55,0,0.0,0.0,-1.0,,,-0.007654999123473449,-1.3100000000000023,0.007654999123473449,2595
10,2.9000000000000057,0.7000000000000033,55,0,0.0,0.0,-1.0,,,-0.007654999123473449,-1.3100000000000023,0.007654999123473449,2596
10,2.9000000000000057,0.8000000000000034,55,0,0.0,0.0,-1.0,,,-0.007654999123473449,-1.3100000000000023,0.007654999123473449,2597
10,2.9000000000000057,0.9000000000000035,55,0,0.0,0.0,-1.0,,,-0.007654999123473449,-1.3100000000000023,0.007654999123473449,2598
10,2.9000000000000057,1.0000000000000036,55,0,0.0,0.0,-1.0,,,-0.007654999123473449,-1.3100000000000023,0.007654999123473449,2599
10,2.9000000000000057,1.1000000000000032,55,0,0.0,0.0,-1.0,,,-0.007654999123473449,-1.3100000000000023,0.007654999123473449,2600
10,2.9000000000000057,1.2000000000000037,55,0,0.0,0.0,-1.0,,,-0.007654999123473449,-1.3100000000000023,0.007654999123473449,2601
10,2.9000000000000057,1.3000000000000043,55,0,0.0,0.0,-1.0,,,-0.007654999123473449,-1.3100000000000023,0.007654999123473449,2602
10,2.9000000000000057,1.400000000000004,55,0,0.0,0.0,-1.0,,,-0.007654999123473449,-1.3100000000000023,0.007654999123473449,2603
10,2.9000000000000057,1.5000000000000036,55,0,0.0,0.0,-1.0,,,-0.007654999123473449,-1.3100000000000023,0.007654999123473449,2604
10,2.9000000000000057,1.600000000000004,55,0,0.0,0.0,-1.0,,,-0.007654999123473449,-1.3100000000000023,0.007654999123473449,2605
10,2.9000000000000057,1.7000000000000046,55,0,0.0,0.0,-1.0,,,-0.007654999123473449,-1.3100000000000023,0.007654999123473449,2606
10,2.9000000000000057,1.8000000000000043,55,0,0.0,0.0,-1.0,,,-0.007654999123473449,-1.3100000000000023,0.007654999123473449,2607
10,2.9000000000000057,1.900000000000004,55,0,0.0,0.0,-1.0,,,-0.007654999123473449,-1.3100000000000023,0.007654999123473449,2608
10,2.9000000000000057,2.0000000000000044,55,0,0.0,0.0,-1.0,,,-0.007654999123473449,-1.3100000000000023,0.007654999123473449,2609
10,2.9000000000000057,2.100000000000005,55,0,0.0,0.0,-1.0,,,-0.007654999123473449,-1.3100000000000023,0.007654999123473449,2610
10,2.9000000000000057,2.2000000000000046,55,0,0.0,0.0,-1.0,,,-0.007654999123473449,-1.3100000000000023,0.007654999123473449,2611
10,2.9000000000000057,2.3000000000000043,55,0,0.0,0.0,-1.0,,,-0.007654999123473449,-1.3100000000000023,0.007654999123473449,2612
10,2.9000000000000057,2.400000000000005,55,0,0.0,0.0,-1.0,,,-0.007654999123473449,-1.3100000000000023,0.007654999123473449,2613
10,2.9000000000000057,2.5000000000000053,55,0,0.0,0.0,-1.0,,,-0.007654999123473449,-1.3100000000000023,0.007654999123473449,2614
10,2.9000000000000057,2.600000000000005,55,0,0.0,0.0,-1.0,,,-0.007654999123473449,-1.3100000000000023,0.007654999123473449,2615
10,2.9000000000000057,2.7000000000000046,55,0,0.0,0.0,-1.0,,,-0.007654999123473449,-1.3100000000000023,0.007654999123473449,2616
10,2.9000000000000057,2.800000000000005,55,0,0.0,0.0,-1.0,,,-0.007654999123473449,-1.3100000000000023,0.007654999123473449,2617
10,2.9000000000000057,2.9000000000000057,55,0,0.0,0.0,-1.0,,,-0.007654999123473449,-1.3100000000000023,0.007654999123473449,2618
10,2.9000000000000057,3.0000000000000053,55,0,0.0,0.0,-1.0,,,-0.007654999123473449,-1.3100000000000023,0.007654999123473449,2619
10,3.0000000000000053,-3.0,55,0,0.0,0.0,-1.0,,,-0.007654999123473449,-1.3100000000000023,0.007654999123473449,2620
10,3.0000000000000053,-2.9,55,0,0.0,0.0,-1.0,,,-0.007654999123473449,-1.3100000000000023,0.007654999123473449,2621
10,3.0000000000000053,-2.8,55,0,0.0,0.0,-1.0,,,-0.007654999123473449,-1.3100000000000023,0.007654999123473449,2622
10,3.0000000000000053,-2.6999999999999997,55,0,0.0,0.0,-1.0,,,-0.007654999123473449,-1.3100000000000023,0.007654999123473449,2623
10,3.0000000000000053,-2.5999999999999996,55,0,0.0,0.0,-1.0,,,-0.007654999123473449,-1.3100000000000023,0.007654999123473449,2624
10,3.0000000000000053,-2.4999999999999996,55,0,0.0,0.0,-1.0,,,-0.007654999123473449,-1.3100000000000023,0.007654999123473449,2625
10,3.0000000000000053,-2.3999999999999995,55,0,0.0,0.0,-1.0,,,-0.007654999123473449,-1.3100000000000023,0.007654999123473449,2626
10,3.0000000000000053,-2.2999999999999994,55,0,0.0,0.0,-1.0,,,-0.007654999123473449,-1.3100000000000023,0.007654999123473449,2627
10,3.0000000000000053,-2.1999999999999993,55,0,0.0,0.0,-1.0,,,-0.007654999123473449,-1.3100000000000023,0.007654999123473449,2628
10,3.0000000000000053,-2.099999999999999,55,0,0.0,0.0,-1.0,,,-0.007654999123473449,-1.3100000000000023,0.007654999123473449,2629
10,3.0000000000000053,-1.9999999999999991,55,0,0.0,0.0,-1.0,,,-0.007654999123473449,-1.3100000000000023,0.007654999123473449,2630
10,3.0000000000000053,-1.899999999999999,55,0,0.0,0.0,-1.0,,,-0.007654999123473449,-1.3100000000000023,0.007654999123473449,2631
10,3.0000000000000053,-1.799999999999999,55,0,0.0,0.0,-1.0,,,-0.007654999123473449,-1.3100000000000023,0.007654999123473449,2632
10,3.0000000000000053,-1.6999999999999988,55,0,0.0,0.0,-1.0,,,-0.007654999123473449,-1.3100000000000023,0.007654999123473449,2633
10,3.0000000000000053,-1.5999999999999988,55,0,0.0,0.0,-1.0,,,-0.007654999123473449,-1.3100000000000023,0.007654999123473449,2634
10,3.0000000000000053,-1.4999999999999987,55,0,0.0,0.0,-1.0,,,-0.007654999123473449,-1.3100000000000023,0.007654999123473449,2635
10,3.0000000000000053,-1.3999999999999986,55,0,0.0,0.0,-1.0,,,-0.007654999123473449,-1.3100000000000023,0.007654999123473449,2636
10,3.0000000000000053,-1.2999999999999985,55,0,0.0,0.0,-1.0,,,-0.007654999123473449,-1.3100000000000023,0.007654999123473449,2637
10,3.0000000000000053,-1.1999999999999984,55,0,0.0,0.0,-1.0,,,-0.007654999123473449,-1.3100000000000023,0.007654999123473449,2638
10,3.0000000000000053,-1.0999999999999983,55,0,0.0,0.0,-1.0,,,-0.007654999123473449,-1.3100000000000023,0.007654999123473449,2639
10,3.0000000000000053,-0.9999999999999982,55,0,0.0,0.0,-1.0,,,-0.007654999123473449,-1.3100000000000023,0.007654999123473449,2640
10,3.0000000000000053,-0.8999999999999981,55,0,0.0,0.0,-1.0,,,-0.007654999123473449,-1.3100000000000023,0.007654999123473449,2641
10,3.0000000000000053,-0.799999999999998,55,0,0.0,0.0,-1.0,,,-0.007654999123473449,-1.3100000000000023,0.007654999123473449,2642
10,3.0000000000000053,-0.699999999999998,55,0,0.0,0.0,-1.0,,,-0.007654999123473449,-1.3100000000000023,0.007654999123473449,2643
10,3.0000000000000053,-0.5999999999999979,55,0,0.0,0.0,-1.0,,,-0.007654999123473449,-1.3100000000000023,0.007654999123473449,2644
10,3.0000000000000053,-0.4999999999999978,55,0,0.0,0.0,-1.0,,,-0.007654999123473449,-1.3100000000000023,0.007654999123473449,2645
10,3.0000000000000053,-0.3999999999999977,55,0,0.0,0.0,-1.0,,,-0.007654999123473449,-1.3100000000000023,0.007654999123473449,2646
10,3.0000000000000053,-0.2999999999999976,55,0,0.0,0.0,-1.0,,,-0.007654999123473449,-1.3100000000000023,0.007654999123473449,2647
10,3.0000000000000053,-0.1999999999999975,55,0,0.0,0.0,-1.0,,,-0.007654999123473449,-1.3100000000000023,0.007654999123473449,2648
10,3.0000000000000053,-0.09999999999999742,55,0,0.0,0.0,-1.0,,,-0.007654999123473449,-1.3100000000000023,0.007654999123473449,2649
10,3.0000000000000053,2.6645352591003757e-15,55,0,0.0,0.0,-1.0,,,-0.007654999123473449,-1.3100000000000023,0.007654999123473449,2650
10,3.0000000000000053,0.10000000000000275,55,0,0.0,0.0,-1.0,,,-0.007654999123473449,-1.3100000000000023,0.007654999123473449,2651
10,3.0000000000000053,0.20000000000000284,55,0,0.0,0.0,-1.0,,,-0.007654999123473449,-1.3100000000000023,0.007654999123473449,2652
10,3.0000000000000053,0.30000000000000293,55,0,0.0,0.0,-1.0,,,-0.007654999123473449,-1.3100000000000023,0.007654999123473449,2653
10,3.0000000000000053,0.400000000000003,55,0,0.0,0.0,-1.0,,,-0.007654999123473449,-1.3100000000000023,0.007654999123473449,2654
10,3.0000000000000053,0.5000000000000031,55,0,0.0,0.0,-1.0,,,-0.007654999123473449,-1.3100000000000023,0.007654999123473449,2655
10,3.0000000000000053,0.6000000000000032,55,0,0.0,0.0,-1.0,,,-0.007654999123473449,-1.3100000000000023,0.007654999123473449,2656
10,3.0000000000000053,0.7000000000000033,55,0,0.0,0.0,-1.0,,,-0.007654999123473449,-1.3100000000000023,0.007654999123473449,2657
10,3.0000000000000053,0.8000000000000034,55,0,0.0,0.0,-1.0,,,-0.007654999123473449,-1.3100000000000023,0.007654999123473449,2658
10,3.0000000000000053,0.9000000000000035,55,0,0.0,0.0,-1.0,,,-0.007654999123473449,-1.3100000000000023,0.007654999123473449,2659
10,3.0000000000000053,1.0000000000000036,55,0,0.0,0.0,-1.0,,,-0.007654999123473449,-1.3100000000000023,0.007654999123473449,2660
10,3.0000000000000053,1.1000000000000032,55,0,0.0,0.0,-1.0,,,-0.007654999123473449,-1.3100000000000023,0.007654999123473449,2661
10,3.0000000000000053,1.2000000000000037,55,0,0.0,0.0,-1.0,,,-0.007654999123473449,-1.3100000000000023,0.007654999123473449,2662
10,3.0000000000000053,1.3000000000000043,55,0,0.0,0.0,-1.0,,,-0.007654999123473449,-1.3100000000000023,0.007654999123473449,2663
10,3.0000000000000053,1.400000000000004,55,0,0.0,0.0,-1.0,,,-0.007654999123473449,-1.3100000000000023,0.007654999123473449,2664
10,3.0000000000000053,1.5000000000000036,55,0,0.0,0.0,-1.0,,,-0.007654999123473449,-1.3100000000000023,0.007654999123473449,2665
10,3.0000000000000053,1.600000000000004,55,0,0.0,0.0,-1.0,,,-0.007654999123473449,-1.3100000000000023,0.007654999123473449,2666
10,3.0000000000000053,1.7000000000000046,55,0,0.0,0.0,-1.0,,,-0.007654999123473449,-1.3100000000000023,0.007654999123473449,2667
10,3.0000000000000053,1.8000000000000043,55,0,0.0,0.0,-1.0,,,-0.007654999123473449,-1.3100000000000023,0.007654999123473449,2668
10,3.0000000000000053,1.900000000000004,55,0,0.0,0.0,-1.0,,,-0.007654999123473449,-1.3100000000000023,0.007654999123473449,2669
10,3.0000000000000053,2.0000000000000044,55,0,0.0,0.0,-1.0,,,-0.007654999123473449,-1.3100000000000023,0.007654999123473449,2670
10,3.0000000000000053,2.100000000000005,55,0,0.0,0.0,-1.0,,,-0.007654999123473449,-1.3100000000000023,0.007654999123473449,2671
10,3.0000000000000053,2.2000000000000046,55,0,0.0,0.0,-1.0,,,-0.007654999123473449,-1.3100000000000023,0.007654999123473449,2672
10,3.0000000000000053,2.3000000000000043,55,0,0.0,0.0,-1.0,,,-0.007654999123473449,-1.3100000000000023,0.007654999123473449,2673
10,3.0000000000000053,2.400000000000005,55,0,0.0,0.0,-1.0,,,-0.007654999123473449,-1.3100000000000023,0.007654999123473449,2674
10,3.0000000000000053,2.5000000000000053,55,0,0.0,0.0,-1.0,,,-0.007654999123473449,-1.3100000000000023,0.007654999123473449,2675
10,3.0000000000000053,2.600000000000005,55,0,0.0,0.0,-1.0,,,-0.007654999123473449,-1.3100000000000023,0.007654999123473449,2676
10,3.0000000000000053,2.7000000000000046,55,0,0.0,0.0,-1.0,,,-0.007654999123473449,-1.3100000000000023,0.007654999123473449,2677
10,3.0000000000000053,2.800000000000005,55,0,0.0,0.0,-1.0,,,-0.007654999123473449,-1.3100000000000023,0.007654999123473449,2678
10,3.0000000000000053,2.9000000000000057,55,0,0.0,0.0,-1.0,,,-0.007654999123473449,-1.3100000000000023,0.007654999123473449,2679
10,3.0000000000000053,3.0000000000000053,55,0,0.0,0.0,-1.0,,,-0.007654999123473449,-1.3100000000000023,0.007654999123473449,2680
5,-3.0,2.0000000000000044,60,0,0.0,0.0,-1.0,,,-0.0014112666117841455,-0.2400000000000091,0.0014112666117841455,2681
5,-3.0,2.100000000000005,60,0,0.0,0.0,-1.0,,,-0.0014112666117841455,-0.2400000000000091,0.0014112666117841455,2682
5,-3.0,2.2000000000000046,60,0,0.0,0.0,-1.0,,,-0.0014112666117841455,-0.2400000000000091,0.0014112666117841455,2683
5,-3.0,2.3000000000000043,60,0,0.0,0.0,-1.0,,,-0.0014112666117841455,-0.2400000000000091,0.0014112666117841455,2684
5,-3.0,2.400000000000005,60,0,0.0,0.0,-1.0,,,-0.0014112666117841455,-0.2400000000000091,0.0014112666117841455,2685
5,-3.0,2.5000000000000053,60,0,0.0,0.0,-1.0,,,-0.0014112666117841455,-0.2400000000000091,0.0014112666117841455,2686
5,-3.0,2.600000000000005,60,0,0.0,0.0,-1.0,,,-0.0014112666117841455,-0.2400000000000091,0.0014112666117841455,2687
5,-3.0,2.7000000000000046,60,0,0.0,0.0,-1.0,,,-0.0014112666117841455,-0.2400000000000091,0.0014112666117841455,2688
5,-3.0,2.800000000000005,60,0,0.0,0.0,-1.0,,,-0.0014112666117841455,-0.2400000000000091,0.0014112666117841455,2689
5,-3.0,2.9000000000000057,60,0,0.0,0.0,-1.0,,,-0.0014112666117841455,-0.2400000000000091,0.0014112666117841455,2690
5,-3.0,3.0000000000000053,60,0,0.0,0.0,-1.0,,,-0.0014112666117841455,-0.2400000000000091,0.0014112666117841455,2691
5,-2.9,2.0000000000000044,60,0,0.0,0.0,-1.0,,,-0.0014112666117841455,-0.2400000000000091,0.0014112666117841455,2692
5,-2.9,2.100000000000005,60,0,0.0,0.0,-1.0,,,-0.0014112666117841455,-0.2400000000000091,0.0014112666117841455,2693
5,-2.9,2.2000000000000046,60,0,0.0,0.0,-1.0,,,-0.0014112666117841455,-0.2400000000000091,0.0014112666117841455,2694
5,-2.9,2.3000000000000043,60,0,0.0,0.0,-1.0,,,-0.0014112666117841455,-0.2400000000000091,0.0014112666117841455,2695
5,-2.9,2.400000000000005,60,0,0.0,0.0,-1.0,,,-0.0014112666117841455,-0.2400000000000091,0.0014112666117841455,2696
5,-2.9,2.5000000000000053,60,0,0.0,0.0,-1.0,,,-0.0014112666117841455,-0.2400000000000091,0.0014112666117841455,2697
5,-2.9,2.600000000000005,60,0,0.0,0.0,-1.0,,,-0.0014112666117841455,-0.2400000000000091,0.0014112666117841455,2698
5,-2.9,2.7000000000000046,60,0,0.0,0.0,-1.0,,,-0.0014112666117841455,-0.2400000000000091,0.0014112666117841455,2699
5,-2.9,2.800000000000005,60,0,0.0,0.0,-1.0,,,-0.0014112666117841455,-0.2400000000000091,0.0014112666117841455,2700
5,-2.9,2.9000000000000057,60,0,0.0,0.0,-1.0,,,-0.0014112666117841455,-0.2400000000000091,0.0014112666117841455,2701
5,-2.9,3.0000000000000053,60,0,0.0,0.0,-1.0,,,-0.0014112666117841455,-0.2400000000000091,0.0014112666117841455,2702
5,-2.8,2.0000000000000044,60,0,0.0,0.0,-1.0,,,-0.0014112666117841455,-0.2400000000000091,0.0014112666117841455,2703
5,-2.8,2.100000000000005,60,0,0.0,0.0,-1.0,,,-0.0014112666117841455,-0.2400000000000091,0.0014112666117841455,2704
5,-2.8,2.2000000000000046,60,0,0.0,0.0,-1.0,,,-0.0014112666117841455,-0.2400000000000091,0.0014112666117841455,2705
5,-2.8,2.3000000000000043,60,0,0.0,0.0,-1.0,,,-0.0014112666117841455,-0.2400000000000091,0.0014112666117841455,2706
5,-2.8,2.400000000000005,60,0,0.0,0.0,-1.0,,,-0.0014112666117841455,-0.2400000000000091,0.0014112666117841455,2707
5,-2.8,2.5000000000000053,60,0,0.0,0.0,-1.0,,,-0.0014112666117841455,-0.2400000000000091,0.0014112666117841455,2708
5,-2.8,2.600000000000005,60,0,0.0,0.0,-1.0,,,-0.0014112666117841455,-0.2400000000000091,0.0014112666117841455,2709
5,-2.8,2.7000000000000046,60,0,0.0,0.0,-1.0,,,-0.0014112666117841455,-0.2400000000000091,0.0014112666117841455,2710
5,-2.8,2.800000000000005,60,0,0.0,0.0,-1.0,,,-0.0014112666117841455,-0.2400000000000091,0.0014112666117841455,2711
5,-2.8,2.9000000000000057,60,0,0.0,0.0,-1.0,,,-0.0014112666117841455,-0.2400000000000091,0.0014112666117841455,2712
5,-2.8,3.0000000000000053,60,0,0.0,0.0,-1.0,,,-0.0014112666117841455,-0.2400000000000091,0.0014112666117841455,2713
5,-2.6999999999999997,2.0000000000000044,60,0,0.0,0.0,-1.0,,,-0.0014112666117841455,-0.2400000000000091,0.0014112666117841455,2714
5,-2.6999999999999997,2.100000000000005,60,0,0.0,0.0,-1.0,,,-0.0014112666117841455,-0.2400000000000091,0.0014112666117841455,2715
5,-2.6999999999999997,2.2000000000000046,60,0,0.0,0.0,-1.0,,,-0.0014112666117841455,-0.2400000000000091,0.0014112666117841455,2716
5,-2.6999999999999997,2.3000000000000043,60,0,0.0,0.0,-1.0,,,-0.0014112666117841455,-0.2400000000000091,0.0014112666117841455,2717
5,-2.6999999999999997,2.400000000000005,60,0,0.0,0.0,-1.0,,,-0.0014112666117841455,-0.2400000000000091,0.0014112666117841455,2718
5,-2.6999999999999997,2.5000000000000053,60,0,0.0,0.0,-1.0,,,-0.0014112666117841455,-0.2400000000000091,0.0014112666117841455,2719
5,-2.6999999999999997,2.600000000000005,60,0,0.0,0.0,-1.0,,,-0.0014112666117841455,-0.2400000000000091,0.0014112666117841455,2720
5,-2.6999999999999997,2.7000000000000046,60,0,0.0,0.0,-1.0,,,-0.0014112666117841455,-0.2400000000000091,0.0014112666117841455,2721
5,-2.6999999999999997,2.800000000000005,60,0,0.0,0.0,-1.0,,,-0.0014112666117841455,-0.2400000000000091,0.0014112666117841455,2722
5,-2.6999999999999997,2.9000000000000057,60,0,0.0,0.0,-1.0,,,-0.0014112666117841455,-0.2400000000000091,0.0014112666117841455,2723
5,-2.6999999999999997,3.0000000000000053,60,0,0.0,0.0,-1.0,,,-0.0014112666117841455,-0.2400000000000091,0.0014112666117841455,2724
5,-2.5999999999999996,2.0000000000000044,60,0,0.0,0.0,-1.0,,,-0.0014112666117841455,-0.2400000000000091,0.0014112666117841455,2725
5,-2.5999999999999996,2.100000000000005,60,0,0.0,0.0,-1.0,,,-0.0014112666117841455,-0.2400000000000091,0.0014112666117841455,2726
5,-2.5999999999999996,2.2000000000000046,60,0,0.0,0.0,-1.0,,,-0.0014112666117841455,-0.2400000000000091,0.0014112666117841455,2727
5,-2.5999999999999996,2.3000000000000043,60,0,0.0,0.0,-1.0,,,-0.0014112666117841455,-0.2400000000000091,0.0014112666117841455,2728
5,-2.5999999999999996,2.400000000000005,60,0,0.0,0.0,-1.0,,,-0.0014112666117841455,-0.2400000000000091,0.0014112666117841455,2729
5,-2.5999999999999996,2.5000000000000053,60,0,0.0,0.0,-1.0,,,-0.0014112666117841455,-0.2400000000000091,0.0014112666117841455,2730
5,-2.5999999999999996,2.600000000000005,60,0,0.0,0.0,-1.0,,,-0.0014112666117841455,-0.2400000000000091,0.0014112666117841455,2731
5,-2.5999999999999996,2.7000000000000046,60,0,0.0,0.0,-1.0,,,-0.0014112666117841455,-0.2400000000000091,0.0014112666117841455,2732
5,-2.5999999999999996,2.800000000000005,60,0,0.0,0.0,-1.0,,,-0.0014112666117841455,-0.2400000000000091,0.0014112666117841455,2733
5,-2.5999999999999996,2.9000000000000057,60,0,0.0,0.0,-1.0,,,-0.0014112666117841455,-0.2400000000000091,0.0014112666117841455,2734
5,-2.5999999999999996,3.0000000000000053,60,0,0.0,0.0,-1.0,,,-0.0014112666117841455,-0.2400000000000091,0.0014112666117841455,2735
5,-2.4999999999999996,2.0000000000000044,60,0,0.0,0.0,-1.0,,,-0.0014112666117841455,-0.2400000000000091,0.0014112666117841455,2736
5,-2.4999999999999996,2.100000000000005,60,0,0.0,0.0,-1.0,,,-0.0014112666117841455,-0.2400000000000091,0.0014112666117841455,2737
5,-2.4999999999999996,2.2000000000000046,60,0,0.0,0.0,-1.0,,,-0.0014112666117841455,-0.2400000000000091,0.0014112666117841455,2738
5,-2.4999999999999996,2.3000000000000043,60,0,0.0,0.0,-1.0,,,-0.0014112666117841455,-0.2400000000000091,0.0014112666117841455,2739
5,-2.4999999999999996,2.400000000000005,60,0,0.0,0.0,-1.0,,,-0.0014112666117841455,-0.2400000000000091,0.0014112666117841455,2740
5,-2.4999999999999996,2.5000000000000053,60,0,0.0,0.0,-1.0,,,-0.0014112666117841455,-0.2400000000000091,0.0014112666117841455,2741
5,-2.4999999999999996,2.600000000000005,60,0,0.0,0.0,-1.0,,,-0.0014112666117841455,-0.2400000000000091,0.0014112666117841455,2742
5,-2.4999999999999996,2.7000000000000046,60,0,0.0,0.0,-1.0,,,-0.0014112666117841455,-0.2400000000000091,0.0014112666117841455,2743
5,-2.4999999999999996,2.800000000000005,60,0,0.0,0.0,-1.0,,,-0.0014112666117841455,-0.2400000000000091,0.0014112666117841455,2744
5,-2.4999999999999996,2.9000000000000057,60,0,0.0,0.0,-1.0,,,-0.0014112666117841455,-0.2400000000000091,0.0014112666117841455,2745
5,-2.4999999999999996,3.0000000000000053,60,0,0.0,0.0,-1.0,,,-0.0014112666117841455,-0.2400000000000091,0.0014112666117841455,2746
5,-2.3999999999999995,2.0000000000000044,60,0,0.0,0.0,-1.0,,,-0.0014112666117841455,-0.2400000000000091,0.0014112666117841455,2747
5,-2.3999999999999995,2.100000000000005,60,0,0.0,0.0,-1.0,,,-0.0014112666117841455,-0.2400000000000091,0.0014112666117841455,2748
5,-2.3999999999999995,2.2000000000000046,60,0,0.0,0.0,-1.0,,,-0.0014112666117841455,-0.2400000000000091,0.0014112666117841455,2749
5,-2.3999999999999995,2.3000000000000043,60,0,0.0,0.0,-1.0,,,-0.0014112666117841455,-0.2400000000000091,0.0014112666117841455,2750
5,-2.3999999999999995,2.400000000000005,60,0,0.0,0.0,-1.0,,,-0.0014112666117841455,-0.2400000000000091,0.0014112666117841455,2751
5,-2.3999999999999995,2.5000000000000053,60,0,0.0,0.0,-1.0,,,-0.0014112666117841455,-0.2400000000000091,0.0014112666117841455,2752
5,-2.3999999999999995,2.600000000000005,60,0,0.0,0.0,-1.0,,,-0.0014112666117841455,-0.2400000000000091,0.0014112666117841455,2753
5,-2.3999999999999995,2.7000000000000046,60,0,0.0,0.0,-1.0,,,-0.0014112666117841455,-0.2400000000000091,0.0014112666117841455,2754
5,-2.3999999999999995,2.800000000000005,60,0,0.0,0.0,-1.0,,,-0.0014112666117841455,-0.2400000000000091,0.0014112666117841455,2755
5,-2.3999999999999995,2.9000000000000057,60,0,0.0,0.0,-1.0,,,-0.0014112666117841455,-0.2400000000000091,0.0014112666117841455,2756
5,-2.3999999999999995,3.0000000000000053,60,0,0.0,0.0,-1.0,,,-0.0014112666117841455,-0.2400000000000091,0.0014112666117841455,2757
5,-2.2999999999999994,2.0000000000000044,60,0,0.0,0.0,-1.0,,,-0.0014112666117841455,-0.2400000000000091,0.0014112666117841455,2758
5,-2.2999999999999994,2.100000000000005,60,0,0.0,0.0,-1.0,,,-0.0014112666117841455,-0.2400000000000091,0.0014112666117841455,2759
5,-2.2999999999999994,2.2000000000000046,60,0,0.0,0.0,-1.0,,,-0.0014112666117841455,-0.2400000000000091,0.0014112666117841455,2760
5,-2.2999999999999994,2.3000000000000043,60,0,0.0,0.0,-1.0,,,-0.0014112666117841455,-0.2400000000000091,0.0014112666117841455,2761
5,-2.2999999999999994,2.400000000000005,60,0,0.0,0.0,-1.0,,,-0.0014112666117841455,-0.2400000000000091,0.0014112666117841455,2762
5,-2.2999999999999994,2.5000000000000053,60,0,0.0,0.0,-1.0,,,-0.0014112666117841455,-0.2400000000000091,0.0014112666117841455,2763
5,-2.2999999999999994,2.600000000000005,60,0,0.0,0.0,-1.0,,,-0.0014112666117841455,-0.2400000000000091,0.0014112666117841455,2764
5,-2.2999999999999994,2.7000000000000046,60,0,0.0,0.0,-1.0,,,-0.0014112666117841455,-0.2400000000000091,0.0014112666117841455,2765
5,-2.2999999999999994,2.800000000000005,60,0,0.0,0.0,-1.0,,,-0.0014112666117841455,-0.2400000000000091,0.0014112666117841455,2766
5,-2.2999999999999994,2.9000000000000057,60,0,0.0,0.0,-1.0,,,-0.0014112666117841455,-0.2400000000000091,0.0014112666117841455,2767
5,-2.2999999999999994,3.0000000000000053,60,0,0.0,0.0,-1.0,,,-0.0014112666117841455,-0.2400000000000091,0.0014112666117841455,2768
5,-2.1999999999999993,2.0000000000000044,60,0,0.0,0.0,-1.0,,,-0.0014112666117841455,-0.2400000000000091,0.0014112666117841455,2769
5,-2.1999999999999993,2.100000000000005,60,0,0.0,0.0,-1.0,,,-0.0014112666117841455,-0.2400000000000091,0.0014112666117841455,2770
5,-2.1999999999999993,2.2000000000000046,60,0,0.0,0.0,-1.0,,,-0.0014112666117841455,-0.2400000000000091,0.0014112666117841455,2771
5,-2.1999999999999993,2.3000000000000043,60,0,0.0,0.0,-1.0,,,-0.0014112666117841455,-0.2400000000000091,0.0014112666117841455,2772
5,-2.1999999999999993,2.400000000000005,60,0,0.0,0.0,-1.0,,,-0.0014112666117841455,-0.2400000000000091,0.0014112666117841455,2773
5,-2.1999999999999993,2.5000000000000053,60,0,0.0,0.0,-1.0,,,-0.0014112666117841455,-0.2400000000000091,0.0014112666117841455,2774
5,-2.1999999999999993,2.600000000000005,60,0,0.0,0.0,-1.0,,,-0.0014112666117841455,-0.2400000000000091,0.0014112666117841455,2775
5,-2.1999999999999993,2.7000000000000046,60,0,0.0,0.0,-1.0,,,-0.0014112666117841455,-0.2400000000000091,0.0014112666117841455,2776
5,-2.1999999999999993,2.800000000000005,60,0,0.0,0.0,-1.0,,,-0.0014112666117841455,-0.2400000000000091,0.0014112666117841455,2777
5,-2.1999999999999993,2.9000000000000057,60,0,0.0,0.0,-1.0,,,-0.0014112666117841455,-0.2400000000000091,0.0014112666117841455,2778
5,-2.1999999999999993,3.0000000000000053,60,0,0.0,0.0,-1.0,,,-0.0014112666117841455,-0.2400000000000091,0.0014112666117841455,2779
5,-2.099999999999999,2.0000000000000044,60,0,0.0,0.0,-1.0,,,-0.0014112666117841455,-0.2400000000000091,0.0014112666117841455,2780
5,-2.099999999999999,2.100000000000005,60,0,0.0,0.0,-1.0,,,-0.0014112666117841455,-0.2400000000000091,0.0014112666117841455,2781
5,-2.099999999999999,2.2000000000000046,60,0,0.0,0.0,-1.0,,,-0.0014112666117841455,-0.2400000000000091,0.0014112666117841455,2782
5,-2.099999999999999,2.3000000000000043,60,0,0.0,0.0,-1.0,,,-0.0014112666117841455,-0.2400000000000091,0.0014112666117841455,2783
5,-2.099999999999999,2.400000000000005,60,0,0.0,0.0,-1.0,,,-0.0014112666117841455,-0.2400000000000091,0.0014112666117841455,2784
5,-2.099999999999999,2.5000000000000053,60,0,0.0,0.0,-1.0,,,-0.0014112666117841455,-0.2400000000000091,0.0014112666117841455,2785
5,-2.099999999999999,2.600000000000005,60,0,0.0,0.0,-1.0,,,-0.0014112666117841455,-0.2400000000000091,0.0014112666117841455,2786
5,-2.099999999999999,2.7000000000000046,60,0,0.0,0.0,-1.0,,,-0.0014112666117841455,-0.2400000000000091,0.0014112666117841455,2787
5,-2.099999999999999,2.800000000000005,60,0,0.0,0.0,-1.0,,,-0.0014112666117841455,-0.2400000000000091,0.0014112666117841455,2788
5,-2.099999999999999,2.9000000000000057,60,0,0.0,0.0,-1.0,,,-0.0014112666117841455,-0.2400000000000091,0.0014112666117841455,2789
5,-2.099999999999999,3.0000000000000053,60,0,0.0,0.0,-1.0,,,-0.0014112666117841455,-0.2400000000000091,0.0014112666117841455,2790
5,-1.9999999999999991,2.0000000000000044,60,0,0.0,0.0,-1.0,,,-0.0014112666117841455,-0.2400000000000091,0.0014112666117841455,2791
5,-1.9999999999999991,2.100000000000005,60,0,0.0,0.0,-1.0,,,-0.0014112666117841455,-0.2400000000000091,0.0014112666117841455,2792
5,-1.9999999999999991,2.2000000000000046,60,0,0.0,0.0,-1.0,,,-0.0014112666117841455,-0.2400000000000091,0.0014112666117841455,2793
5,-1.9999999999999991,2.3000000000000043,60,0,0.0,0.0,-1.0,,,-0.0014112666117841455,-0.2400000000000091,0.0014112666117841455,2794
5,-1.9999999999999991,2.400000000000005,60,0,0.0,0.0,-1.0,,,-0.0014112666117841455,-0.2400000000000091,0.0014112666117841455,2795
5,-1.9999999999999991,2.5000000000000053,60,0,0.0,0.0,-1.0,,,-0.0014112666117841455,-0.2400000000000091,0.0014112666117841455,2796
5,-1.9999999999999991,2.600000000000005,60,0,0.0,0.0,-1.0,,,-0.0014112666117841455,-0.2400000000000091,0.0014112666117841455,2797
5,-1.9999999999999991,2.7000000000000046,60,0,0.0,0.0,-1.0,,,-0.0014112666117841455,-0.2400000000000091,0.0014112666117841455,2798
5,-1.9999999999999991,2.800000000000005,60,0,0.0,0.0,-1.0,,,-0.0014112666117841455,-0.2400000000000091,0.0014112666117841455,2799
5,-1.9999999999999991,2.9000000000000057,60,0,0.0,0.0,-1.0,,,-0.0014112666117841455,-0.2400000000000091,0.0014112666117841455,2800
5,-1.9999999999999991,3.0000000000000053,60,0,0.0,0.0,-1.0,,,-0.0014112666117841455,-0.2400000000000091,0.0014112666117841455,2801
5,-1.899999999999999,2.0000000000000044,60,0,0.0,0.0,-1.0,,,-0.0014112666117841455,-0.2400000000000091,0.0014112666117841455,2802
5,-1.899999999999999,2.100000000000005,60,0,0.0,0.0,-1.0,,,-0.0014112666117841455,-0.2400000000000091,0.0014112666117841455,2803
5,-1.899999999999999,2.2000000000000046,60,0,0.0,0.0,-1.0,,,-0.0014112666117841455,-0.2400000000000091,0.0014112666117841455,2804
5,-1.899999999999999,2.3000000000000043,60,0,0.0,0.0,-1.0,,,-0.0014112666117841455,-0.2400000000000091,0.0014112666117841455,2805
5,-1.899999999999999,2.400000000000005,60,0,0.0,0.0,-1.0,,,-0.0014112666117841455,-0.2400000000000091,0.0014112666117841455,2806
5,-1.899999999999999,2.5000000000000053,60,0,0.0,0.0,-1.0,,,-0.0014112666117841455,-0.2400000000000091,0.0014112666117841455,2807
5,-1.899999999999999,2.600000000000005,60,0,0.0,0.0,-1.0,,,-0.0014112666117841455,-0.2400000000000091,0.0014112666117841455,2808
5,-1.899999999999999,2.7000000000000046,60,0,0.0,0.0,-1.0,,,-0.0014112666117841455,-0.2400000000000091,0.0014112666117841455,2809
5,-1.899999999999999,2.800000000000005,60,0,0.0,0.0,-1.0,,,-0.0014112666117841455,-0.2400000000000091,0.0014112666117841455,2810
5,-1.899999999999999,2.9000000000000057,60,0,0.0,0.0,-1.0,,,-0.0014112666117841455,-0.2400000000000091,0.0014112666117841455,2811
5,-1.899999999999999,3.0000000000000053,60,0,0.0,0.0,-1.0,,,-0.0014112666117841455,-0.2400000000000091,0.0014112666117841455,2812
5,-1.799999999999999,2.0000000000000044,60,0,0.0,0.0,-1.0,,,-0.0014112666117841455,-0.2400000000000091,0.0014112666117841455,2813
5,-1.799999999999999,2.100000000000005,60,0,0.0,0.0,-1.0,,,-0.0014112666117841455,-0.2400000000000091,0.0014112666117841455,2814
5,-1.799999999999999,2.2000000000000046,60,0,0.0,0.0,-1.0,,,-0.0014112666117841455,-0.2400000000000091,0.0014112666117841455,2815
5,-1.799999999999999,2.3000000000000043,60,0,0.0,0.0,-1.0,,,-0.0014112666117841455,-0.2400000000000091,0.0014112666117841455,2816
5,-1.799999999999999,2.400000000000005,60,0,0.0,0.0,-1.0,,,-0.0014112666117841455,-0.2400000000000091,0.0014112666117841455,2817
5,-1.799999999999999,2.5000000000000053,60,0,0.0,0.0,-1.0,,,-0.0014112666117841455,-0.2400000000000091,0.0014112666117841455,2818
5,-1.799999999999999,2.600000000000005,60,0,0.0,0.0,-1.0,,,-0.0014112666117841455,-0.2400000000000091,0.0014112666117841455,2819
5,-1.799999999999999,2.7000000000000046,60,0,0.0,0.0,-1.0,,,-0.0014112666117841455,-0.2400000000000091,0.0014112666117841455,2820
5,-1.799999999999999,2.800000000000005,60,0,0.0,0.0,-1.0,,,-0.0014112666117841455,-0.2400000000000091,0.0014112666117841455,2821
5,-1.799999999999999,2.9000000000000057,60,0,0.0,0.0,-1.0,,,-0.0014112666117841455,-0.2400000000000091,0.0014112666117841455,2822
5,-1.799999999999999,3.0000000000000053,60,0,0.0,0.0,-1.0,,,-0.0014112666117841455,-0.2400000000000091,0.0014112666117841455,2823
5,-1.6999999999999988,2.0000000000000044,60,0,0.0,0.0,-1.0,,,-0.0014112666117841455,-0.2400000000000091,0.0014112666117841455,2824
5,-1.6999999999999988,2.100000000000005,60,0,0.0,0.0,-1.0,,,-0.0014112666117841455,-0.2400000000000091,0.0014112666117841455,2825
5,-1.6999999999999988,2.2000000000000046,60,0,0.0,0.0,-1.0,,,-0.0014112666117841455,-0.2400000000000091,0.0014112666117841455,2826
5,-1.6999999999999988,2.3000000000000043,60,0,0.0,0.0,-1.0,,,-0.0014112666117841455,-0.2400000000000091,0.0014112666117841455,2827
5,-1.6999999999999988,2.400000000000005,60,0,0.0,0.0,-1.0,,,-0.0014112666117841455,-0.2400000000000091,0.0014112666117841455,2828
5,-1.6999999999999988,2.5000000000000053,60,0,0.0,0.0,-1.0,,,-0.0014112666117841455,-0.2400000000000091,0.0014112666117841455,2829
5,-1.6999999999999988,2.600000000000005,60,0,0.0,0.0,-1.0,,,-0.0014112666117841455,-0.2400000000000091,0.0014112666117841455,2830
5,-1.6999999999999988,2.7000000000000046,60,0,0.0,0.0,-1.0,,,-0.0014112666117841455,-0.2400000000000091,0.0014112666117841455,2831
5,-1.6999999999999988,2.800000000000005,60,0,0.0,0.0,-1.0,,,-0.0014112666117841455,-0.2400000000000091,0.0014112666117841455,2832
5,-1.6999999999999988,2.9000000000000057,60,0,0.0,0.0,-1.0,,,-0.0014112666117841455,-0.2400000000000091,0.0014112666117841455,2833
5,-1.6999999999999988,3.0000000000000053,60,0,0.0,0.0,-1.0,,,-0.0014112666117841455,-0.2400000000000091,0.0014112666117841455,2834
5,-1.5999999999999988,2.0000000000000044,60,0,0.0,0.0,-1.0,,,-0.0014112666117841455,-0.2400000000000091,0.0014112666117841455,2835
5,-1.5999999999999988,2.100000000000005,60,0,0.0,0.0,-1.0,,,-0.0014112666117841455,-0.2400000000000091,0.0014112666117841455,2836
5,-1.5999999999999988,2.2000000000000046,60,0,0.0,0.0,-1.0,,,-0.0014112666117841455,-0.2400000000000091,0.0014112666117841455,2837
5,-1.5999999999999988,2.3000000000000043,60,0,0.0,0.0,-1.0,,,-0.0014112666117841455,-0.2400000000000091,0.0014112666117841455,2838
5,-1.5999999999999988,2.400000000000005,60,0,0.0,0.0,-1.0,,,-0.0014112666117841455,-0.2400000000000091,0.0014112666117841455,2839
5,-1.5999999999999988,2.5000000000000053,60,0,0.0,0.0,-1.0,,,-0.0014112666117841455,-0.2400000000000091,0.0014112666117841455,2840
5,-1.5999999999999988,2.600000000000005,60,0,0.0,0.0,-1.0,,,-0.0014112666117841455,-0.2400000000000091,0.0014112666117841455,2841
5,-1.5999999999999988,2.7000000000000046,60,0,0.0,0.0,-1.0,,,-0.0014112666117841455,-0.2400000000000091,0.0014112666117841455,2842
5,-1.5999999999999988,2.800000000000005,60,0,0.0,0.0,-1.0,,,-0.0014112666117841455,-0.2400000000000091,0.0014112666117841455,2843
5,-1.5999999999999988,2.9000000000000057,60,0,0.0,0.0,-1.0,,,-0.0014112666117841455,-0.2400000000000091,0.0014112666117841455,2844
5,-1.5999999999999988,3.0000000000000053,60,0,0.0,0.0,-1.0,,,-0.0014112666117841455,-0.2400000000000091,0.0014112666117841455,2845
5,-1.4999999999999987,2.0000000000000044,60,0,0.0,0.0,-1.0,,,-0.0014112666117841455,-0.2400000000000091,0.0014112666117841455,2846
5,-1.4999999999999987,2.100000000000005,60,0,0.0,0.0,-1.0,,,-0.0014112666117841455,-0.2400000000000091,0.0014112666117841455,2847
5,-1.4999999999999987,2.2000000000000046,60,0,0.0,0.0,-1.0,,,-0.0014112666117841455,-0.2400000000000091,0.0014112666117841455,2848
5,-1.4999999999999987,2.3000000000000043,60,0,0.0,0.0,-1.0,,,-0.0014112666117841455,-0.2400000000000091,0.0014112666117841455,2849
5,-1.4999999999999987,2.400000000000005,60,0,0.0,0.0,-1.0,,,-0.0014112666117841455,-0.2400000000000091,0.0014112666117841455,2850
5,-1.4999999999999987,2.5000000000000053,60,0,0.0,0.0,-1.0,,,-0.0014112666117841455,-0.2400000000000091,0.0014112666117841455,2851
5,-1.4999999999999987,2.600000000000005,60,0,0.0,0.0,-1.0,,,-0.0014112666117841455,-0.2400000000000091,0.0014112666117841455,2852
5,-1.4999999999999987,2.7000000000000046,60,0,0.0,0.0,-1.0,,,-0.0014112666117841455,-0.2400000000000091,0.0014112666117841455,2853
5,-1.4999999999999987,2.800000000000005,60,0,0.0,0.0,-1.0,,,-0.0014112666117841455,-0.2400000000000091,0.0014112666117841455,2854
5,-1.4999999999999987,2.9000000000000057,60,0,0.0,0.0,-1.0,,,-0.0014112666117841455,-0.2400000000000091,0.0014112666117841455,2855
5,-1.4999999999999987,3.0000000000000053,60,0,0.0,0.0,-1.0,,,-0.0014112666117841455,-0.2400000000000091,0.0014112666117841455,2856
5,-1.3999999999999986,2.0000000000000044,60,0,0.0,0.0,-1.0,,,-0.0014112666117841455,-0.2400000000000091,0.0014112666117841455,2857
5,-1.3999999999999986,2.100000000000005,60,0,0.0,0.0,-1.0,,,-0.0014112666117841455,-0.2400000000000091,0.0014112666117841455,2858
5,-1.3999999999999986,2.2000000000000046,60,0,0.0,0.0,-1.0,,,-0.0014112666117841455,-0.2400000000000091,0.0014112666117841455,2859
5,-1.3999999999999986,2.3000000000000043,60,0,0.0,0.0,-1.0,,,-0.0014112666117841455,-0.2400000000000091,0.0014112666117841455,2860
5,-1.3999999999999986,2.400000000000005,60,0,0.0,0.0,-1.0,,,-0.0014112666117841455,-0.2400000000000091,0.0014112666117841455,2861
5,-1.3999999999999986,2.5000000000000053,60,0,0.0,0.0,-1.0,,,-0.0014112666117841455,-0.2400000000000091,0.0014112666117841455,2862
5,-1.3999999999999986,2.600000000000005,60,0,0.0,0.0,-1.0,,,-0.0014112666117841455,-0.2400000000000091,0.0014112666117841455,2863
5,-1.3999999999999986,2.7000000000000046,60,0,0.0,0.0,-1.0,,,-0.0014112666117841455,-0.2400000000000091,0.0014112666117841455,2864
5,-1.3999999999999986,2.800000000000005,60,0,0.0,0.0,-1.0,,,-0.0014112666117841455,-0.2400000000000091,0.0014112666117841455,2865
5,-1.3999999999999986,2.9000000000000057,60,0,0.0,0.0,-1.0,,,-0.0014112666117841455,-0.2400000000000091,0.0014112666117841455,2866
5,-1.3999999999999986,3.0000000000000053,60,0,0.0,0.0,-1.0,,,-0.0014112666117841455,-0.2400000000000091,0.0014112666117841455,2867
5,-1.2999999999999985,2.0000000000000044,60,0,0.0,0.0,-1.0,,,-0.0014112666117841455,-0.2400000000000091,0.0014112666117841455,2868
5,-1.2999999999999985,2.100000000000005,60,0,0.0,0.0,-1.0,,,-0.0014112666117841455,-0.2400000000000091,0.0014112666117841455,2869
5,-1.2999999999999985,2.2000000000000046,60,0,0.0,0.0,-1.0,,,-0.0014112666117841455,-0.2400000000000091,0.0014112666117841455,2870
5,-1.2999999999999985,2.3000000000000043,60,0,0.0,0.0,-1.0,,,-0.0014112666117841455,-0.2400000000000091,0.0014112666117841455,2871
5,-1.2999999999999985,2.400000000000005,60,0,0.0,0.0,-1.0,,,-0.0014112666117841455,-0.2400000000000091,0.0014112666117841455,2872
5,-1.2999999999999985,2.5000000000000053,60,0,0.0,0.0,-1.0,,,-0.0014112666117841455,-0.2400000000000091,0.0014112666117841455,2873
5,-1.2999999999999985,2.600000000000005,60,0,0.0,0.0,-1.0,,,-0.0014112666117841455,-0.2400000000000091,0.0014112666117841455,2874
5,-1.2999999999999985,2.7000000000000046,60,0,0.0,0.0,-1.0,,,-0.0014112666117841455,-0.2400000000000091,0.0014112666117841455,2875
5,-1.2999999999999985,2.800000000000005,60,0,0.0,0.0,-1.0,,,-0.0014112666117841455,-0.2400000000000091,0.0014112666117841455,2876
5,-1.2999999999999985,2.9000000000000057,60,0,0.0,0.0,-1.0,,,-0.0014112666117841455,-0.2400000000000091,0.0014112666117841455,2877
5,-1.2999999999999985,3.0000000000000053,60,0,0.0,0.0,-1.0,,,-0.0014112666117841455,-0.2400000000000091,0.0014112666117841455,2878
5,-1.1999999999999984,2.0000000000000044,60,0,0.0,0.0,-1.0,,,-0.0014112666117841455,-0.2400000000000091,0.0014112666117841455,2879
5,-1.1999999999999984,2.100000000000005,60,0,0.0,0.0,-1.0,,,-0.0014112666117841455,-0.2400000000000091,0.0014112666117841455,2880
5,-1.1999999999999984,2.2000000000000046,60,0,0.0,0.0,-1.0,,,-0.0014112666117841455,-0.2400000000000091,0.0014112666117841455,2881
5,-1.1999999999999984,2.3000000000000043,60,0,0.0,0.0,-1.0,,,-0.0014112666117841455,-0.2400000000000091,0.0014112666117841455,2882
5,-1.1999999999999984,2.400000000000005,60,0,0.0,0.0,-1.0,,,-0.0014112666117841455,-0.2400000000000091,0.0014112666117841455,2883
5,-1.1999999999999984,2.5000000000000053,60,0,0.0,0.0,-1.0,,,-0.0014112666117841455,-0.2400000000000091,0.0014112666117841455,2884
5,-1.1999999999999984,2.600000000000005,60,0,0.0,0.0,-1.0,,,-0.0014112666117841455,-0.2400000000000091,0.0014112666117841455,2885
5,-1.1999999999999984,2.7000000000000046,60,0,0.0,0.0,-1.0,,,-0.0014112666117841455,-0.2400000000000091,0.0014112666117841455,2886
5,-1.1999999999999984,2.800000000000005,60,0,0.0,0.0,-1.0,,,-0.0014112666117841455,-0.2400000000000091,0.0014112666117841455,2887
5,-1.1999999999999984,2.9000000000000057,60,0,0.0,0.0,-1.0,,,-0.0014112666117841455,-0.2400000000000091,0.0014112666117841455,2888
5,-1.1999999999999984,3.0000000000000053,60,0,0.0,0.0,-1.0,,,-0.0014112666117841455,-0.2400000000000091,0.0014112666117841455,2889
5,-1.0999999999999983,2.0000000000000044,60,0,0.0,0.0,-1.0,,,-0.0014112666117841455,-0.2400000000000091,0.0014112666117841455,2890
5,-1.0999999999999983,2.100000000000005,60,0,0.0,0.0,-1.0,,,-0.0014112666117841455,-0.2400000000000091,0.0014112666117841455,2891
5,-1.0999999999999983,2.2000000000000046,60,0,0.0,0.0,-1.0,,,-0.0014112666117841455,-0.2400000000000091,0.0014112666117841455,2892
5,-1.0999999999999983,2.3000000000000043,60,0,0.0,0.0,-1.0,,,-0.0014112666117841455,-0.2400000000000091,0.0014112666117841455,2893
5,-1.0999999999999983,2.400000000000005,60,0,0.0,0.0,-1.0,,,-0.0014112666117841455,-0.2400000000000091,0.0014112666117841455,2894
5,-1.0999999999999983,2.5000000000000053,60,0,0.0,0.0,-1.0,,,-0.0014112666117841455,-0.2400000000000091,0.0014112666117841455,2895
5,-1.0999999999999983,2.600000000000005,60,0,0.0,0.0,-1.0,,,-0.0014112666117841455,-0.2400000000000091,0.0014112666117841455,2896
5,-1.0999999999999983,2.7000000000000046,60,0,0.0,0.0,-1.0,,,-0.0014112666117841455,-0.2400000000000091,0.0014112666117841455,2897
5,-1.0999999999999983,2.800000000000005,60,0,0.0,0.0,-1.0,,,-0.0014112666117841455,-0.2400000000000091,0.0014112666117841455,2898
5,-1.0999999999999983,2.9000000000000057,60,0,0.0,0.0,-1.0,,,-0.0014112666117841455,-0.2400000000000091,0.0014112666117841455,2899
5,-1.0999999999999983,3.0000000000000053,60,0,0.0,0.0,-1.0,,,-0.0014112666117841455,-0.2400000000000091,0.0014112666117841455,2900
5,-0.9999999999999982,2.0000000000000044,60,0,0.0,0.0,-1.0,,,-0.0014112666117841455,-0.2400000000000091,0.0014112666117841455,2901
5,-0.9999999999999982,2.100000000000005,60,0,0.0,0.0,-1.0,,,-0.0014112666117841455,-0.2400000000000091,0.0014112666117841455,2902
5,-0.9999999999999982,2.2000000000000046,60,0,0.0,0.0,-1.0,,,-0.0014112666117841455,-0.2400000000000091,0.0014112666117841455,2903
5,-0.9999999999999982,2.3000000000000043,60,0,0.0,0.0,-1.0,,,-0.0014112666117841455,-0.2400000000000091,0.0014112666117841455,2904
5,-0.9999999999999982,2.400000000000005,60,0,0.0,0.0,-1.0,,,-0.0014112666117841455,-0.2400000000000091,0.0014112666117841455,2905
5,-0.9999999999999982,2.5000000000000053,60,0,0.0,0.0,-1.0,,,-0.0014112666117841455,-0.2400000000000091,0.0014112666117841455,2906
5,-0.9999999999999982,2.600000000000005,60,0,0.0,0.0,-1.0,,,-0.0014112666117841455,-0.2400000000000091,0.0014112666117841455,2907
5,-0.9999999999999982,2.7000000000000046,60,0,0.0,0.0,-1.0,,,-0.0014112666117841455,-0.2400000000000091,0.0014112666117841455,2908
5,-0.9999999999999982,2.800000000000005,60,0,0.0,0.0,-1.0,,,-0.0014112666117841455,-0.2400000000000091,0.0014112666117841455,2909
5,-0.9999999999999982,2.9000000000000057,60,0,0.0,0.0,-1.0,,,-0.0014112666117841455,-0.2400000000000091,0.0014112666117841455,2910
5,-0.9999999999999982,3.0000000000000053,60,0,0.0,0.0,-1.0,,,-0.0014112666117841455,-0.2400000000000091,0.0014112666117841455,2911
5,-0.8999999999999981,2.0000000000000044,60,0,0.0,0.0,-1.0,,,-0.0014112666117841455,-0.2400000000000091,0.0014112666117841455,2912
5,-0.8999999999999981,2.100000000000005,60,0,0.0,0.0,-1.0,,,-0.0014112666117841455,-0.2400000000000091,0.0014112666117841455,2913
5,-0.8999999999999981,2.2000000000000046,60,0,0.0,0.0,-1.0,,,-0.0014112666117841455,-0.2400000000000091,0.0014112666117841455,2914
5,-0.8999999999999981,2.3000000000000043,60,0,0.0,0.0,-1.0,,,-0.0014112666117841455,-0.2400000000000091,0.0014112666117841455,2915
5,-0.8999999999999981,2.400000000000005,60,0,0.0,0.0,-1.0,,,-0.0014112666117841455,-0.2400000000000091,0.0014112666117841455,2916
5,-0.8999999999999981,2.5000000000000053,60,0,0.0,0.0,-1.0,,,-0.0014112666117841455,-0.2400000000000091,0.0014112666117841455,2917
5,-0.8999999999999981,2.600000000000005,60,0,0.0,0.0,-1.0,,,-0.0014112666117841455,-0.2400000000000091,0.0014112666117841455,2918
5,-0.8999999999999981,2.7000000000000046,60,0,0.0,0.0,-1.0,,,-0.0014112666117841455,-0.2400000000000091,0.0014112666117841455,2919
5,-0.8999999999999981,2.800000000000005,60,0,0.0,0.0,-1.0,,,-0.0014112666117841455,-0.2400000000000091,0.0014112666117841455,2920
5,-0.8999999999999981,2.9000000000000057,60,0,0.0,0.0,-1.0,,,-0.0014112666117841455,-0.2400000000000091,0.0014112666117841455,2921
5,-0.8999999999999981,3.0000000000000053,60,0,0.0,0.0,-1.0,,,-0.0014112666117841455,-0.2400000000000091,0.0014112666117841455,2922
5,-0.799999999999998,2.0000000000000044,60,0,0.0,0.0,-1.0,,,-0.0014112666117841455,-0.2400000000000091,0.0014112666117841455,2923
5,-0.799999999999998,2.100000000000005,60,0,0.0,0.0,-1.0,,,-0.0014112666117841455,-0.2400000000000091,0.0014112666117841455,2924
5,-0.799999999999998,2.2000000000000046,60,0,0.0,0.0,-1.0,,,-0.0014112666117841455,-0.2400000000000091,0.0014112666117841455,2925
5,-0.799999999999998,2.3000000000000043,60,0,0.0,0.0,-1.0,,,-0.0014112666117841455,-0.2400000000000091,0.0014112666117841455,2926
5,-0.799999999999998,2.400000000000005,60,0,0.0,0.0,-1.0,,,-0.0014112666117841455,-0.2400000000000091,0.0014112666117841455,2927
5,-0.799999999999998,2.5000000000000053,60,0,0.0,0.0,-1.0,,,-0.0014112666117841455,-0.2400000000000091,0.0014112666117841455,2928
5,-0.799999999999998,2.600000000000005,60,0,0.0,0.0,-1.0,,,-0.0014112666117841455,-0.2400000000000091,0.0014112666117841455,2929
5,-0.799999999999998,2.7000000000000046,60,0,0.0,0.0,-1.0,,,-0.0014112666117841455,-0.2400000000000091,0.0014112666117841455,2930
5,-0.799999999999998,2.800000000000005,60,0,0.0,0.0,-1.0,,,-0.0014112666117841455,-0.2400000000000091,0.0014112666117841455,2931
5,-0.799999999999998,2.9000000000000057,60,0,0.0,0.0,-1.0,,,-0.0014112666117841455,-0.2400000000000091,0.0014112666117841455,2932
5,-0.799999999999998,3.0000000000000053,60,0,0.0,0.0,-1.0,,,-0.0014112666117841455,-0.2400000000000091,0.0014112666117841455,2933
5,-0.699999999999998,2.0000000000000044,60,0,0.0,0.0,-1.0,,,-0.0014112666117841455,-0.2400000000000091,0.0014112666117841455,2934
5,-0.699999999999998,2.100000000000005,60,0,0.0,0.0,-1.0,,,-0.0014112666117841455,-0.2400000000000091,0.0014112666117841455,2935
5,-0.699999999999998,2.2000000000000046,60,0,0.0,0.0,-1.0,,,-0.0014112666117841455,-0.2400000000000091,0.0014112666117841455,2936
5,-0.699999999999998,2.3000000000000043,60,0,0.0,0.0,-1.0,,,-0.0014112666117841455,-0.2400000000000091,0.0014112666117841455,2937
5,-0.699999999999998,2.400000000000005,60,0,0.0,0.0,-1.0,,,-0.0014112666117841455,-0.2400000000000091,0.0014112666117841455,2938
5,-0.699999999999998,2.5000000000000053,60,0,0.0,0.0,-1.0,,,-0.0014112666117841455,-0.2400000000000091,0.0014112666117841455,2939
5,-0.699999999999998,2.600000000000005,60,0,0.0,0.0,-1.0,,,-0.0014112666117841455,-0.2400000000000091,0.0014112666117841455,2940
5,-0.699999999999998,2.7000000000000046,60,0,0.0,0.0,-1.0,,,-0.0014112666117841455,-0.2400000000000091,0.0014112666117841455,2941
5,-0.699999999999998,2.800000000000005,60,0,0.0,0.0,-1.0,,,-0.0014112666117841455,-0.2400000000000091,0.0014112666117841455,2942
5,-0.699999999999998,2.9000000000000057,60,0,0.0,0.0,-1.0,,,-0.0014112666117841455,-0.2400000000000091,0.0014112666117841455,2943
5,-0.699999999999998,3.0000000000000053,60,0,0.0,0.0,-1.0,,,-0.0014112666117841455,-0.2400000000000091,0.0014112666117841455,2944
5,-0.5999999999999979,2.0000000000000044,60,0,0.0,0.0,-1.0,,,-0.0014112666117841455,-0.2400000000000091,0.0014112666117841455,2945
5,-0.5999999999999979,2.100000000000005,60,0,0.0,0.0,-1.0,,,-0.0014112666117841455,-0.2400000000000091,0.0014112666117841455,2946
5,-0.5999999999999979,2.2000000000000046,60,0,0.0,0.0,-1.0,,,-0.0014112666117841455,-0.2400000000000091,0.0014112666117841455,2947
5,-0.5999999999999979,2.3000000000000043,60,0,0.0,0.0,-1.0,,,-0.0014112666117841455,-0.2400000000000091,0.0014112666117841455,2948
5,-0.5999999999999979,2.400000000000005,60,0,0.0,0.0,-1.0,,,-0.0014112666117841455,-0.2400000000000091,0.0014112666117841455,2949
5,-0.5999999999999979,2.5000000000000053,60,0,0.0,0.0,-1.0,,,-0.0014112666117841455,-0.2400000000000091,0.0014112666117841455,2950
5,-0.5999999999999979,2.600000000000005,60,0,0.0,0.0,-1.0,,,-0.0014112666117841455,-0.2400000000000091,0.0014112666117841455,2951
5,-0.5999999999999979,2.7000000000000046,60,0,0.0,0.0,-1.0,,,-0.0014112666117841455,-0.2400000000000091,0.0014112666117841455,2952
5,-0.5999999999999979,2.800000000000005,60,0,0.0,0.0,-1.0,,,-0.0014112666117841455,-0.2400000000000091,0.0014112666117841455,2953
5,-0.5999999999999979,2.9000000000000057,60,0,0.0,0.0,-1.0,,,-0.0014112666117841455,-0.2400000000000091,0.0014112666117841455,2954
5,-0.5999999999999979,3.0000000000000053,60,0,0.0,0.0,-1.0,,,-0.0014112666117841455,-0.2400000000000091,0.0014112666117841455,2955
5,-0.4999999999999978,2.0000000000000044,60,0,0.0,0.0,-1.0,,,-0.0014112666117841455,-0.2400000000000091,0.0014112666117841455,2956
5,-0.4999999999999978,2.100000000000005,60,0,0.0,0.0,-1.0,,,-0.0014112666117841455,-0.2400000000000091,0.0014112666117841455,2957
5,-0.4999999999999978,2.2000000000000046,60,0,0.0,0.0,-1.0,,,-0.0014112666117841455,-0.2400000000000091,0.0014112666117841455,2958
5,-0.4999999999999978,2.3000000000000043,60,0,0.0,0.0,-1.0,,,-0.0014112666117841455,-0.2400000000000091,0.0014112666117841455,2959
5,-0.4999999999999978,2.400000000000005,60,0,0.0,0.0,-1.0,,,-0.0014112666117841455,-0.2400000000000091,0.0014112666117841455,2960
5,-0.4999999999999978,2.5000000000000053,60,0,0.0,0.0,-1.0,,,-0.0014112666117841455,-0.2400000000000091,0.0014112666117841455,2961
5,-0.4999999999999978,2.600000000000005,60,0,0.0,0.0,-1.0,,,-0.0014112666117841455,-0.2400000000000091,0.0014112666117841455,2962
5,-0.4999999999999978,2.7000000000000046,60,0,0.0,0.0,-1.0,,,-0.0014112666117841455,-0.2400000000000091,0.0014112666117841455,2963
5,-0.4999999999999978,2.800000000000005,60,0,0.0,0.0,-1.0,,,-0.0014112666117841455,-0.2400000000000091,0.0014112666117841455,2964
5,-0.4999999999999978,2.9000000000000057,60,0,0.0,0.0,-1.0,,,-0.0014112666117841455,-0.2400000000000091,0.0014112666117841455,2965
5,-0.4999999999999978,3.0000000000000053,60,0,0.0,0.0,-1.0,,,-0.0014112666117841455,-0.2400000000000091,0.0014112666117841455,2966
5,-0.3999999999999977,2.0000000000000044,60,0,0.0,0.0,-1.0,,,-0.0014112666117841455,-0.2400000000000091,0.0014112666117841455,2967
5,-0.3999999999999977,2.100000000000005,60,0,0.0,0.0,-1.0,,,-0.0014112666117841455,-0.2400000000000091,0.0014112666117841455,2968
5,-0.3999999999999977,2.2000000000000046,60,0,0.0,0.0,-1.0,,,-0.0014112666117841455,-0.2400000000000091,0.0014112666117841455,2969
5,-0.3999999999999977,2.3000000000000043,60,0,0.0,0.0,-1.0,,,-0.0014112666117841455,-0.2400000000000091,0.0014112666117841455,2970
5,-0.3999999999999977,2.400000000000005,60,0,0.0,0.0,-1.0,,,-0.0014112666117841455,-0.2400000000000091,0.0014112666117841455,2971
5,-0.3999999999999977,2.5000000000000053,60,0,0.0,0.0,-1.0,,,-0.0014112666117841455,-0.2400000000000091,0.0014112666117841455,2972
5,-0.3999999999999977,2.600000000000005,60,0,0.0,0.0,-1.0,,,-0.0014112666117841455,-0.2400000000000091,0.0014112666117841455,2973
5,-0.3999999999999977,2.7000000000000046,60,0,0.0,0.0,-1.0,,,-0.0014112666117841455,-0.2400000000000091,0.0014112666117841455,2974
5,-0.3999999999999977,2.800000000000005,60,0,0.0,0.0,-1.0,,,-0.0014112666117841455,-0.2400000000000091,0.0014112666117841455,2975
5,-0.3999999999999977,2.9000000000000057,60,0,0.0,0.0,-1.0,,,-0.0014112666117841455,-0.2400000000000091,0.0014112666117841455,2976
5,-0.3999999999999977,3.0000000000000053,60,0,0.0,0.0,-1.0,,,-0.0014112666117841455,-0.2400000000000091,0.0014112666117841455,2977
5,-0.2999999999999976,2.0000000000000044,60,0,0.0,0.0,-1.0,,,-0.0014112666117841455,-0.2400000000000091,0.0014112666117841455,2978
5,-0.2999999999999976,2.100000000000005,60,0,0.0,0.0,-1.0,,,-0.0014112666117841455,-0.2400000000000091,0.0014112666117841455,2979
5,-0.2999999999999976,2.2000000000000046,60,0,0.0,0.0,-1.0,,,-0.0014112666117841455,-0.2400000000000091,0.0014112666117841455,2980
5,-0.2999999999999976,2.3000000000000043,60,0,0.0,0.0,-1.0,,,-0.0014112666117841455,-0.2400000000000091,0.0014112666117841455,2981
5,-0.2999999999999976,2.400000000000005,60,0,0.0,0.0,-1.0,,,-0.0014112666117841455,-0.2400000000000091,0.0014112666117841455,2982
5,-0.2999999999999976,2.5000000000000053,60,0,0.0,0.0,-1.0,,,-0.0014112666117841455,-0.2400000000000091,0.0014112666117841455,2983
5,-0.2999999999999976,2.600000000000005,60,0,0.0,0.0,-1.0,,,-0.0014112666117841455,-0.2400000000000091,0.0014112666117841455,2984
5,-0.2999999999999976,2.7000000000000046,60,0,0.0,0.0,-1.0,,,-0.0014112666117841455,-0.2400000000000091,0.0014112666117841455,2985
5,-0.2999999999999976,2.800000000000005,60,0,0.0,0.0,-1.0,,,-0.0014112666117841455,-0.2400000000000091,0.0014112666117841455,2986
5,-0.2999999999999976,2.9000000000000057,60,0,0.0,0.0,-1.0,,,-0.0014112666117841455,-0.2400000000000091,0.0014112666117841455,2987
5,-0.2999999999999976,3.0000000000000053,60,0,0.0,0.0,-1.0,,,-0.0014112666117841455,-0.2400000000000091,0.0014112666117841455,2988
5,-0.1999999999999975,2.0000000000000044,60,0,0.0,0.0,-1.0,,,-0.0014112666117841455,-0.2400000000000091,0.0014112666117841455,2989
5,-0.1999999999999975,2.100000000000005,60,0,0.0,0.0,-1.0,,,-0.0014112666117841455,-0.2400000000000091,0.0014112666117841455,2990
5,-0.1999999999999975,2.2000000000000046,60,0,0.0,0.0,-1.0,,,-0.0014112666117841455,-0.2400000000000091,0.0014112666117841455,2991
5,-0.1999999999999975,2.3000000000000043,60,0,0.0,0.0,-1.0,,,-0.0014112666117841455,-0.2400000000000091,0.0014112666117841455,2992
5,-0.1999999999999975,2.400000000000005,60,0,0.0,0.0,-1.0,,,-0.0014112666117841455,-0.2400000000000091,0.0014112666117841455,2993
5,-0.1999999999999975,2.5000000000000053,60,0,0.0,0.0,-1.0,,,-0.0014112666117841455,-0.2400000000000091,0.0014112666117841455,2994
5,-0.1999999999999975,2.600000000000005,60,0,0.0,0.0,-1.0,,,-0.0014112666117841455,-0.2400000000000091,0.0014112666117841455,2995
5,-0.1999999999999975,2.7000000000000046,60,0,0.0,0.0,-1.0,,,-0.0014112666117841455,-0.2400000000000091,0.0014112666117841455,2996
5,-0.1999999999999975,2.800000000000005,60,0,0.0,0.0,-1.0,,,-0.0014112666117841455,-0.2400000000000091,0.0014112666117841455,2997
5,-0.1999999999999975,2.9000000000000057,60,0,0.0,0.0,-1.0,,,-0.0014112666117841455,-0.2400000000000091,0.0014112666117841455,2998
5,-0.1999999999999975,3.0000000000000053,60,0,0.0,0.0,-1.0,,,-0.0014112666117841455,-0.2400000000000091,0.0014112666117841455,2999
5,-0.09999999999999742,2.0000000000000044,60,0,0.0,0.0,-1.0,,,-0.0014112666117841455,-0.2400000000000091,0.0014112666117841455,3000
5,-0.09999999999999742,2.100000000000005,60,0,0.0,0.0,-1.0,,,-0.0014112666117841455,-0.2400000000000091,0.0014112666117841455,3001
5,-0.09999999999999742,2.2000000000000046,60,0,0.0,0.0,-1.0,,,-0.0014112666117841455,-0.2400000000000091,0.0014112666117841455,3002
5,-0.09999999999999742,2.3000000000000043,60,0,0.0,0.0,-1.0,,,-0.0014112666117841455,-0.2400000000000091,0.0014112666117841455,3003
5,-0.09999999999999742,2.400000000000005,60,0,0.0,0.0,-1.0,,,-0.0014112666117841455,-0.2400000000000091,0.0014112666117841455,3004
5,-0.09999999999999742,2.5000000000000053,60,0,0.0,0.0,-1.0,,,-0.0014112666117841455,-0.2400000000000091,0.0014112666117841455,3005
5,-0.09999999999999742,2.600000000000005,60,0,0.0,0.0,-1.0,,,-0.0014112666117841455,-0.2400000000000091,0.0014112666117841455,3006
5,-0.09999999999999742,2.7000000000000046,60,0,0.0,0.0,-1.0,,,-0.0014112666117841455,-0.2400000000000091,0.0014112666117841455,3007
5,-0.09999999999999742,2.800000000000005,60,0,0.0,0.0,-1.0,,,-0.0014112666117841455,-0.2400000000000091,0.0014112666117841455,3008
5,-0.09999999999999742,2.9000000000000057,60,0,0.0,0.0,-1.0,,,-0.0014112666117841455,-0.2400000000000091,0.0014112666117841455,3009
5,-0.09999999999999742,3.0000000000000053,60,0,0.0,0.0,-1.0,,,-0.0014112666117841455,-0.2400000000000091,0.0014112666117841455,3010
5,2.6645352591003757e-15,2.0000000000000044,60,0,0.0,0.0,-1.0,,,-0.0014112666117841455,-0.2400000000000091,0.0014112666117841455,3011
5,2.6645352591003757e-15,2.100000000000005,60,0,0.0,0.0,-1.0,,,-0.0014112666117841455,-0.2400000000000091,0.0014112666117841455,3012
5,2.6645352591003757e-15,2.2000000000000046,60,0,0.0,0.0,-1.0,,,-0.0014112666117841455,-0.2400000000000091,0.0014112666117841455,3013
5,2.6645352591003757e-15,2.3000000000000043,60,0,0.0,0.0,-1.0,,,-0.0014112666117841455,-0.2400000000000091,0.0014112666117841455,3014
5,2.6645352591003757e-15,2.400000000000005,60,0,0.0,0.0,-1.0,,,-0.0014112666117841455,-0.2400000000000091,0.0014112666117841455,3015
5,2.6645352591003757e-15,2.5000000000000053,60,0,0.0,0.0,-1.0,,,-0.0014112666117841455,-0.2400000000000091,0.0014112666117841455,3016
5,2.6645352591003757e-15,2.600000000000005,60,0,0.0,0.0,-1.0,,,-0.0014112666117841455,-0.2400000000000091,0.0014112666117841455,3017
5,2.6645352591003757e-15,2.7000000000000046,60,0,0.0,0.0,-1.0,,,-0.0014112666117841455,-0.2400000000000091,0.0014112666117841455,3018
5,2.6645352591003757e-15,2.800000000000005,60,0,0.0,0.0,-1.0,,,-0.0014112666117841455,-0.2400000000000091,0.0014112666117841455,3019
5,2.6645352591003757e-15,2.9000000000000057,60,0,0.0,0.0,-1.0,,,-0.0014112666117841455,-0.2400000000000091,0.0014112666117841455,3020
5,2.6645352591003757e-15,3.0000000000000053,60,0,0.0,0.0,-1.0,,,-0.0014112666117841455,-0.2400000000000091,0.0014112666117841455,3021
5,0.10000000000000275,2.0000000000000044,60,0,0.0,0.0,-1.0,,,-0.0014112666117841455,-0.2400000000000091,0.0014112666117841455,3022
5,0.10000000000000275,2.100000000000005,60,0,0.0,0.0,-1.0,,,-0.0014112666117841455,-0.2400000000000091,0.0014112666117841455,3023
5,0.10000000000000275,2.2000000000000046,60,0,0.0,0.0,-1.0,,,-0.0014112666117841455,-0.2400000000000091,0.0014112666117841455,3024
5,0.10000000000000275,2.3000000000000043,60,0,0.0,0.0,-1.0,,,-0.0014112666117841455,-0.2400000000000091,0.0014112666117841455,3025
5,0.10000000000000275,2.400000000000005,60,0,0.0,0.0,-1.0,,,-0.0014112666117841455,-0.2400000000000091,0.0014112666117841455,3026
5,0.10000000000000275,2.5000000000000053,60,0,0.0,0.0,-1.0,,,-0.0014112666117841455,-0.2400000000000091,0.0014112666117841455,3027
5,0.10000000000000275,2.600000000000005,60,0,0.0,0.0,-1.0,,,-0.0014112666117841455,-0.2400000000000091,0.0014112666117841455,3028
5,0.10000000000000275,2.7000000000000046,60,0,0.0,0.0,-1.0,,,-0.0014112666117841455,-0.2400000000000091,0.0014112666117841455,3029
5,0.10000000000000275,2.800000000000005,60,0,0.0,0.0,-1.0,,,-0.0014112666117841455,-0.2400000000000091,0.0014112666117841455,3030
5,0.10000000000000275,2.9000000000000057,60,0,0.0,0.0,-1.0,,,-0.0014112666117841455,-0.2400000000000091,0.0014112666117841455,3031
5,0.10000000000000275,3.0000000000000053,60,0,0.0,0.0,-1.0,,,-0.0014112666117841455,-0.2400000000000091,0.0014112666117841455,3032
5,0.20000000000000284,2.0000000000000044,60,0,0.0,0.0,-1.0,,,-0.0014112666117841455,-0.2400000000000091,0.0014112666117841455,3033
5,0.20000000000000284,2.100000000000005,60,0,0.0,0.0,-1.0,,,-0.0014112666117841455,-0.2400000000000091,0.0014112666117841455,3034
5,0.20000000000000284,2.2000000000000046,60,0,0.0,0.0,-1.0,,,-0.0014112666117841455,-0.2400000000000091,0.0014112666117841455,3035
5,0.20000000000000284,2.3000000000000043,60,0,0.0,0.0,-1.0,,,-0.0014112666117841455,-0.2400000000000091,0.0014112666117841455,3036
5,0.20000000000000284,2.400000000000005,60,0,0.0,0.0,-1.0,,,-0.0014112666117841455,-0.2400000000000091,0.0014112666117841455,3037
5,0.20000000000000284,2.5000000000000053,60,0,0.0,0.0,-1.0,,,-0.0014112666117841455,-0.2400000000000091,0.0014112666117841455,3038
5,0.20000000000000284,2.600000000000005,60,0,0.0,0.0,-1.0,,,-0.0014112666117841455,-0.2400000000000091,0.0014112666117841455,3039
5,0.20000000000000284,2.7000000000000046,60,0,0.0,0.0,-1.0,,,-0.0014112666117841455,-0.2400000000000091,0.0014112666117841455,3040
5,0.20000000000000284,2.800000000000005,60,0,0.0,0.0,-1.0,,,-0.0014112666117841455,-0.2400000000000091,0.0014112666117841455,3041
5,0.20000000000000284,2.9000000000000057,60,0,0.0,0.0,-1.0,,,-0.0014112666117841455,-0.2400000000000091,0.0014112666117841455,3042
5,0.20000000000000284,3.0000000000000053,60,0,0.0,0.0,-1.0,,,-0.0014112666117841455,-0.2400000000000091,0.0014112666117841455,3043
5,0.30000000000000293,2.0000000000000044,60,0,0.0,0.0,-1.0,,,-0.0014112666117841455,-0.2400000000000091,0.0014112666117841455,3044
5,0.30000000000000293,2.100000000000005,60,0,0.0,0.0,-1.0,,,-0.0014112666117841455,-0.2400000000000091,0.0014112666117841455,3045
5,0.30000000000000293,2.2000000000000046,60,0,0.0,0.0,-1.0,,,-0.0014112666117841455,-0.2400000000000091,0.0014112666117841455,3046
5,0.30000000000000293,2.3000000000000043,60,0,0.0,0.0,-1.0,,,-0.0014112666117841455,-0.2400000000000091,0.0014112666117841455,3047
5,0.30000000000000293,2.400000000000005,60,0,0.0,0.0,-1.0,,,-0.0014112666117841455,-0.2400000000000091,0.0014112666117841455,3048
5,0.30000000000000293,2.5000000000000053,60,0,0.0,0.0,-1.0,,,-0.0014112666117841455,-0.2400000000000091,0.0014112666117841455,3049
5,0.30000000000000293,2.600000000000005,60,0,0.0,0.0,-1.0,,,-0.0014112666117841455,-0.2400000000000091,0.0014112666117841455,3050
5,0.30000000000000293,2.7000000000000046,60,0,0.0,0.0,-1.0,,,-0.0014112666117841455,-0.2400000000000091,0.0014112666117841455,3051
5,0.30000000000000293,2.800000000000005,60,0,0.0,0.0,-1.0,,,-0.0014112666117841455,-0.2400000000000091,0.0014112666117841455,3052
5,0.30000000000000293,2.9000000000000057,60,0,0.0,0.0,-1.0,,,-0.0014112666117841455,-0.2400000000000091,0.0014112666117841455,3053
5,0.30000000000000293,3.0000000000000053,60,0,0.0,0.0,-1.0,,,-0.0014112666117841455,-0.2400000000000091,0.0014112666117841455,3054
5,0.400000000000003,2.0000000000000044,60,0,0.0,0.0,-1.0,,,-0.0014112666117841455,-0.2400000000000091,0.0014112666117841455,3055
5,0.400000000000003,2.100000000000005,60,0,0.0,0.0,-1.0,,,-0.0014112666117841455,-0.2400000000000091,0.0014112666117841455,3056
5,0.400000000000003,2.2000000000000046,60,0,0.0,0.0,-1.0,,,-0.0014112666117841455,-0.2400000000000091,0.0014112666117841455,3057
5,0.400000000000003,2.3000000000000043,60,0,0.0,0.0,-1.0,,,-0.0014112666117841455,-0.2400000000000091,0.0014112666117841455,3058
5,0.400000000000003,2.400000000000005,60,0,0.0,0.0,-1.0,,,-0.0014112666117841455,-0.2400000000000091,0.0014112666117841455,3059
5,0.400000000000003,2.5000000000000053,60,0,0.0,0.0,-1.0,,,-0.0014112666117841455,-0.2400000000000091,0.0014112666117841455,3060
5,0.400000000000003,2.600000000000005,60,0,0.0,0.0,-1.0,,,-0.0014112666117841455,-0.2400000000000091,0.0014112666117841455,3061
5,0.400000000000003,2.7000000000000046,60,0,0.0,0.0,-1.0,,,-0.0014112666117841455,-0.2400000000000091,0.0014112666117841455,3062
5,0.400000000000003,2.800000000000005,60,0,0.0,0.0,-1.0,,,-0.0014112666117841455,-0.2400000000000091,0.0014112666117841455,3063
5,0.400000000000003,2.9000000000000057,60,0,0.0,0.0,-1.0,,,-0.0014112666117841455,-0.2400000000000091,0.0014112666117841455,3064
5,0.400000000000003,3.0000000000000053,60,0,0.0,0.0,-1.0,,,-0.0014112666117841455,-0.2400000000000091,0.0014112666117841455,3065
5,0.5000000000000031,2.0000000000000044,60,0,0.0,0.0,-1.0,,,-0.0014112666117841455,-0.2400000000000091,0.0014112666117841455,3066
5,0.5000000000000031,2.100000000000005,60,0,0.0,0.0,-1.0,,,-0.0014112666117841455,-0.2400000000000091,0.0014112666117841455,3067
5,0.5000000000000031,2.2000000000000046,60,0,0.0,0.0,-1.0,,,-0.0014112666117841455,-0.2400000000000091,0.0014112666117841455,3068
5,0.5000000000000031,2.3000000000000043,60,0,0.0,0.0,-1.0,,,-0.0014112666117841455,-0.2400000000000091,0.0014112666117841455,3069
5,0.5000000000000031,2.400000000000005,60,0,0.0,0.0,-1.0,,,-0.0014112666117841455,-0.2400000000000091,0.0014112666117841455,3070
5,0.5000000000000031,2.5000000000000053,60,0,0.0,0.0,-1.0,,,-0.0014112666117841455,-0.2400000000000091,0.0014112666117841455,3071
5,0.5000000000000031,2.600000000000005,60,0,0.0,0.0,-1.0,,,-0.0014112666117841455,-0.2400000000000091,0.0014112666117841455,3072
5,0.5000000000000031,2.7000000000000046,60,0,0.0,0.0,-1.0,,,-0.0014112666117841455,-0.2400000000000091,0.0014112666117841455,3073
5,0.5000000000000031,2.800000000000005,60,0,0.0,0.0,-1.0,,,-0.0014112666117841455,-0.2400000000000091,0.0014112666117841455,3074
5,0.5000000000000031,2.9000000000000057,60,0,0.0,0.0,-1.0,,,-0.0014112666117841455,-0.2400000000000091,0.0014112666117841455,3075
5,0.5000000000000031,3.0000000000000053,60,0,0.0,0.0,-1.0,,,-0.0014112666117841455,-0.2400000000000091,0.0014112666117841455,3076
5,0.6000000000000032,2.0000000000000044,60,0,0.0,0.0,-1.0,,,-0.0014112666117841455,-0.2400000000000091,0.0014112666117841455,3077
5,0.6000000000000032,2.100000000000005,60,0,0.0,0.0,-1.0,,,-0.0014112666117841455,-0.2400000000000091,0.0014112666117841455,3078
5,0.6000000000000032,2.2000000000000046,60,0,0.0,0.0,-1.0,,,-0.0014112666117841455,-0.2400000000000091,0.0014112666117841455,3079
5,0.6000000000000032,2.3000000000000043,60,0,0.0,0.0,-1.0,,,-0.0014112666117841455,-0.2400000000000091,0.0014112666117841455,3080
5,0.6000000000000032,2.400000000000005,60,0,0.0,0.0,-1.0,,,-0.0014112666117841455,-0.2400000000000091,0.0014112666117841455,3081
5,0.6000000000000032,2.5000000000000053,60,0,0.0,0.0,-1.0,,,-0.0014112666117841455,-0.2400000000000091,0.0014112666117841455,3082
5,0.6000000000000032,2.600000000000005,60,0,0.0,0.0,-1.0,,,-0.0014112666117841455,-0.2400000000000091,0.0014112666117841455,3083
5,0.6000000000000032,2.7000000000000046,60,0,0.0,0.0,-1.0,,,-0.0014112666117841455,-0.2400000000000091,0.0014112666117841455,3084
5,0.6000000000000032,2.800000000000005,60,0,0.0,0.0,-1.0,,,-0.0014112666117841455,-0.2400000000000091,0.0014112666117841455,3085
5,0.6000000000000032,2.9000000000000057,60,0,0.0,0.0,-1.0,,,-0.0014112666117841455,-0.2400000000000091,0.0014112666117841455,3086
5,0.6000000000000032,3.0000000000000053,60,0,0.0,0.0,-1.0,,,-0.0014112666117841455,-0.2400000000000091,0.0014112666117841455,3087
5,0.7000000000000033,2.0000000000000044,60,0,0.0,0.0,-1.0,,,-0.0014112666117841455,-0.2400000000000091,0.0014112666117841455,3088
5,0.7000000000000033,2.100000000000005,60,0,0.0,0.0,-1.0,,,-0.0014112666117841455,-0.2400000000000091,0.0014112666117841455,3089
5,0.7000000000000033,2.2000000000000046,60,0,0.0,0.0,-1.0,,,-0.0014112666117841455,-0.2400000000000091,0.0014112666117841455,3090
5,0.7000000000000033,2.3000000000000043,60,0,0.0,0.0,-1.0,,,-0.0014112666117841455,-0.2400000000000091,0.0014112666117841455,3091
5,0.7000000000000033,2.400000000000005,60,0,0.0,0.0,-1.0,,,-0.0014112666117841455,-0.2400000000000091,0.0014112666117841455,3092
5,0.7000000000000033,2.5000000000000053,60,0,0.0,0.0,-1.0,,,-0.0014112666117841455,-0.2400000000000091,0.0014112666117841455,3093
5,0.7000000000000033,2.600000000000005,60,0,0.0,0.0,-1.0,,,-0.0014112666117841455,-0.2400000000000091,0.0014112666117841455,3094
5,0.7000000000000033,2.7000000000000046,60,0,0.0,0.0,-1.0,,,-0.0014112666117841455,-0.2400000000000091,0.0014112666117841455,3095
5,0.7000000000000033,2.800000000000005,60,0,0.0,0.0,-1.0,,,-0.0014112666117841455,-0.2400000000000091,0.0014112666117841455,3096
5,0.7000000000000033,2.9000000000000057,60,0,0.0,0.0,-1.0,,,-0.0014112666117841455,-0.2400000000000091,0.0014112666117841455,3097
5,0.7000000000000033,3.0000000000000053,60,0,0.0,0.0,-1.0,,,-0.0014112666117841455,-0.2400000000000091,0.0014112666117841455,3098
5,0.8000000000000034,2.0000000000000044,60,0,0.0,0.0,-1.0,,,-0.0014112666117841455,-0.2400000000000091,0.0014112666117841455,3099
5,0.8000000000000034,2.100000000000005,60,0,0.0,0.0,-1.0,,,-0.0014112666117841455,-0.2400000000000091,0.0014112666117841455,3100
5,0.8000000000000034,2.2000000000000046,60,0,0.0,0.0,-1.0,,,-0.0014112666117841455,-0.2400000000000091,0.0014112666117841455,3101
5,0.8000000000000034,2.3000000000000043,60,0,0.0,0.0,-1.0,,,-0.0014112666117841455,-0.2400000000000091,0.0014112666117841455,3102
5,0.8000000000000034,2.400000000000005,60,0,0.0,0.0,-1.0,,,-0.0014112666117841455,-0.2400000000000091,0.0014112666117841455,3103
5,0.8000000000000034,2.5000000000000053,60,0,0.0,0.0,-1.0,,,-0.0014112666117841455,-0.2400000000000091,0.0014112666117841455,3104
5,0.8000000000000034,2.600000000000005,60,0,0.0,0.0,-1.0,,,-0.0014112666117841455,-0.2400000000000091,0.0014112666117841455,3105
5,0.8000000000000034,2.7000000000000046,60,0,0.0,0.0,-1.0,,,-0.0014112666117841455,-0.2400000000000091,0.0014112666117841455,3106
5,0.8000000000000034,2.800000000000005,60,0,0.0,0.0,-1.0,,,-0.0014112666117841455,-0.2400000000000091,0.0014112666117841455,3107
5,0.8000000000000034,2.9000000000000057,60,0,0.0,0.0,-1.0,,,-0.0014112666117841455,-0.2400000000000091,0.0014112666117841455,3108
5,0.8000000000000034,3.0000000000000053,60,0,0.0,0.0,-1.0,,,-0.0014112666117841455,-0.2400000000000091,0.0014112666117841455,3109
5,0.9000000000000035,2.0000000000000044,60,0,0.0,0.0,-1.0,,,-0.0014112666117841455,-0.2400000000000091,0.0014112666117841455,3110
5,0.9000000000000035,2.100000000000005,60,0,0.0,0.0,-1.0,,,-0.0014112666117841455,-0.2400000000000091,0.0014112666117841455,3111
5,0.9000000000000035,2.2000000000000046,60,0,0.0,0.0,-1.0,,,-0.0014112666117841455,-0.2400000000000091,0.0014112666117841455,3112
5,0.9000000000000035,2.3000000000000043,60,0,0.0,0.0,-1.0,,,-0.0014112666117841455,-0.2400000000000091,0.0014112666117841455,3113
5,0.9000000000000035,2.400000000000005,60,0,0.0,0.0,-1.0,,,-0.0014112666117841455,-0.2400000000000091,0.0014112666117841455,3114
5,0.9000000000000035,2.5000000000000053,60,0,0.0,0.0,-1.0,,,-0.0014112666117841455,-0.2400000000000091,0.0014112666117841455,3115
5,0.9000000000000035,2.600000000000005,60,0,0.0,0.0,-1.0,,,-0.0014112666117841455,-0.2400000000000091,0.0014112666117841455,3116
5,0.9000000000000035,2.7000000000000046,60,0,0.0,0.0,-1.0,,,-0.0014112666117841455,-0.2400000000000091,0.0014112666117841455,3117
5,0.9000000000000035,2.800000000000005,60,0,0.0,0.0,-1.0,,,-0.0014112666117841455,-0.2400000000000091,0.0014112666117841455,3118
5,0.9000000000000035,2.9000000000000057,60,0,0.0,0.0,-1.0,,,-0.0014112666117841455,-0.2400000000000091,0.0014112666117841455,3119
5,0.9000000000000035,3.0000000000000053,60,0,0.0,0.0,-1.0,,,-0.0014112666117841455,-0.2400000000000091,0.0014112666117841455,3120
5,1.0000000000000036,2.0000000000000044,60,0,0.0,0.0,-1.0,,,-0.0014112666117841455,-0.2400000000000091,0.0014112666117841455,3121
5,1.0000000000000036,2.100000000000005,60,0,0.0,0.0,-1.0,,,-0.0014112666117841455,-0.2400000000000091,0.0014112666117841455,3122
5,1.0000000000000036,2.2000000000000046,60,0,0.0,0.0,-1.0,,,-0.0014112666117841455,-0.2400000000000091,0.0014112666117841455,3123
5,1.0000000000000036,2.3000000000000043,60,0,0.0,0.0,-1.0,,,-0.0014112666117841455,-0.2400000000000091,0.0014112666117841455,3124
5,1.0000000000000036,2.400000000000005,60,0,0.0,0.0,-1.0,,,-0.0014112666117841455,-0.2400000000000091,0.0014112666117841455,3125
5,1.0000000000000036,2.5000000000000053,60,0,0.0,0.0,-1.0,,,-0.0014112666117841455,-0.2400000000000091,0.0014112666117841455,3126
5,1.0000000000000036,2.600000000000005,60,0,0.0,0.0,-1.0,,,-0.0014112666117841455,-0.2400000000000091,0.0014112666117841455,3127
5,1.0000000000000036,2.7000000000000046,60,0,0.0,0.0,-1.0,,,-0.0014112666117841455,-0.2400000000000091,0.0014112666117841455,3128
5,1.0000000000000036,2.800000000000005,60,0,0.0,0.0,-1.0,,,-0.0014112666117841455,-0.2400000000000091,0.0014112666117841455,3129
5,1.0000000000000036,2.9000000000000057,60,0,0.0,0.0,-1.0,,,-0.0014112666117841455,-0.2400000000000091,0.0014112666117841455,3130
5,1.0000000000000036,3.0000000000000053,60,0,0.0,0.0,-1.0,,,-0.0014112666117841455,-0.2400000000000091,0.0014112666117841455,3131
5,1.1000000000000032,2.0000000000000044,60,0,0.0,0.0,-1.0,,,-0.0014112666117841455,-0.2400000000000091,0.0014112666117841455,3132
5,1.1000000000000032,2.100000000000005,60,0,0.0,0.0,-1.0,,,-0.0014112666117841455,-0.2400000000000091,0.0014112666117841455,3133
5,1.1000000000000032,2.2000000000000046,60,0,0.0,0.0,-1.0,,,-0.0014112666117841455,-0.2400000000000091,0.0014112666117841455,3134
5,1.1000000000000032,2.3000000000000043,60,0,0.0,0.0,-1.0,,,-0.0014112666117841455,-0.2400000000000091,0.0014112666117841455,3135
5,1.1000000000000032,2.400000000000005,60,0,0.0,0.0,-1.0,,,-0.0014112666117841455,-0.2400000000000091,0.0014112666117841455,3136
5,1.1000000000000032,2.5000000000000053,60,0,0.0,0.0,-1.0,,,-0.0014112666117841455,-0.2400000000000091,0.0014112666117841455,3137
5,1.1000000000000032,2.600000000000005,60,0,0.0,0.0,-1.0,,,-0.0014112666117841455,-0.2400000000000091,0.0014112666117841455,3138
5,1.1000000000000032,2.7000000000000046,60,0,0.0,0.0,-1.0,,,-0.0014112666117841455,-0.2400000000000091,0.0014112666117841455,3139
5,1.1000000000000032,2.800000000000005,60,0,0.0,0.0,-1.0,,,-0.0014112666117841455,-0.2400000000000091,0.0014112666117841455,3140
5,1.1000000000000032,2.9000000000000057,60,0,0.0,0.0,-1.0,,,-0.0014112666117841455,-0.2400000000000091,0.0014112666117841455,3141
5,1.1000000000000032,3.0000000000000053,60,0,0.0,0.0,-1.0,,,-0.0014112666117841455,-0.2400000000000091,0.0014112666117841455,3142
5,1.2000000000000037,2.0000000000000044,60,0,0.0,0.0,-1.0,,,-0.0014112666117841455,-0.2400000000000091,0.0014112666117841455,3143
5,1.2000000000000037,2.100000000000005,60,0,0.0,0.0,-1.0,,,-0.0014112666117841455,-0.2400000000000091,0.0014112666117841455,3144
5,1.2000000000000037,2.2000000000000046,60,0,0.0,0.0,-1.0,,,-0.0014112666117841455,-0.2400000000000091,0.0014112666117841455,3145
5,1.2000000000000037,2.3000000000000043,60,0,0.0,0.0,-1.0,,,-0.0014112666117841455,-0.2400000000000091,0.0014112666117841455,3146
5,1.2000000000000037,2.400000000000005,60,0,0.0,0.0,-1.0,,,-0.0014112666117841455,-0.2400000000000091,0.0014112666117841455,3147
5,1.2000000000000037,2.5000000000000053,60,0,0.0,0.0,-1.0,,,-0.0014112666117841455,-0.2400000000000091,0.0014112666117841455,3148
5,1.2000000000000037,2.600000000000005,60,0,0.0,0.0,-1.0,,,-0.0014112666117841455,-0.2400000000000091,0.0014112666117841455,3149
5,1.2000000000000037,2.7000000000000046,60,0,0.0,0.0,-1.0,,,-0.0014112666117841455,-0.2400000000000091,0.0014112666117841455,3150
5,1.2000000000000037,2.800000000000005,60,0,0.0,0.0,-1.0,,,-0.0014112666117841455,-0.2400000000000091,0.0014112666117841455,3151
5,1.2000000000000037,2.9000000000000057,60,0,0.0,0.0,-1.0,,,-0.0014112666117841455,-0.2400000000000091,0.0014112666117841455,3152
5,1.2000000000000037,3.0000000000000053,60,0,0.0,0.0,-1.0,,,-0.0014112666117841455,-0.2400000000000091,0.0014112666117841455,3153
5,1.3000000000000043,2.0000000000000044,60,0,0.0,0.0,-1.0,,,-0.0014112666117841455,-0.2400000000000091,0.0014112666117841455,3154
5,1.3000000000000043,2.100000000000005,60,0,0.0,0.0,-1.0,,,-0.0014112666117841455,-0.2400000000000091,0.0014112666117841455,3155
5,1.3000000000000043,2.2000000000000046,60,0,0.0,0.0,-1.0,,,-0.0014112666117841455,-0.2400000000000091,0.0014112666117841455,3156
5,1.3000000000000043,2.3000000000000043,60,0,0.0,0.0,-1.0,,,-0.0014112666117841455,-0.2400000000000091,0.0014112666117841455,3157
5,1.3000000000000043,2.400000000000005,60,0,0.0,0.0,-1.0,,,-0.0014112666117841455,-0.2400000000000091,0.0014112666117841455,3158
5,1.3000000000000043,2.5000000000000053,60,0,0.0,0.0,-1.0,,,-0.0014112666117841455,-0.2400000000000091,0.0014112666117841455,3159
5,1.3000000000000043,2.600000000000005,60,0,0.0,0.0,-1.0,,,-0.0014112666117841455,-0.2400000000000091,0.0014112666117841455,3160
5,1.3000000000000043,2.7000000000000046,60,0,0.0,0.0,-1.0,,,-0.0014112666117841455,-0.2400000000000091,0.0014112666117841455,3161
5,1.3000000000000043,2.800000000000005,60,0,0.0,0.0,-1.0,,,-0.0014112666117841455,-0.2400000000000091,0.0014112666117841455,3162
5,1.3000000000000043,2.9000000000000057,60,0,0.0,0.0,-1.0,,,-0.0014112666117841455,-0.2400000000000091,0.0014112666117841455,3163
5,1.3000000000000043,3.0000000000000053,60,0,0.0,0.0,-1.0,,,-0.0014112666117841455,-0.2400000000000091,0.0014112666117841455,3164
5,1.400000000000004,2.0000000000000044,60,0,0.0,0.0,-1.0,,,-0.0014112666117841455,-0.2400000000000091,0.0014112666117841455,3165
5,1.400000000000004,2.100000000000005,60,0,0.0,0.0,-1.0,,,-0.0014112666117841455,-0.2400000000000091,0.0014112666117841455,3166
5,1.400000000000004,2.2000000000000046,60,0,0.0,0.0,-1.0,,,-0.0014112666117841455,-0.2400000000000091,0.0014112666117841455,3167
5,1.400000000000004,2.3000000000000043,60,0,0.0,0.0,-1.0,,,-0.0014112666117841455,-0.2400000000000091,0.0014112666117841455,3168
5,1.400000000000004,2.400000000000005,60,0,0.0,0.0,-1.0,,,-0.0014112666117841455,-0.2400000000000091,0.0014112666117841455,3169
5,1.400000000000004,2.5000000000000053,60,0,0.0,0.0,-1.0,,,-0.0014112666117841455,-0.2400000000000091,0.0014112666117841455,3170
5,1.400000000000004,2.600000000000005,60,0,0.0,0.0,-1.0,,,-0.0014112666117841455,-0.2400000000000091,0.0014112666117841455,3171
5,1.400000000000004,2.7000000000000046,60,0,0.0,0.0,-1.0,,,-0.0014112666117841455,-0.2400000000000091,0.0014112666117841455,3172
5,1.400000000000004,2.800000000000005,60,0,0.0,0.0,-1.0,,,-0.0014112666117841455,-0.2400000000000091,0.0014112666117841455,3173
5,1.400000000000004,2.9000000000000057,60,0,0.0,0.0,-1.0,,,-0.0014112666117841455,-0.2400000000000091,0.0014112666117841455,3174
5,1.400000000000004,3.0000000000000053,60,0,0.0,0.0,-1.0,,,-0.0014112666117841455,-0.2400000000000091,0.0014112666117841455,3175
5,1.5000000000000036,2.0000000000000044,60,0,0.0,0.0,-1.0,,,-0.0014112666117841455,-0.2400000000000091,0.0014112666117841455,3176
5,1.5000000000000036,2.100000000000005,60,0,0.0,0.0,-1.0,,,-0.0014112666117841455,-0.2400000000000091,0.0014112666117841455,3177
5,1.5000000000000036,2.2000000000000046,60,0,0.0,0.0,-1.0,,,-0.0014112666117841455,-0.2400000000000091,0.0014112666117841455,3178
5,1.5000000000000036,2.3000000000000043,60,0,0.0,0.0,-1.0,,,-0.0014112666117841455,-0.2400000000000091,0.0014112666117841455,3179
5,1.5000000000000036,2.400000000000005,60,0,0.0,0.0,-1.0,,,-0.0014112666117841455,-0.2400000000000091,0.0014112666117841455,3180
5,1.5000000000000036,2.5000000000000053,60,0,0.0,0.0,-1.0,,,-0.0014112666117841455,-0.2400000000000091,0.0014112666117841455,3181
5,1.5000000000000036,2.600000000000005,60,0,0.0,0.0,-1.0,,,-0.0014112666117841455,-0.2400000000000091,0.0014112666117841455,3182
5,1.5000000000000036,2.7000000000000046,60,0,0.0,0.0,-1.0,,,-0.0014112666117841455,-0.2400000000000091,0.0014112666117841455,3183
5,1.5000000000000036,2.800000000000005,60,0,0.0,0.0,-1.0,,,-0.0014112666117841455,-0.2400000000000091,0.0014112666117841455,3184
5,1.5000000000000036,2.9000000000000057,60,0,0.0,0.0,-1.0,,,-0.0014112666117841455,-0.2400000000000091,0.0014112666117841455,3185
5,1.5000000000000036,3.0000000000000053,60,0,0.0,0.0,-1.0,,,-0.0014112666117841455,-0.2400000000000091,0.0014112666117841455,3186
5,1.600000000000004,2.0000000000000044,60,0,0.0,0.0,-1.0,,,-0.0014112666117841455,-0.2400000000000091,0.0014112666117841455,3187
5,1.600000000000004,2.100000000000005,60,0,0.0,0.0,-1.0,,,-0.0014112666117841455,-0.2400000000000091,0.0014112666117841455,3188
5,1.600000000000004,2.2000000000000046,60,0,0.0,0.0,-1.0,,,-0.0014112666117841455,-0.2400000000000091,0.0014112666117841455,3189
5,1.600000000000004,2.3000000000000043,60,0,0.0,0.0,-1.0,,,-0.0014112666117841455,-0.2400000000000091,0.0014112666117841455,3190
5,1.600000000000004,2.400000000000005,60,0,0.0,0.0,-1.0,,,-0.0014112666117841455,-0.2400000000000091,0.0014112666117841455,3191
5,1.600000000000004,2.5000000000000053,60,0,0.0,0.0,-1.0,,,-0.0014112666117841455,-0.2400000000000091,0.0014112666117841455,3192
5,1.600000000000004,2.600000000000005,60,0,0.0,0.0,-1.0,,,-0.0014112666117841455,-0.2400000000000091,0.0014112666117841455,3193
5,1.600000000000004,2.7000000000000046,60,0,0.0,0.0,-1.0,,,-0.0014112666117841455,-0.2400000000000091,0.0014112666117841455,3194
5,1.600000000000004,2.800000000000005,60,0,0.0,0.0,-1.0,,,-0.0014112666117841455,-0.2400000000000091,0.0014112666117841455,3195
5,1.600000000000004,2.9000000000000057,60,0,0.0,0.0,-1.0,,,-0.0014112666117841455,-0.2400000000000091,0.0014112666117841455,3196
5,1.600000000000004,3.0000000000000053,60,0,0.0,0.0,-1.0,,,-0.0014112666117841455,-0.2400000000000091,0.0014112666117841455,3197
5,1.7000000000000046,2.0000000000000044,60,0,0.0,0.0,-1.0,,,-0.0014112666117841455,-0.2400000000000091,0.0014112666117841455,3198
5,1.7000000000000046,2.100000000000005,60,0,0.0,0.0,-1.0,,,-0.0014112666117841455,-0.2400000000000091,0.0014112666117841455,3199
5,1.7000000000000046,2.2000000000000046,60,0,0.0,0.0,-1.0,,,-0.0014112666117841455,-0.2400000000000091,0.0014112666117841455,3200
5,1.7000000000000046,2.3000000000000043,60,0,0.0,0.0,-1.0,,,-0.0014112666117841455,-0.2400000000000091,0.0014112666117841455,3201
5,1.7000000000000046,2.400000000000005,60,0,0.0,0.0,-1.0,,,-0.0014112666117841455,-0.2400000000000091,0.0014112666117841455,3202
5,1.7000000000000046,2.5000000000000053,60,0,0.0,0.0,-1.0,,,-0.0014112666117841455,-0.2400000000000091,0.0014112666117841455,3203
5,1.7000000000000046,2.600000000000005,60,0,0.0,0.0,-1.0,,,-0.0014112666117841455,-0.2400000000000091,0.0014112666117841455,3204
5,1.7000000000000046,2.7000000000000046,60,0,0.0,0.0,-1.0,,,-0.0014112666117841455,-0.2400000000000091,0.0014112666117841455,3205
5,1.7000000000000046,2.800000000000005,60,0,0.0,0.0,-1.0,,,-0.0014112666117841455,-0.2400000000000091,0.0014112666117841455,3206
5,1.7000000000000046,2.9000000000000057,60,0,0.0,0.0,-1.0,,,-0.0014112666117841455,-0.2400000000000091,0.0014112666117841455,3207
5,1.7000000000000046,3.0000000000000053,60,0,0.0,0.0,-1.0,,,-0.0014112666117841455,-0.2400000000000091,0.0014112666117841455,3208
5,1.8000000000000043,2.0000000000000044,60,0,0.0,0.0,-1.0,,,-0.0014112666117841455,-0.2400000000000091,0.0014112666117841455,3209
5,1.8000000000000043,2.100000000000005,60,0,0.0,0.0,-1.0,,,-0.0014112666117841455,-0.2400000000000091,0.0014112666117841455,3210
5,1.8000000000000043,2.2000000000000046,60,0,0.0,0.0,-1.0,,,-0.0014112666117841455,-0.2400000000000091,0.0014112666117841455,3211
5,1.8000000000000043,2.3000000000000043,60,0,0.0,0.0,-1.0,,,-0.0014112666117841455,-0.2400000000000091,0.0014112666117841455,3212
5,1.8000000000000043,2.400000000000005,60,0,0.0,0.0,-1.0,,,-0.0014112666117841455,-0.2400000000000091,0.0014112666117841455,3213
5,1.8000000000000043,2.5000000000000053,60,0,0.0,0.0,-1.0,,,-0.0014112666117841455,-0.2400000000000091,0.0014112666117841455,3214
5,1.8000000000000043,2.600000000000005,60,0,0.0,0.0,-1.0,,,-0.0014112666117841455,-0.2400000000000091,0.0014112666117841455,3215
5,1.8000000000000043,2.7000000000000046,60,0,0.0,0.0,-1.0,,,-0.0014112666117841455,-0.2400000000000091,0.0014112666117841455,3216
5,1.8000000000000043,2.800000000000005,60,0,0.0,0.0,-1.0,,,-0.0014112666117841455,-0.2400000000000091,0.0014112666117841455,3217
5,1.8000000000000043,2.9000000000000057,60,0,0.0,0.0,-1.0,,,-0.0014112666117841455,-0.2400000000000091,0.0014112666117841455,3218
5,1.8000000000000043,3.0000000000000053,60,0,0.0,0.0,-1.0,,,-0.0014112666117841455,-0.2400000000000091,0.0014112666117841455,3219
5,1.900000000000004,2.0000000000000044,60,0,0.0,0.0,-1.0,,,-0.0014112666117841455,-0.2400000000000091,0.0014112666117841455,3220
5,1.900000000000004,2.100000000000005,60,0,0.0,0.0,-1.0,,,-0.0014112666117841455,-0.2400000000000091,0.0014112666117841455,3221
5,1.900000000000004,2.2000000000000046,60,0,0.0,0.0,-1.0,,,-0.0014112666117841455,-0.2400000000000091,0.0014112666117841455,3222
5,1.900000000000004,2.3000000000000043,60,0,0.0,0.0,-1.0,,,-0.0014112666117841455,-0.2400000000000091,0.0014112666117841455,3223
5,1.900000000000004,2.400000000000005,60,0,0.0,0.0,-1.0,,,-0.0014112666117841455,-0.2400000000000091,0.0014112666117841455,3224
5,1.900000000000004,2.5000000000000053,60,0,0.0,0.0,-1.0,,,-0.0014112666117841455,-0.2400000000000091,0.0014112666117841455,3225
5,1.900000000000004,2.600000000000005,60,0,0.0,0.0,-1.0,,,-0.0014112666117841455,-0.2400000000000091,0.0014112666117841455,3226
5,1.900000000000004,2.7000000000000046,60,0,0.0,0.0,-1.0,,,-0.0014112666117841455,-0.2400000000000091,0.0014112666117841455,3227
5,1.900000000000004,2.800000000000005,60,0,0.0,0.0,-1.0,,,-0.0014112666117841455,-0.2400000000000091,0.0014112666117841455,3228
5,1.900000000000004,2.9000000000000057,60,0,0.0,0.0,-1.0,,,-0.0014112666117841455,-0.2400000000000091,0.0014112666117841455,3229
5,1.900000000000004,3.0000000000000053,60,0,0.0,0.0,-1.0,,,-0.0014112666117841455,-0.2400000000000091,0.0014112666117841455,3230
5,2.0000000000000044,-3.0,60,0,0.0,0.0,-1.0,,,-0.0014112666117841455,-0.2400000000000091,0.0014112666117841455,3231
5,2.0000000000000044,-2.9,60,0,0.0,0.0,-1.0,,,-0.0014112666117841455,-0.2400000000000091,0.0014112666117841455,3232
5,2.0000000000000044,-2.8,60,0,0.0,0.0,-1.0,,,-0.0014112666117841455,-0.2400000000000091,0.0014112666117841455,3233
5,2.0000000000000044,-2.6999999999999997,60,0,0.0,0.0,-1.0,,,-0.0014112666117841455,-0.2400000000000091,0.0014112666117841455,3234
5,2.0000000000000044,-2.5999999999999996,60,0,0.0,0.0,-1.0,,,-0.0014112666117841455,-0.2400000000000091,0.0014112666117841455,3235
5,2.0000000000000044,-2.4999999999999996,60,0,0.0,0.0,-1.0,,,-0.0014112666117841455,-0.2400000000000091,0.0014112666117841455,3236
5,2.0000000000000044,-2.3999999999999995,60,0,0.0,0.0,-1.0,,,-0.0014112666117841455,-0.2400000000000091,0.0014112666117841455,3237
5,2.0000000000000044,-2.2999999999999994,60,0,0.0,0.0,-1.0,,,-0.0014112666117841455,-0.2400000000000091,0.0014112666117841455,3238
5,2.0000000000000044,-2.1999999999999993,60,0,0.0,0.0,-1.0,,,-0.0014112666117841455,-0.2400000000000091,0.0014112666117841455,3239
5,2.0000000000000044,-2.099999999999999,60,0,0.0,0.0,-1.0,,,-0.0014112666117841455,-0.2400000000000091,0.0014112666117841455,3240
5,2.0000000000000044,-1.9999999999999991,60,0,0.0,0.0,-1.0,,,-0.0014112666117841455,-0.2400000000000091,0.0014112666117841455,3241
5,2.0000000000000044,-1.899999999999999,60,0,0.0,0.0,-1.0,,,-0.0014112666117841455,-0.2400000000000091,0.0014112666117841455,3242
5,2.0000000000000044,-1.799999999999999,60,0,0.0,0.0,-1.0,,,-0.0014112666117841455,-0.2400000000000091,0.0014112666117841455,3243
5,2.0000000000000044,-1.6999999999999988,60,0,0.0,0.0,-1.0,,,-0.0014112666117841455,-0.2400000000000091,0.0014112666117841455,3244
5,2.0000000000000044,-1.5999999999999988,60,0,0.0,0.0,-1.0,,,-0.0014112666117841455,-0.2400000000000091,0.0014112666117841455,3245
5,2.0000000000000044,-1.4999999999999987,60,0,0.0,0.0,-1.0,,,-0.0014112666117841455,-0.2400000000000091,0.0014112666117841455,3246
5,2.0000000000000044,-1.3999999999999986,60,0,0.0,0.0,-1.0,,,-0.0014112666117841455,-0.2400000000000091,0.0014112666117841455,3247
5,2.0000000000000044,-1.2999999999999985,60,0,0.0,0.0,-1.0,,,-0.0014112666117841455,-0.2400000000000091,0.0014112666117841455,3248
5,2.0000000000000044,-1.1999999999999984,60,0,0.0,0.0,-1.0,,,-0.0014112666117841455,-0.2400000000000091,0.0014112666117841455,3249
5,2.0000000000000044,-1.0999999999999983,60,0,0.0,0.0,-1.0,,,-0.0014112666117841455,-0.2400000000000091,0.0014112666117841455,3250
5,2.0000000000000044,-0.9999999999999982,60,0,0.0,0.0,-1.0,,,-0.0014112666117841455,-0.2400000000000091,0.0014112666117841455,3251
5,2.0000000000000044,-0.8999999999999981,60,0,0.0,0.0,-1.0,,,-0.0014112666117841455,-0.2400000000000091,0.0014112666117841455,3252
5,2.0000000000000044,-0.799999999999998,60,0,0.0,0.0,-1.0,,,-0.0014112666117841455,-0.2400000000000091,0.0014112666117841455,3253
5,2.0000000000000044,-0.699999999999998,60,0,0.0,0.0,-1.0,,,-0.0014112666117841455,-0.2400000000000091,0.0014112666117841455,3254
5,2.0000000000000044,-0.5999999999999979,60,0,0.0,0.0,-1.0,,,-0.0014112666117841455,-0.2400000000000091,0.0014112666117841455,3255
5,2.0000000000000044,-0.4999999999999978,60,0,0.0,0.0,-1.0,,,-0.0014112666117841455,-0.2400000000000091,0.0014112666117841455,3256
5,2.0000000000000044,-0.3999999999999977,60,0,0.0,0.0,-1.0,,,-0.0014112666117841455,-0.2400000000000091,0.0014112666117841455,3257
5,2.0000000000000044,-0.2999999999999976,60,0,0.0,0.0,-1.0,,,-0.0014112666117841455,-0.2400000000000091,0.0014112666117841455,3258
5,2.0000000000000044,-0.1999999999999975,60,0,0.0,0.0,-1.0,,,-0.0014112666117841455,-0.2400000000000091,0.0014112666117841455,3259
5,2.0000000000000044,-0.09999999999999742,60,0,0.0,0.0,-1.0,,,-0.0014112666117841455,-0.2400000000000091,0.0014112666117841455,3260
5,2.0000000000000044,2.6645352591003757e-15,60,0,0.0,0.0,-1.0,,,-0.0014112666117841455,-0.2400000000000091,0.0014112666117841455,3261
5,2.0000000000000044,0.10000000000000275,60,0,0.0,0.0,-1.0,,,-0.0014112666117841455,-0.2400000000000091,0.0014112666117841455,3262
5,2.0000000000000044,0.20000000000000284,60,0,0.0,0.0,-1.0,,,-0.0014112666117841455,-0.2400000000000091,0.0014112666117841455,3263
5,2.0000000000000044,0.30000000000000293,60,0,0.0,0.0,-1.0,,,-0.0014112666117841455,-0.2400000000000091,0.0014112666117841455,3264
5,2.0000000000000044,0.400000000000003,60,0,0.0,0.0,-1.0,,,-0.0014112666117841455,-0.2400000000000091,0.0014112666117841455,3265
5,2.0000000000000044,0.5000000000000031,60,0,0.0,0.0,-1.0,,,-0.0014112666117841455,-0.2400000000000091,0.0014112666117841455,3266
5,2.0000000000000044,0.6000000000000032,60,0,0.0,0.0,-1.0,,,-0.0014112666117841455,-0.2400000000000091,0.0014112666117841455,3267
5,2.0000000000000044,0.7000000000000033,60,0,0.0,0.0,-1.0,,,-0.0014112666117841455,-0.2400000000000091,0.0014112666117841455,3268
5,2.0000000000000044,0.8000000000000034,60,0,0.0,0.0,-1.0,,,-0.0014112666117841455,-0.2400000000000091,0.0014112666117841455,3269
5,2.0000000000000044,0.9000000000000035,60,0,0.0,0.0,-1.0,,,-0.0014112666117841455,-0.2400000000000091,0.0014112666117841455,3270
5,2.0000000000000044,1.0000000000000036,60,0,0.0,0.0,-1.0,,,-0.0014112666117841455,-0.2400000000000091,0.0014112666117841455,3271
5,2.0000000000000044,1.1000000000000032,60,0,0.0,0.0,-1.0,,,-0.0014112666117841455,-0.2400000000000091,0.0014112666117841455,3272
5,2.0000000000000044,1.2000000000000037,60,0,0.0,0.0,-1.0,,,-0.0014112666117841455,-0.2400000000000091,0.0014112666117841455,3273
5,2.0000000000000044,1.3000000000000043,60,0,0.0,0.0,-1.0,,,-0.0014112666117841455,-0.2400000000000091,0.0014112666117841455,3274
5,2.0000000000000044,1.400000000000004,60,0,0.0,0.0,-1.0,,,-0.0014112666117841455,-0.2400000000000091,0.0014112666117841455,3275
5,2.0000000000000044,1.5000000000000036,60,0,0.0,0.0,-1.0,,,-0.0014112666117841455,-0.2400000000000091,0.0014112666117841455,3276
5,2.0000000000000044,1.600000000000004,60,0,0.0,0.0,-1.0,,,-0.0014112666117841455,-0.2400000000000091,0.0014112666117841455,3277
5,2.0000000000000044,1.7000000000000046,60,0,0.0,0.0,-1.0,,,-0.0014112666117841455,-0.2400000000000091,0.0014112666117841455,3278
5,2.0000000000000044,1.8000000000000043,60,0,0.0,0.0,-1.0,,,-0.0014112666117841455,-0.2400000000000091,0.0014112666117841455,3279
5,2.0000000000000044,1.900000000000004,60,0,0.0,0.0,-1.0,,,-0.0014112666117841455,-0.2400000000000091,0.0014112666117841455,3280
5,2.0000000000000044,2.0000000000000044,60,0,0.0,0.0,-1.0,,,-0.0014112666117841455,-0.2400000000000091,0.0014112666117841455,3281
5,2.0000000000000044,2.100000000000005,60,0,0.0,0.0,-1.0,,,-0.0014112666117841455,-0.2400000000000091,0.0014112666117841455,3282
5,2.0000000000000044,2.2000000000000046,60,0,0.0,0.0,-1.0,,,-0.0014112666117841455,-0.2400000000000091,0.0014112666117841455,3283
5,2.0000000000000044,2.3000000000000043,60,0,0.0,0.0,-1.0,,,-0.0014112666117841455,-0.2400000000000091,0.0014112666117841455,3284
5,2.0000000000000044,2.400000000000005,60,0,0.0,0.0,-1.0,,,-0.0014112666117841455,-0.2400000000000091,0.0014112666117841455,3285
5,2.0000000000000044,2.5000000000000053,60,0,0.0,0.0,-1.0,,,-0.0014112666117841455,-0.2400000000000091,0.0014112666117841455,3286
5,2.0000000000000044,2.600000000000005,60,0,0.0,0.0,-1.0,,,-0.0014112666117841455,-0.2400000000000091,0.0014112666117841455,3287
5,2.0000000000000044,2.7000000000000046,60,0,0.0,0.0,-1.0,,,-0.0014112666117841455,-0.2400000000000091,0.0014112666117841455,3288
5,2.0000000000000044,2.800000000000005,60,0,0.0,0.0,-1.0,,,-0.0014112666117841455,-0.2400000000000091,0.0014112666117841455,3289
5,2.0000000000000044,2.9000000000000057,60,0,0.0,0.0,-1.0,,,-0.0014112666117841455,-0.2400000000000091,0.0014112666117841455,3290
5,2.0000000000000044,3.0000000000000053,60,0,0.0,0.0,-1.0,,,-0.0014112666117841455,-0.2400000000000091,0.0014112666117841455,3291
5,2.100000000000005,-3.0,60,0,0.0,0.0,-1.0,,,-0.0014112666117841455,-0.2400000000000091,0.0014112666117841455,3292
5,2.100000000000005,-2.9,60,0,0.0,0.0,-1.0,,,-0.0014112666117841455,-0.2400000000000091,0.0014112666117841455,3293
5,2.100000000000005,-2.8,60,0,0.0,0.0,-1.0,,,-0.0014112666117841455,-0.2400000000000091,0.0014112666117841455,3294
5,2.100000000000005,-2.6999999999999997,60,0,0.0,0.0,-1.0,,,-0.0014112666117841455,-0.2400000000000091,0.0014112666117841455,3295
5,2.100000000000005,-2.5999999999999996,60,0,0.0,0.0,-1.0,,,-0.0014112666117841455,-0.2400000000000091,0.0014112666117841455,3296
5,2.100000000000005,-2.4999999999999996,60,0,0.0,0.0,-1.0,,,-0.0014112666117841455,-0.2400000000000091,0.0014112666117841455,3297
5,2.100000000000005,-2.3999999999999995,60,0,0.0,0.0,-1.0,,,-0.0014112666117841455,-0.2400000000000091,0.0014112666117841455,3298
5,2.100000000000005,-2.2999999999999994,60,0,0.0,0.0,-1.0,,,-0.0014112666117841455,-0.2400000000000091,0.0014112666117841455,3299
5,2.100000000000005,-2.1999999999999993,60,0,0.0,0.0,-1.0,,,-0.0014112666117841455,-0.2400000000000091,0.0014112666117841455,3300
5,2.100000000000005,-2.099999999999999,60,0,0.0,0.0,-1.0,,,-0.0014112666117841455,-0.2400000000000091,0.0014112666117841455,3301
5,2.100000000000005,-1.9999999999999991,60,0,0.0,0.0,-1.0,,,-0.0014112666117841455,-0.2400000000000091,0.0014112666117841455,3302
5,2.100000000000005,-1.899999999999999,60,0,0.0,0.0,-1.0,,,-0.0014112666117841455,-0.2400000000000091,0.0014112666117841455,3303
5,2.100000000000005,-1.799999999999999,60,0,0.0,0.0,-1.0,,,-0.0014112666117841455,-0.2400000000000091,0.0014112666117841455,3304
5,2.100000000000005,-1.6999999999999988,60,0,0.0,0.0,-1.0,,,-0.0014112666117841455,-0.2400000000000091,0.0014112666117841455,3305
5,2.100000000000005,-1.5999999999999988,60,0,0.0,0.0,-1.0,,,-0.0014112666117841455,-0.2400000000000091,0.0014112666117841455,3306
5,2.100000000000005,-1.4999999999999987,60,0,0.0,0.0,-1.0,,,-0.0014112666117841455,-0.2400000000000091,0.0014112666117841455,3307
5,2.100000000000005,-1.3999999999999986,60,0,0.0,0.0,-1.0,,,-0.0014112666117841455,-0.2400000000000091,0.0014112666117841455,3308
5,2.100000000000005,-1.2999999999999985,60,0,0.0,0.0,-1.0,,,-0.0014112666117841455,-0.2400000000000091,0.0014112666117841455,3309
5,2.100000000000005,-1.1999999999999984,60,0,0.0,0.0,-1.0,,,-0.0014112666117841455,-0.2400000000000091,0.0014112666117841455,3310
5,2.100000000000005,-1.0999999999999983,60,0,0.0,0.0,-1.0,,,-0.0014112666117841455,-0.2400000000000091,0.0014112666117841455,3311
5,2.100000000000005,-0.9999999999999982,60,0,0.0,0.0,-1.0,,,-0.0014112666117841455,-0.2400000000000091,0.0014112666117841455,3312
5,2.100000000000005,-0.8999999999999981,60,0,0.0,0.0,-1.0,,,-0.0014112666117841455,-0.2400000000000091,0.0014112666117841455,3313
5,2.100000000000005,-0.799999999999998,60,0,0.0,0.0,-1.0,,,-0.0014112666117841455,-0.2400000000000091,0.0014112666117841455,3314
5,2.100000000000005,-0.699999999999998,60,0,0.0,0.0,-1.0,,,-0.0014112666117841455,-0.2400000000000091,0.0014112666117841455,3315
5,2.100000000000005,-0.5999999999999979,60,0,0.0,0.0,-1.0,,,-0.0014112666117841455,-0.2400000000000091,0.0014112666117841455,3316
5,2.100000000000005,-0.4999999999999978,60,0,0.0,0.0,-1.0,,,-0.0014112666117841455,-0.2400000000000091,0.0014112666117841455,3317
5,2.100000000000005,-0.3999999999999977,60,0,0.0,0.0,-1.0,,,-0.0014112666117841455,-0.2400000000000091,0.0014112666117841455,3318
5,2.100000000000005,-0.2999999999999976,60,0,0.0,0.0,-1.0,,,-0.0014112666117841455,-0.2400000000000091,0.0014112666117841455,3319
5,2.100000000000005,-0.1999999999999975,60,0,0.0,0.0,-1.0,,,-0.0014112666117841455,-0.2400000000000091,0.0014112666117841455,3320
5,2.100000000000005,-0.09999999999999742,60,0,0.0,0.0,-1.0,,,-0.0014112666117841455,-0.2400000000000091,0.0014112666117841455,3321
5,2.100000000000005,2.6645352591003757e-15,60,0,0.0,0.0,-1.0,,,-0.0014112666117841455,-0.2400000000000091,0.0014112666117841455,3322
5,2.100000000000005,0.10000000000000275,60,0,0.0,0.0,-1.0,,,-0.0014112666117841455,-0.2400000000000091,0.0014112666117841455,3323
5,2.100000000000005,0.20000000000000284,60,0,0.0,0.0,-1.0,,,-0.0014112666117841455,-0.2400000000000091,0.0014112666117841455,3324
5,2.100000000000005,0.30000000000000293,60,0,0.0,0.0,-1.0,,,-0.0014112666117841455,-0.2400000000000091,0.0014112666117841455,3325
5,2.100000000000005,0.400000000000003,60,0,0.0,0.0,-1.0,,,-0.0014112666117841455,-0.2400000000000091,0.0014112666117841455,3326
5,2.100000000000005,0.5000000000000031,60,0,0.0,0.0,-1.0,,,-0.0014112666117841455,-0.2400000000000091,0.0014112666117841455,3327
5,2.100000000000005,0.6000000000000032,60,0,0.0,0.0,-1.0,,,-0.0014112666117841455,-0.2400000000000091,0.0014112666117841455,3328
5,2.100000000000005,0.7000000000000033,60,0,0.0,0.0,-1.0,,,-0.0014112666117841455,-0.2400000000000091,0.0014112666117841455,3329
5,2.100000000000005,0.8000000000000034,60,0,0.0,0.0,-1.0,,,-0.0014112666117841455,-0.2400000000000091,0.0014112666117841455,3330
5,2.100000000000005,0.9000000000000035,60,0,0.0,0.0,-1.0,,,-0.0014112666117841455,-0.2400000000000091,0.0014112666117841455,3331
5,2.100000000000005,1.0000000000000036,60,0,0.0,0.0,-1.0,,,-0.0014112666117841455,-0.2400000000000091,0.0014112666117841455,3332
5,2.100000000000005,1.1000000000000032,60,0,0.0,0.0,-1.0,,,-0.0014112666117841455,-0.2400000000000091,0.0014112666117841455,3333
5,2.100000000000005,1.2000000000000037,60,0,0.0,0.0,-1.0,,,-0.0014112666117841455,-0.2400000000000091,0.0014112666117841455,3334
5,2.100000000000005,1.3000000000000043,60,0,0.0,0.0,-1.0,,,-0.0014112666117841455,-0.2400000000000091,0.0014112666117841455,3335
5,2.100000000000005,1.400000000000004,60,0,0.0,0.0,-1.0,,,-0.0014112666117841455,-0.2400000000000091,0.0014112666117841455,3336
5,2.100000000000005,1.5000000000000036,60,0,0.0,0.0,-1.0,,,-0.0014112666117841455,-0.2400000000000091,0.0014112666117841455,3337
5,2.100000000000005,1.600000000000004,60,0,0.0,0.0,-1.0,,,-0.0014112666117841455,-0.2400000000000091,0.0014112666117841455,3338
5,2.100000000000005,1.7000000000000046,60,0,0.0,0.0,-1.0,,,-0.0014112666117841455,-0.2400000000000091,0.0014112666117841455,3339
5,2.100000000000005,1.8000000000000043,60,0,0.0,0.0,-1.0,,,-0.0014112666117841455,-0.2400000000000091,0.0014112666117841455,3340
5,2.100000000000005,1.900000000000004,60,0,0.0,0.0,-1.0,,,-0.0014112666117841455,-0.2400000000000091,0.0014112666117841455,3341
5,2.100000000000005,2.0000000000000044,60,0,0.0,0.0,-1.0,,,-0.0014112666117841455,-0.2400000000000091,0.0014112666117841455,3342
5,2.100000000000005,2.100000000000005,60,0,0.0,0.0,-1.0,,,-0.0014112666117841455,-0.2400000000000091,0.0014112666117841455,3343
5,2.100000000000005,2.2000000000000046,60,0,0.0,0.0,-1.0,,,-0.0014112666117841455,-0.2400000000000091,0.0014112666117841455,3344
5,2.100000000000005,2.3000000000000043,60,0,0.0,0.0,-1.0,,,-0.0014112666117841455,-0.2400000000000091,0.0014112666117841455,3345
5,2.100000000000005,2.400000000000005,60,0,0.0,0.0,-1.0,,,-0.0014112666117841455,-0.2400000000000091,0.0014112666117841455,3346
5,2.100000000000005,2.5000000000000053,60,0,0.0,0.0,-1.0,,,-0.0014112666117841455,-0.2400000000000091,0.0014112666117841455,3347
5,2.100000000000005,2.600000000000005,60,0,0.0,0.0,-1.0,,,-0.0014112666117841455,-0.2400000000000091,0.0014112666117841455,3348
5,2.100000000000005,2.7000000000000046,60,0,0.0,0.0,-1.0,,,-0.0014112666117841455,-0.2400000000000091,0.0014112666117841455,3349
5,2.100000000000005,2.800000000000005,60,0,0.0,0.0,-1.0,,,-0.0014112666117841455,-0.2400000000000091,0.0014112666117841455,3350
5,2.100000000000005,2.9000000000000057,60,0,0.0,0.0,-1.0,,,-0.0014112666117841455,-0.2400000000000091,0.0014112666117841455,3351
5,2.100000000000005,3.0000000000000053,60,0,0.0,0.0,-1.0,,,-0.0014112666117841455,-0.2400000000000091,0.0014112666117841455,3352
5,2.2000000000000046,-3.0,60,0,0.0,0.0,-1.0,,,-0.0014112666117841455,-0.2400000000000091,0.0014112666117841455,3353
5,2.2000000000000046,-2.9,60,0,0.0,0.0,-1.0,,,-0.0014112666117841455,-0.2400000000000091,0.0014112666117841455,3354
5,2.2000000000000046,-2.8,60,0,0.0,0.0,-1.0,,,-0.0014112666117841455,-0.2400000000000091,0.0014112666117841455,3355
5,2.2000000000000046,-2.6999999999999997,60,0,0.0,0.0,-1.0,,,-0.0014112666117841455,-0.2400000000000091,0.0014112666117841455,3356
5,2.2000000000000046,-2.5999999999999996,60,0,0.0,0.0,-1.0,,,-0.0014112666117841455,-0.2400000000000091,0.0014112666117841455,3357
5,2.2000000000000046,-2.4999999999999996,60,0,0.0,0.0,-1.0,,,-0.0014112666117841455,-0.2400000000000091,0.0014112666117841455,3358
5,2.2000000000000046,-2.3999999999999995,60,0,0.0,0.0,-1.0,,,-0.0014112666117841455,-0.2400000000000091,0.0014112666117841455,3359
5,2.2000000000000046,-2.2999999999999994,60,0,0.0,0.0,-1.0,,,-0.0014112666117841455,-0.2400000000000091,0.0014112666117841455,3360
5,2.2000000000000046,-2.1999999999999993,60,0,0.0,0.0,-1.0,,,-0.0014112666117841455,-0.2400000000000091,0.0014112666117841455,3361
5,2.2000000000000046,-2.099999999999999,60,0,0.0,0.0,-1.0,,,-0.0014112666117841455,-0.2400000000000091,0.0014112666117841455,3362
5,2.2000000000000046,-1.9999999999999991,60,0,0.0,0.0,-1.0,,,-0.0014112666117841455,-0.2400000000000091,0.0014112666117841455,3363
5,2.2000000000000046,-1.899999999999999,60,0,0.0,0.0,-1.0,,,-0.0014112666117841455,-0.2400000000000091,0.0014112666117841455,3364
5,2.2000000000000046,-1.799999999999999,60,0,0.0,0.0,-1.0,,,-0.0014112666117841455,-0.2400000000000091,0.0014112666117841455,3365
5,2.2000000000000046,-1.6999999999999988,60,0,0.0,0.0,-1.0,,,-0.0014112666117841455,-0.2400000000000091,0.0014112666117841455,3366
5,2.2000000000000046,-1.5999999999999988,60,0,0.0,0.0,-1.0,,,-0.0014112666117841455,-0.2400000000000091,0.0014112666117841455,3367
5,2.2000000000000046,-1.4999999999999987,60,0,0.0,0.0,-1.0,,,-0.0014112666117841455,-0.2400000000000091,0.0014112666117841455,3368
5,2.2000000000000046,-1.3999999999999986,60,0,0.0,0.0,-1.0,,,-0.0014112666117841455,-0.2400000000000091,0.0014112666117841455,3369
5,2.2000000000000046,-1.2999999999999985,60,0,0.0,0.0,-1.0,,,-0.0014112666117841455,-0.2400000000000091,0.0014112666117841455,3370
5,2.2000000000000046,-1.1999999999999984,60,0,0.0,0.0,-1.0,,,-0.0014112666117841455,-0.2400000000000091,0.0014112666117841455,3371
5,2.2000000000000046,-1.0999999999999983,60,0,0.0,0.0,-1.0,,,-0.0014112666117841455,-0.2400000000000091,0.0014112666117841455,3372
5,2.2000000000000046,-0.9999999999999982,60,0,0.0,0.0,-1.0,,,-0.0014112666117841455,-0.2400000000000091,0.0014112666117841455,3373
5,2.2000000000000046,-0.8999999999999981,60,0,0.0,0.0,-1.0,,,-0.0014112666117841455,-0.2400000000000091,0.0014112666117841455,3374
5,2.2000000000000046,-0.799999999999998,60,0,0.0,0.0,-1.0,,,-0.0014112666117841455,-0.2400000000000091,0.0014112666117841455,3375
5,2.2000000000000046,-0.699999999999998,60,0,0.0,0.0,-1.0,,,-0.0014112666117841455,-0.2400000000000091,0.0014112666117841455,3376
5,2.2000000000000046,-0.5999999999999979,60,0,0.0,0.0,-1.0,,,-0.0014112666117841455,-0.2400000000000091,0.0014112666117841455,3377
5,2.2000000000000046,-0.4999999999999978,60,0,0.0,0.0,-1.0,,,-0.0014112666117841455,-0.2400000000000091,0.0014112666117841455,3378
5,2.2000000000000046,-0.3999999999999977,60,0,0.0,0.0,-1.0,,,-0.0014112666117841455,-0.2400000000000091,0.0014112666117841455,3379
5,2.2000000000000046,-0.2999999999999976,60,0,0.0,0.0,-1.0,,,-0.0014112666117841455,-0.2400000000000091,0.0014112666117841455,3380
5,2.2000000000000046,-0.1999999999999975,60,0,0.0,0.0,-1.0,,,-0.0014112666117841455,-0.2400000000000091,0.0014112666117841455,3381
5,2.2000000000000046,-0.09999999999999742,60,0,0.0,0.0,-1.0,,,-0.0014112666117841455,-0.2400000000000091,0.0014112666117841455,3382
5,2.2000000000000046,2.6645352591003757e-15,60,0,0.0,0.0,-1.0,,,-0.0014112666117841455,-0.2400000000000091,0.0014112666117841455,3383
5,2.2000000000000046,0.10000000000000275,60,0,0.0,0.0,-1.0,,,-0.0014112666117841455,-0.2400000000000091,0.0014112666117841455,3384
5,2.2000000000000046,0.20000000000000284,60,0,0.0,0.0,-1.0,,,-0.0014112666117841455,-0.2400000000000091,0.0014112666117841455,3385
5,2.2000000000000046,0.30000000000000293,60,0,0.0,0.0,-1.0,,,-0.0014112666117841455,-0.2400000000000091,0.0014112666117841455,3386
5,2.2000000000000046,0.400000000000003,60,0,0.0,0.0,-1.0,,,-0.0014112666117841455,-0.2400000000000091,0.0014112666117841455,3387
5,2.2000000000000046,0.5000000000000031,60,0,0.0,0.0,-1.0,,,-0.0014112666117841455,-0.2400000000000091,0.0014112666117841455,3388
5,2.2000000000000046,0.6000000000000032,60,0,0.0,0.0,-1.0,,,-0.0014112666117841455,-0.2400000000000091,0.0014112666117841455,3389
5,2.2000000000000046,0.7000000000000033,60,0,0.0,0.0,-1.0,,,-0.0014112666117841455,-0.2400000000000091,0.0014112666117841455,3390
5,2.2000000000000046,0.8000000000000034,60,0,0.0,0.0,-1.0,,,-0.0014112666117841455,-0.2400000000000091,0.0014112666117841455,3391
5,2.2000000000000046,0.9000000000000035,60,0,0.0,0.0,-1.0,,,-0.0014112666117841455,-0.2400000000000091,0.0014112666117841455,3392
5,2.2000000000000046,1.0000000000000036,60,0,0.0,0.0,-1.0,,,-0.0014112666117841455,-0.2400000000000091,0.0014112666117841455,3393
5,2.2000000000000046,1.1000000000000032,60,0,0.0,0.0,-1.0,,,-0.0014112666117841455,-0.2400000000000091,0.0014112666117841455,3394
5,2.2000000000000046,1.2000000000000037,60,0,0.0,0.0,-1.0,,,-0.0014112666117841455,-0.2400000000000091,0.0014112666117841455,3395
5,2.2000000000000046,1.3000000000000043,60,0,0.0,0.0,-1.0,,,-0.0014112666117841455,-0.2400000000000091,0.0014112666117841455,3396
5,2.2000000000000046,1.400000000000004,60,0,0.0,0.0,-1.0,,,-0.0014112666117841455,-0.2400000000000091,0.0014112666117841455,3397
5,2.2000000000000046,1.5000000000000036,60,0,0.0,0.0,-1.0,,,-0.0014112666117841455,-0.2400000000000091,0.0014112666117841455,3398
5,2.2000000000000046,1.600000000000004,60,0,0.0,0.0,-1.0,,,-0.0014112666117841455,-0.2400000000000091,0.0014112666117841455,3399
5,2.2000000000000046,1.7000000000000046,60,0,0.0,0.0,-1.0,,,-0.0014112666117841455,-0.2400000000000091,0.0014112666117841455,3400
5,2.2000000000000046,1.8000000000000043,60,0,0.0,0.0,-1.0,,,-0.0014112666117841455,-0.2400000000000091,0.0014112666117841455,3401
5,2.2000000000000046,1.900000000000004,60,0,0.0,0.0,-1.0,,,-0.0014112666117841455,-0.2400000000000091,0.0014112666117841455,3402
5,2.2000000000000046,2.0000000000000044,60,0,0.0,0.0,-1.0,,,-0.0014112666117841455,-0.2400000000000091,0.0014112666117841455,3403
5,2.2000000000000046,2.100000000000005,60,0,0.0,0.0,-1.0,,,-0.0014112666117841455,-0.2400000000000091,0.0014112666117841455,3404
5,2.2000000000000046,2.2000000000000046,60,0,0.0,0.0,-1.0,,,-0.0014112666117841455,-0.2400000000000091,0.0014112666117841455,3405
5,2.2000000000000046,2.3000000000000043,60,0,0.0,0.0,-1.0,,,-0.0014112666117841455,-0.2400000000000091,0.0014112666117841455,3406
5,2.2000000000000046,2.400000000000005,60,0,0.0,0.0,-1.0,,,-0.0014112666117841455,-0.2400000000000091,0.0014112666117841455,3407
5,2.2000000000000046,2.5000000000000053,60,0,0.0,0.0,-1.0,,,-0.0014112666117841455,-0.2400000000000091,0.0014112666117841455,3408
5,2.2000000000000046,2.600000000000005,60,0,0.0,0.0,-1.0,,,-0.0014112666117841455,-0.2400000000000091,0.0014112666117841455,3409
5,2.2000000000000046,2.7000000000000046,60,0,0.0,0.0,-1.0,,,-0.0014112666117841455,-0.2400000000000091,0.0014112666117841455,3410
5,2.2000000000000046,2.800000000000005,60,0,0.0,0.0,-1.0,,,-0.0014112666117841455,-0.2400000000000091,0.0014112666117841455,3411
5,2.2000000000000046,2.9000000000000057,60,0,0.0,0.0,-1.0,,,-0.0014112666117841455,-0.2400000000000091,0.0014112666117841455,3412
5,2.2000000000000046,3.0000000000000053,60,0,0.0,0.0,-1.0,,,-0.0014112666117841455,-0.2400000000000091,0.0014112666117841455,3413
5,2.3000000000000043,-3.0,60,0,0.0,0.0,-1.0,,,-0.0014112666117841455,-0.2400000000000091,0.0014112666117841455,3414
5,2.3000000000000043,-2.9,60,0,0.0,0.0,-1.0,,,-0.0014112666117841455,-0.2400000000000091,0.0014112666117841455,3415
5,2.3000000000000043,-2.8,60,0,0.0,0.0,-1.0,,,-0.0014112666117841455,-0.2400000000000091,0.0014112666117841455,3416
5,2.3000000000000043,-2.6999999999999997,60,0,0.0,0.0,-1.0,,,-0.0014112666117841455,-0.2400000000000091,0.0014112666117841455,3417
5,2.3000000000000043,-2.5999999999999996,60,0,0.0,0.0,-1.0,,,-0.0014112666117841455,-0.2400000000000091,0.0014112666117841455,3418
5,2.3000000000000043,-2.4999999999999996,60,0,0.0,0.0,-1.0,,,-0.0014112666117841455,-0.2400000000000091,0.0014112666117841455,3419
5,2.3000000000000043,-2.3999999999999995,60,0,0.0,0.0,-1.0,,,-0.0014112666117841455,-0.2400000000000091,0.0014112666117841455,3420
5,2.3000000000000043,-2.2999999999999994,60,0,0.0,0.0,-1.0,,,-0.0014112666117841455,-0.2400000000000091,0.0014112666117841455,3421
5,2.3000000000000043,-2.1999999999999993,60,0,0.0,0.0,-1.0,,,-0.0014112666117841455,-0.2400000000000091,0.0014112666117841455,3422
5,2.3000000000000043,-2.099999999999999,60,0,0.0,0.0,-1.0,,,-0.0014112666117841455,-0.2400000000000091,0.0014112666117841455,3423
5,2.3000000000000043,-1.9999999999999991,60,0,0.0,0.0,-1.0,,,-0.0014112666117841455,-0.2400000000000091,0.0014112666117841455,3424
5,2.3000000000000043,-1.899999999999999,60,0,0.0,0.0,-1.0,,,-0.0014112666117841455,-0.2400000000000091,0.0014112666117841455,3425
5,2.3000000000000043,-1.799999999999999,60,0,0.0,0.0,-1.0,,,-0.0014112666117841455,-0.2400000000000091,0.0014112666117841455,3426
5,2.3000000000000043,-1.6999999999999988,60,0,0.0,0.0,-1.0,,,-0.0014112666117841455,-0.2400000000000091,0.0014112666117841455,3427
5,2.3000000000000043,-1.5999999999999988,60,0,0.0,0.0,-1.0,,,-0.0014112666117841455,-0.2400000000000091,0.0014112666117841455,3428
5,2.3000000000000043,-1.4999999999999987,60,0,0.0,0.0,-1.0,,,-0.0014112666117841455,-0.2400000000000091,0.0014112666117841455,3429
5,2.3000000000000043,-1.3999999999999986,60,0,0.0,0.0,-1.0,,,-0.0014112666117841455,-0.2400000000000091,0.0014112666117841455,3430
5,2.3000000000000043,-1.2999999999999985,60,0,0.0,0.0,-1.0,,,-0.0014112666117841455,-0.2400000000000091,0.0014112666117841455,3431
5,2.3000000000000043,-1.1999999999999984,60,0,0.0,0.0,-1.0,,,-0.0014112666117841455,-0.2400000000000091,0.0014112666117841455,3432
5,2.3000000000000043,-1.0999999999999983,60,0,0.0,0.0,-1.0,,,-0.0014112666117841455,-0.2400000000000091,0.0014112666117841455,3433
5,2.3000000000000043,-0.9999999999999982,60,0,0.0,0.0,-1.0,,,-0.0014112666117841455,-0.2400000000000091,0.0014112666117841455,3434
5,2.3000000000000043,-0.8999999999999981,60,0,0.0,0.0,-1.0,,,-0.0014112666117841455,-0.2400000000000091,0.0014112666117841455,3435
5,2.3000000000000043,-0.799999999999998,60,0,0.0,0.0,-1.0,,,-0.0014112666117841455,-0.2400000000000091,0.0014112666117841455,3436
5,2.3000000000000043,-0.699999999999998,60,0,0.0,0.0,-1.0,,,-0.0014112666117841455,-0.2400000000000091,0.0014112666117841455,3437
5,2.3000000000000043,-0.5999999999999979,60,0,0.0,0.0,-1.0,,,-0.0014112666117841455,-0.2400000000000091,0.0014112666117841455,3438
5,2.3000000000000043,-0.4999999999999978,60,0,0.0,0.0,-1.0,,,-0.0014112666117841455,-0.2400000000000091,0.0014112666117841455,3439
5,2.3000000000000043,-0.3999999999999977,60,0,0.0,0.0,-1.0,,,-0.0014112666117841455,-0.2400000000000091,0.0014112666117841455,3440
5,2.3000000000000043,-0.2999999999999976,60,0,0.0,0.0,-1.0,,,-0.0014112666117841455,-0.2400000000000091,0.0014112666117841455,3441
5,2.3000000000000043,-0.1999999999999975,60,0,0.0,0.0,-1.0,,,-0.0014112666117841455,-0.2400000000000091,0.0014112666117841455,3442
5,2.3000000000000043,-0.09999999999999742,60,0,0.0,0.0,-1.0,,,-0.0014112666117841455,-0.2400000000000091,0.0014112666117841455,3443
5,2.3000000000000043,2.6645352591003757e-15,60,0,0.0,0.0,-1.0,,,-0.0014112666117841455,-0.2400000000000091,0.0014112666117841455,3444
5,2.3000000000000043,0.10000000000000275,60,0,0.0,0.0,-1.0,,,-0.0014112666117841455,-0.2400000000000091,0.0014112666117841455,3445
5,2.3000000000000043,0.20000000000000284,60,0,0.0,0.0,-1.0,,,-0.0014112666117841455,-0.2400000000000091,0.0014112666117841455,3446
5,2.3000000000000043,0.30000000000000293,60,0,0.0,0.0,-1.0,,,-0.0014112666117841455,-0.2400000000000091,0.0014112666117841455,3447
5,2.3000000000000043,0.400000000000003,60,0,0.0,0.0,-1.0,,,-0.0014112666117841455,-0.2400000000000091,0.0014112666117841455,3448
5,2.3000000000000043,0.5000000000000031,60,0,0.0,0.0,-1.0,,,-0.0014112666117841455,-0.2400000000000091,0.0014112666117841455,3449
5,2.3000000000000043,0.6000000000000032,60,0,0.0,0.0,-1.0,,,-0.0014112666117841455,-0.2400000000000091,0.0014112666117841455,3450
5,2.3000000000000043,0.7000000000000033,60,0,0.0,0.0,-1.0,,,-0.0014112666117841455,-0.2400000000000091,0.0014112666117841455,3451
5,2.3000000000000043,0.8000000000000034,60,0,0.0,0.0,-1.0,,,-0.0014112666117841455,-0.2400000000000091,0.0014112666117841455,3452
5,2.3000000000000043,0.9000000000000035,60,0,0.0,0.0,-1.0,,,-0.0014112666117841455,-0.2400000000000091,0.0014112666117841455,3453
5,2.3000000000000043,1.0000000000000036,60,0,0.0,0.0,-1.0,,,-0.0014112666117841455,-0.2400000000000091,0.0014112666117841455,3454
5,2.3000000000000043,1.1000000000000032,60,0,0.0,0.0,-1.0,,,-0.0014112666117841455,-0.2400000000000091,0.0014112666117841455,3455
5,2.3000000000000043,1.2000000000000037,60,0,0.0,0.0,-1.0,,,-0.0014112666117841455,-0.2400000000000091,0.0014112666117841455,3456
5,2.3000000000000043,1.3000000000000043,60,0,0.0,0.0,-1.0,,,-0.0014112666117841455,-0.2400000000000091,0.0014112666117841455,3457
5,2.3000000000000043,1.400000000000004,60,0,0.0,0.0,-1.0,,,-0.0014112666117841455,-0.2400000000000091,0.0014112666117841455,3458
5,2.3000000000000043,1.5000000000000036,60,0,0.0,0.0,-1.0,,,-0.0014112666117841455,-0.2400000000000091,0.0014112666117841455,3459
5,2.3000000000000043,1.600000000000004,60,0,0.0,0.0,-1.0,,,-0.0014112666117841455,-0.2400000000000091,0.0014112666117841455,3460
5,2.3000000000000043,1.7000000000000046,60,0,0.0,0.0,-1.0,,,-0.0014112666117841455,-0.2400000000000091,0.0014112666117841455,3461
5,2.3000000000000043,1.8000000000000043,60,0,0.0,0.0,-1.0,,,-0.0014112666117841455,-0.2400000000000091,0.0014112666117841455,3462
5,2.3000000000000043,1.900000000000004,60,0,0.0,0.0,-1.0,,,-0.0014112666117841455,-0.2400000000000091,0.0014112666117841455,3463
5,2.3000000000000043,2.0000000000000044,60,0,0.0,0.0,-1.0,,,-0.0014112666117841455,-0.2400000000000091,0.0014112666117841455,3464
5,2.3000000000000043,2.100000000000005,60,0,0.0,0.0,-1.0,,,-0.0014112666117841455,-0.2400000000000091,0.0014112666117841455,3465
5,2.3000000000000043,2.2000000000000046,60,0,0.0,0.0,-1.0,,,-0.0014112666117841455,-0.2400000000000091,0.0014112666117841455,3466
5,2.3000000000000043,2.3000000000000043,60,0,0.0,0.0,-1.0,,,-0.0014112666117841455,-0.2400000000000091,0.0014112666117841455,3467
5,2.3000000000000043,2.400000000000005,60,0,0.0,0.0,-1.0,,,-0.0014112666117841455,-0.2400000000000091,0.0014112666117841455,3468
5,2.3000000000000043,2.5000000000000053,60,0,0.0,0.0,-1.0,,,-0.0014112666117841455,-0.2400000000000091,0.0014112666117841455,3469
5,2.3000000000000043,2.600000000000005,60,0,0.0,0.0,-1.0,,,-0.0014112666117841455,-0.2400000000000091,0.0014112666117841455,3470
5,2.3000000000000043,2.7000000000000046,60,0,0.0,0.0,-1.0,,,-0.0014112666117841455,-0.2400000000000091,0.0014112666117841455,3471
5,2.3000000000000043,2.800000000000005,60,0,0.0,0.0,-1.0,,,-0.0014112666117841455,-0.2400000000000091,0.0014112666117841455,3472
5,2.3000000000000043,2.9000000000000057,60,0,0.0,0.0,-1.0,,,-0.0014112666117841455,-0.2400000000000091,0.0014112666117841455,3473
5,2.3000000000000043,3.0000000000000053,60,0,0.0,0.0,-1.0,,,-0.0014112666117841455,-0.2400000000000091,0.0014112666117841455,3474
5,2.400000000000005,-3.0,60,0,0.0,0.0,-1.0,,,-0.0014112666117841455,-0.2400000000000091,0.0014112666117841455,3475
5,2.400000000000005,-2.9,60,0,0.0,0.0,-1.0,,,-0.0014112666117841455,-0.2400000000000091,0.0014112666117841455,3476
5,2.400000000000005,-2.8,60,0,0.0,0.0,-1.0,,,-0.0014112666117841455,-0.2400000000000091,0.0014112666117841455,3477
5,2.400000000000005,-2.6999999999999997,60,0,0.0,0.0,-1.0,,,-0.0014112666117841455,-0.2400000000000091,0.0014112666117841455,3478
5,2.400000000000005,-2.5999999999999996,60,0,0.0,0.0,-1.0,,,-0.0014112666117841455,-0.2400000000000091,0.0014112666117841455,3479
5,2.400000000000005,-2.4999999999999996,60,0,0.0,0.0,-1.0,,,-0.0014112666117841455,-0.2400000000000091,0.0014112666117841455,3480
5,2.400000000000005,-2.3999999999999995,60,0,0.0,0.0,-1.0,,,-0.0014112666117841455,-0.2400000000000091,0.0014112666117841455,3481
5,2.400000000000005,-2.2999999999999994,60,0,0.0,0.0,-1.0,,,-0.0014112666117841455,-0.2400000000000091,0.0014112666117841455,3482
5,2.400000000000005,-2.1999999999999993,60,0,0.0,0.0,-1.0,,,-0.0014112666117841455,-0.2400000000000091,0.0014112666117841455,3483
5,2.400000000000005,-2.099999999999999,60,0,0.0,0.0,-1.0,,,-0.0014112666117841455,-0.2400000000000091,0.0014112666117841455,3484
5,2.400000000000005,-1.9999999999999991,60,0,0.0,0.0,-1.0,,,-0.0014112666117841455,-0.2400000000000091,0.0014112666117841455,3485
5,2.400000000000005,-1.899999999999999,60,0,0.0,0.0,-1.0,,,-0.0014112666117841455,-0.2400000000000091,0.0014112666117841455,3486
5,2.400000000000005,-1.799999999999999,60,0,0.0,0.0,-1.0,,,-0.0014112666117841455,-0.2400000000000091,0.0014112666117841455,3487
5,2.400000000000005,-1.6999999999999988,60,0,0.0,0.0,-1.0,,,-0.0014112666117841455,-0.2400000000000091,0.0014112666117841455,3488
5,2.400000000000005,-1.5999999999999988,60,0,0.0,0.0,-1.0,,,-0.0014112666117841455,-0.2400000000000091,0.0014112666117841455,3489
5,2.400000000000005,-1.4999999999999987,60,0,0.0,0.0,-1.0,,,-0.0014112666117841455,-0.2400000000000091,0.0014112666117841455,3490
5,2.400000000000005,-1.3999999999999986,60,0,0.0,0.0,-1.0,,,-0.0014112666117841455,-0.2400000000000091,0.0014112666117841455,3491
5,2.400000000000005,-1.2999999999999985,60,0,0.0,0.0,-1.0,,,-0.0014112666117841455,-0.2400000000000091,0.0014112666117841455,3492
5,2.400000000000005,-1.1999999999999984,60,0,0.0,0.0,-1.0,,,-0.0014112666117841455,-0.2400000000000091,0.0014112666117841455,3493
5,2.400000000000005,-1.0999999999999983,60,0,0.0,0.0,-1.0,,,-0.0014112666117841455,-0.2400000000000091,0.0014112666117841455,3494
5,2.400000000000005,-0.9999999999999982,60,0,0.0,0.0,-1.0,,,-0.0014112666117841455,-0.2400000000000091,0.0014112666117841455,3495
5,2.400000000000005,-0.8999999999999981,60,0,0.0,0.0,-1.0,,,-0.0014112666117841455,-0.2400000000000091,0.0014112666117841455,3496
5,2.400000000000005,-0.799999999999998,60,0,0.0,0.0,-1.0,,,-0.0014112666117841455,-0.2400000000000091,0.0014112666117841455,3497
5,2.400000000000005,-0.699999999999998,60,0,0.0,0.0,-1.0,,,-0.0014112666117841455,-0.2400000000000091,0.0014112666117841455,3498
5,2.400000000000005,-0.5999999999999979,60,0,0.0,0.0,-1.0,,,-0.0014112666117841455,-0.2400000000000091,0.0014112666117841455,3499
5,2.400000000000005,-0.4999999999999978,60,0,0.0,0.0,-1.0,,,-0.0014112666117841455,-0.2400000000000091,0.0014112666117841455,3500
5,2.400000000000005,-0.3999999999999977,60,0,0.0,0.0,-1.0,,,-0.0014112666117841455,-0.2400000000000091,0.0014112666117841455,3501
5,2.400000000000005,-0.2999999999999976,60,0,0.0,0.0,-1.0,,,-0.0014112666117841455,-0.2400000000000091,0.0014112666117841455,3502
5,2.400000000000005,-0.1999999999999975,60,0,0.0,0.0,-1.0,,,-0.0014112666117841455,-0.2400000000000091,0.0014112666117841455,3503
5,2.400000000000005,-0.09999999999999742,60,0,0.0,0.0,-1.0,,,-0.0014112666117841455,-0.2400000000000091,0.0014112666117841455,3504
5,2.400000000000005,2.6645352591003757e-15,60,0,0.0,0.0,-1.0,,,-0.0014112666117841455,-0.2400000000000091,0.0014112666117841455,3505
5,2.400000000000005,0.10000000000000275,60,0,0.0,0.0,-1.0,,,-0.0014112666117841455,-0.2400000000000091,0.0014112666117841455,3506
5,2.400000000000005,0.20000000000000284,60,0,0.0,0.0,-1.0,,,-0.0014112666117841455,-0.2400000000000091,0.0014112666117841455,3507
5,2.400000000000005,0.30000000000000293,60,0,0.0,0.0,-1.0,,,-0.0014112666117841455,-0.2400000000000091,0.0014112666117841455,3508
5,2.400000000000005,0.400000000000003,60,0,0.0,0.0,-1.0,,,-0.0014112666117841455,-0.2400000000000091,0.0014112666117841455,3509
5,2.400000000000005,0.5000000000000031,60,0,0.0,0.0,-1.0,,,-0.0014112666117841455,-0.2400000000000091,0.0014112666117841455,3510
5,2.400000000000005,0.6000000000000032,60,0,0.0,0.0,-1.0,,,-0.0014112666117841455,-0.2400000000000091,0.0014112666117841455,3511
5,2.400000000000005,0.7000000000000033,60,0,0.0,0.0,-1.0,,,-0.0014112666117841455,-0.2400000000000091,0.0014112666117841455,3512
5,2.400000000000005,0.8000000000000034,60,0,0.0,0.0,-1.0,,,-0.0014112666117841455,-0.2400000000000091,0.0014112666117841455,3513
5,2.400000000000005,0.9000000000000035,60,0,0.0,0.0,-1.0,,,-0.0014112666117841455,-0.2400000000000091,0.0014112666117841455,3514
5,2.400000000000005,1.0000000000000036,60,0,0.0,0.0,-1.0,,,-0.0014112666117841455,-0.2400000000000091,0.0014112666117841455,3515
5,2.400000000000005,1.1000000000000032,60,0,0.0,0.0,-1.0,,,-0.0014112666117841455,-0.2400000000000091,0.0014112666117841455,3516
5,2.400000000000005,1.2000000000000037,60,0,0.0,0.0,-1.0,,,-0.0014112666117841455,-0.2400000000000091,0.0014112666117841455,3517
5,2.400000000000005,1.3000000000000043,60,0,0.0,0.0,-1.0,,,-0.0014112666117841455,-0.2400000000000091,0.0014112666117841455,3518
5,2.400000000000005,1.400000000000004,60,0,0.0,0.0,-1.0,,,-0.0014112666117841455,-0.2400000000000091,0.0014112666117841455,3519
5,2.400000000000005,1.5000000000000036,60,0,0.0,0.0,-1.0,,,-0.0014112666117841455,-0.2400000000000091,0.0014112666117841455,3520
5,2.400000000000005,1.600000000000004,60,0,0.0,0.0,-1.0,,,-0.0014112666117841455,-0.2400000000000091,0.0014112666117841455,3521
5,2.400000000000005,1.7000000000000046,60,0,0.0,0.0,-1.0,,,-0.0014112666117841455,-0.2400000000000091,0.0014112666117841455,3522
5,2.400000000000005,1.8000000000000043,60,0,0.0,0.0,-1.0,,,-0.0014112666117841455,-0.2400000000000091,0.0014112666117841455,3523
5,2.400000000000005,1.900000000000004,60,0,0.0,0.0,-1.0,,,-0.0014112666117841455,-0.2400000000000091,0.0014112666117841455,3524
5,2.400000000000005,2.0000000000000044,60,0,0.0,0.0,-1.0,,,-0.0014112666117841455,-0.2400000000000091,0.0014112666117841455,3525
5,2.400000000000005,2.100000000000005,60,0,0.0,0.0,-1.0,,,-0.0014112666117841455,-0.2400000000000091,0.0014112666117841455,3526
5,2.400000000000005,2.2000000000000046,60,0,0.0,0.0,-1.0,,,-0.0014112666117841455,-0.2400000000000091,0.0014112666117841455,3527
5,2.400000000000005,2.3000000000000043,60,0,0.0,0.0,-1.0,,,-0.0014112666117841455,-0.2400000000000091,0.0014112666117841455,3528
5,2.400000000000005,2.400000000000005,60,0,0.0,0.0,-1.0,,,-0.0014112666117841455,-0.2400000000000091,0.0014112666117841455,3529
5,2.400000000000005,2.5000000000000053,60,0,0.0,0.0,-1.0,,,-0.0014112666117841455,-0.2400000000000091,0.0014112666117841455,3530
5,2.400000000000005,2.600000000000005,60,0,0.0,0.0,-1.0,,,-0.0014112666117841455,-0.2400000000000091,0.0014112666117841455,3531
5,2.400000000000005,2.7000000000000046,60,0,0.0,0.0,-1.0,,,-0.0014112666117841455,-0.2400000000000091,0.0014112666117841455,3532
5,2.400000000000005,2.800000000000005,60,0,0.0,0.0,-1.0,,,-0.0014112666117841455,-0.2400000000000091,0.0014112666117841455,3533
5,2.400000000000005,2.9000000000000057,60,0,0.0,0.0,-1.0,,,-0.0014112666117841455,-0.2400000000000091,0.0014112666117841455,3534
5,2.400000000000005,3.0000000000000053,60,0,0.0,0.0,-1.0,,,-0.0014112666117841455,-0.2400000000000091,0.0014112666117841455,3535
5,2.5000000000000053,-3.0,60,0,0.0,0.0,-1.0,,,-0.0014112666117841455,-0.2400000000000091,0.0014112666117841455,3536
5,2.5000000000000053,-2.9,60,0,0.0,0.0,-1.0,,,-0.0014112666117841455,-0.2400000000000091,0.0014112666117841455,3537
5,2.5000000000000053,-2.8,60,0,0.0,0.0,-1.0,,,-0.0014112666117841455,-0.2400000000000091,0.0014112666117841455,3538
5,2.5000000000000053,-2.6999999999999997,60,0,0.0,0.0,-1.0,,,-0.0014112666117841455,-0.2400000000000091,0.0014112666117841455,3539
5,2.5000000000000053,-2.5999999999999996,60,0,0.0,0.0,-1.0,,,-0.0014112666117841455,-0.2400000000000091,0.0014112666117841455,3540
5,2.5000000000000053,-2.4999999999999996,60,0,0.0,0.0,-1.0,,,-0.0014112666117841455,-0.2400000000000091,0.0014112666117841455,3541
5,2.5000000000000053,-2.3999999999999995,60,0,0.0,0.0,-1.0,,,-0.0014112666117841455,-0.2400000000000091,0.0014112666117841455,3542
5,2.5000000000000053,-2.2999999999999994,60,0,0.0,0.0,-1.0,,,-0.0014112666117841455,-0.2400000000000091,0.0014112666117841455,3543
5,2.5000000000000053,-2.1999999999999993,60,0,0.0,0.0,-1.0,,,-0.0014112666117841455,-0.2400000000000091,0.0014112666117841455,3544
5,2.5000000000000053,-2.099999999999999,60,0,0.0,0.0,-1.0,,,-0.0014112666117841455,-0.2400000000000091,0.0014112666117841455,3545
5,2.5000000000000053,-1.9999999999999991,60,0,0.0,0.0,-1.0,,,-0.0014112666117841455,-0.2400000000000091,0.0014112666117841455,3546
5,2.5000000000000053,-1.899999999999999,60,0,0.0,0.0,-1.0,,,-0.0014112666117841455,-0.2400000000000091,0.0014112666117841455,3547
5,2.5000000000000053,-1.799999999999999,60,0,0.0,0.0,-1.0,,,-0.0014112666117841455,-0.2400000000000091,0.0014112666117841455,3548
5,2.5000000000000053,-1.6999999999999988,60,0,0.0,0.0,-1.0,,,-0.0014112666117841455,-0.2400000000000091,0.0014112666117841455,3549
5,2.5000000000000053,-1.5999999999999988,60,0,0.0,0.0,-1.0,,,-0.0014112666117841455,-0.2400000000000091,0.0014112666117841455,3550
5,2.5000000000000053,-1.4999999999999987,60,0,0.0,0.0,-1.0,,,-0.0014112666117841455,-0.2400000000000091,0.0014112666117841455,3551
5,2.5000000000000053,-1.3999999999999986,60,0,0.0,0.0,-1.0,,,-0.0014112666117841455,-0.2400000000000091,0.0014112666117841455,3552
5,2.5000000000000053,-1.2999999999999985,60,0,0.0,0.0,-1.0,,,-0.0014112666117841455,-0.2400000000000091,0.0014112666117841455,3553
5,2.5000000000000053,-1.1999999999999984,60,0,0.0,0.0,-1.0,,,-0.0014112666117841455,-0.2400000000000091,0.0014112666117841455,3554
5,2.5000000000000053,-1.0999999999999983,60,0,0.0,0.0,-1.0,,,-0.0014112666117841455,-0.2400000000000091,0.0014112666117841455,3555
5,2.5000000000000053,-0.9999999999999982,60,0,0.0,0.0,-1.0,,,-0.0014112666117841455,-0.2400000000000091,0.0014112666117841455,3556
5,2.5000000000000053,-0.8999999999999981,60,0,0.0,0.0,-1.0,,,-0.0014112666117841455,-0.2400000000000091,0.0014112666117841455,3557
5,2.5000000000000053,-0.799999999999998,60,0,0.0,0.0,-1.0,,,-0.0014112666117841455,-0.2400000000000091,0.0014112666117841455,3558
5,2.5000000000000053,-0.699999999999998,60,0,0.0,0.0,-1.0,,,-0.0014112666117841455,-0.2400000000000091,0.0014112666117841455,3559
5,2.5000000000000053,-0.5999999999999979,60,0,0.0,0.0,-1.0,,,-0.0014112666117841455,-0.2400000000000091,0.0014112666117841455,3560
5,2.5000000000000053,-0.4999999999999978,60,0,0.0,0.0,-1.0,,,-0.0014112666117841455,-0.2400000000000091,0.0014112666117841455,3561
5,2.5000000000000053,-0.3999999999999977,60,0,0.0,0.0,-1.0,,,-0.0014112666117841455,-0.2400000000000091,0.0014112666117841455,3562
5,2.5000000000000053,-0.2999999999999976,60,0,0.0,0.0,-1.0,,,-0.0014112666117841455,-0.2400000000000091,0.0014112666117841455,3563
5,2.5000000000000053,-0.1999999999999975,60,0,0.0,0.0,-1.0,,,-0.0014112666117841455,-0.2400000000000091,0.0014112666117841455,3564
5,2.5000000000000053,-0.09999999999999742,60,0,0.0,0.0,-1.0,,,-0.0014112666117841455,-0.2400000000000091,0.0014112666117841455,3565
5,2.5000000000000053,2.6645352591003757e-15,60,0,0.0,0.0,-1.0,,,-0.0014112666117841455,-0.2400000000000091,0.0014112666117841455,3566
5,2.5000000000000053,0.10000000000000275,60,0,0.0,0.0,-1.0,,,-0.0014112666117841455,-0.2400000000000091,0.0014112666117841455,3567
5,2.5000000000000053,0.20000000000000284,60,0,0.0,0.0,-1.0,,,-0.0014112666117841455,-0.2400000000000091,0.0014112666117841455,3568
5,2.5000000000000053,0.30000000000000293,60,0,0.0,0.0,-1.0,,,-0.0014112666117841455,-0.2400000000000091,0.0014112666117841455,3569
5,2.5000000000000053,0.400000000000003,60,0,0.0,0.0,-1.0,,,-0.0014112666117841455,-0.2400000000000091,0.0014112666117841455,3570
5,2.5000000000000053,0.5000000000000031,60,0,0.0,0.0,-1.0,,,-0.0014112666117841455,-0.2400000000000091,0.0014112666117841455,3571
5,2.5000000000000053,0.6000000000000032,60,0,0.0,0.0,-1.0,,,-0.0014112666117841455,-0.2400000000000091,0.0014112666117841455,3572
5,2.5000000000000053,0.7000000000000033,60,0,0.0,0.0,-1.0,,,-0.0014112666117841455,-0.2400000000000091,0.0014112666117841455,3573
5,2.5000000000000053,0.8000000000000034,60,0,0.0,0.0,-1.0,,,-0.0014112666117841455,-0.2400000000000091,0.0014112666117841455,3574
5,2.5000000000000053,0.9000000000000035,60,0,0.0,0.0,-1.0,,,-0.0014112666117841455,-0.2400000000000091,0.0014112666117841455,3575
5,2.5000000000000053,1.0000000000000036,60,0,0.0,0.0,-1.0,,,-0.0014112666117841455,-0.2400000000000091,0.0014112666117841455,3576
5,2.5000000000000053,1.1000000000000032,60,0,0.0,0.0,-1.0,,,-0.0014112666117841455,-0.2400000000000091,0.0014112666117841455,3577
5,2.5000000000000053,1.2000000000000037,60,0,0.0,0.0,-1.0,,,-0.0014112666117841455,-0.2400000000000091,0.0014112666117841455,3578
5,2.5000000000000053,1.3000000000000043,60,0,0.0,0.0,-1.0,,,-0.0014112666117841455,-0.2400000000000091,0.0014112666117841455,3579
5,2.5000000000000053,1.400000000000004,60,0,0.0,0.0,-1.0,,,-0.0014112666117841455,-0.2400000000000091,0.0014112666117841455,3580
5,2.5000000000000053,1.5000000000000036,60,0,0.0,0.0,-1.0,,,-0.0014112666117841455,-0.2400000000000091,0.0014112666117841455,3581
5,2.5000000000000053,1.600000000000004,60,0,0.0,0.0,-1.0,,,-0.0014112666117841455,-0.2400000000000091,0.0014112666117841455,3582
5,2.5000000000000053,1.7000000000000046,60,0,0.0,0.0,-1.0,,,-0.0014112666117841455,-0.2400000000000091,0.0014112666117841455,3583
5,2.5000000000000053,1.8000000000000043,60,0,0.0,0.0,-1.0,,,-0.0014112666117841455,-0.2400000000000091,0.0014112666117841455,3584
5,2.5000000000000053,1.900000000000004,60,0,0.0,0.0,-1.0,,,-0.0014112666117841455,-0.2400000000000091,0.0014112666117841455,3585
5,2.5000000000000053,2.0000000000000044,60,0,0.0,0.0,-1.0,,,-0.0014112666117841455,-0.2400000000000091,0.0014112666117841455,3586
5,2.5000000000000053,2.100000000000005,60,0,0.0,0.0,-1.0,,,-0.0014112666117841455,-0.2400000000000091,0.0014112666117841455,3587
5,2.5000000000000053,2.2000000000000046,60,0,0.0,0.0,-1.0,,,-0.0014112666117841455,-0.2400000000000091,0.0014112666117841455,3588
5,2.5000000000000053,2.3000000000000043,60,0,0.0,0.0,-1.0,,,-0.0014112666117841455,-0.2400000000000091,0.0014112666117841455,3589
5,2.5000000000000053,2.400000000000005,60,0,0.0,0.0,-1.0,,,-0.0014112666117841455,-0.2400000000000091,0.0014112666117841455,3590
5,2.5000000000000053,2.5000000000000053,60,0,0.0,0.0,-1.0,,,-0.0014112666117841455,-0.2400000000000091,0.0014112666117841455,3591
5,2.5000000000000053,2.600000000000005,60,0,0.0,0.0,-1.0,,,-0.0014112666117841455,-0.2400000000000091,0.0014112666117841455,3592
5,2.5000000000000053,2.7000000000000046,60,0,0.0,0.0,-1.0,,,-0.0014112666117841455,-0.2400000000000091,0.0014112666117841455,3593
5,2.5000000000000053,2.800000000000005,60,0,0.0,0.0,-1.0,,,-0.0014112666117841455,-0.2400000000000091,0.0014112666117841455,3594
5,2.5000000000000053,2.9000000000000057,60,0,0.0,0.0,-1.0,,,-0.0014112666117841455,-0.2400000000000091,0.0014112666117841455,3595
5,2.5000000000000053,3.0000000000000053,60,0,0.0,0.0,-1.0,,,-0.0014112666117841455,-0.2400000000000091,0.0014112666117841455,3596
5,2.600000000000005,-3.0,60,0,0.0,0.0,-1.0,,,-0.0014112666117841455,-0.2400000000000091,0.0014112666117841455,3597
5,2.600000000000005,-2.9,60,0,0.0,0.0,-1.0,,,-0.0014112666117841455,-0.2400000000000091,0.0014112666117841455,3598
5,2.600000000000005,-2.8,60,0,0.0,0.0,-1.0,,,-0.0014112666117841455,-0.2400000000000091,0.0014112666117841455,3599
5,2.600000000000005,-2.6999999999999997,60,0,0.0,0.0,-1.0,,,-0.0014112666117841455,-0.2400000000000091,0.0014112666117841455,3600
5,2.600000000000005,-2.5999999999999996,60,0,0.0,0.0,-1.0,,,-0.0014112666117841455,-0.2400000000000091,0.0014112666117841455,3601
5,2.600000000000005,-2.4999999999999996,60,0,0.0,0.0,-1.0,,,-0.0014112666117841455,-0.2400000000000091,0.0014112666117841455,3602
5,2.600000000000005,-2.3999999999999995,60,0,0.0,0.0,-1.0,,,-0.0014112666117841455,-0.2400000000000091,0.0014112666117841455,3603
5,2.600000000000005,-2.2999999999999994,60,0,0.0,0.0,-1.0,,,-0.0014112666117841455,-0.2400000000000091,0.0014112666117841455,3604
5,2.600000000000005,-2.1999999999999993,60,0,0.0,0.0,-1.0,,,-0.0014112666117841455,-0.2400000000000091,0.0014112666117841455,3605
5,2.600000000000005,-2.099999999999999,60,0,0.0,0.0,-1.0,,,-0.0014112666117841455,-0.2400000000000091,0.0014112666117841455,3606
5,2.600000000000005,-1.9999999999999991,60,0,0.0,0.0,-1.0,,,-0.0014112666117841455,-0.2400000000000091,0.0014112666117841455,3607
5,2.600000000000005,-1.899999999999999,60,0,0.0,0.0,-1.0,,,-0.0014112666117841455,-0.2400000000000091,0.0014112666117841455,3608
5,2.600000000000005,-1.799999999999999,60,0,0.0,0.0,-1.0,,,-0.0014112666117841455,-0.2400000000000091,0.0014112666117841455,3609
5,2.600000000000005,-1.6999999999999988,60,0,0.0,0.0,-1.0,,,-0.0014112666117841455,-0.2400000000000091,0.0014112666117841455,3610
5,2.600000000000005,-1.5999999999999988,60,0,0.0,0.0,-1.0,,,-0.0014112666117841455,-0.2400000000000091,0.0014112666117841455,3611
5,2.600000000000005,-1.4999999999999987,60,0,0.0,0.0,-1.0,,,-0.0014112666117841455,-0.2400000000000091,0.0014112666117841455,3612
5,2.600000000000005,-1.3999999999999986,60,0,0.0,0.0,-1.0,,,-0.0014112666117841455,-0.2400000000000091,0.0014112666117841455,3613
5,2.600000000000005,-1.2999999999999985,60,0,0.0,0.0,-1.0,,,-0.0014112666117841455,-0.2400000000000091,0.0014112666117841455,3614
5,2.600000000000005,-1.1999999999999984,60,0,0.0,0.0,-1.0,,,-0.0014112666117841455,-0.2400000000000091,0.0014112666117841455,3615
5,2.600000000000005,-1.0999999999999983,60,0,0.0,0.0,-1.0,,,-0.0014112666117841455,-0.2400000000000091,0.0014112666117841455,3616
5,2.600000000000005,-0.9999999999999982,60,0,0.0,0.0,-1.0,,,-0.0014112666117841455,-0.2400000000000091,0.0014112666117841455,3617
5,2.600000000000005,-0.8999999999999981,60,0,0.0,0.0,-1.0,,,-0.0014112666117841455,-0.2400000000000091,0.0014112666117841455,3618
5,2.600000000000005,-0.799999999999998,60,0,0.0,0.0,-1.0,,,-0.0014112666117841455,-0.2400000000000091,0.0014112666117841455,3619
5,2.600000000000005,-0.699999999999998,60,0,0.0,0.0,-1.0,,,-0.0014112666117841455,-0.2400000000000091,0.0014112666117841455,3620
5,2.600000000000005,-0.5999999999999979,60,0,0.0,0.0,-1.0,,,-0.0014112666117841455,-0.2400000000000091,0.0014112666117841455,3621
5,2.600000000000005,-0.4999999999999978,60,0,0.0,0.0,-1.0,,,-0.0014112666117841455,-0.2400000000000091,0.0014112666117841455,3622
5,2.600000000000005,-0.3999999999999977,60,0,0.0,0.0,-1.0,,,-0.0014112666117841455,-0.2400000000000091,0.0014112666117841455,3623
5,2.600000000000005,-0.2999999999999976,60,0,0.0,0.0,-1.0,,,-0.0014112666117841455,-0.2400000000000091,0.0014112666117841455,3624
5,2.600000000000005,-0.1999999999999975,60,0,0.0,0.0,-1.0,,,-0.0014112666117841455,-0.2400000000000091,0.0014112666117841455,3625
5,2.600000000000005,-0.09999999999999742,60,0,0.0,0.0,-1.0,,,-0.0014112666117841455,-0.2400000000000091,0.0014112666117841455,3626
5,2.600000000000005,2.6645352591003757e-15,60,0,0.0,0.0,-1.0,,,-0.0014112666117841455,-0.2400000000000091,0.0014112666117841455,3627
5,2.600000000000005,0.10000000000000275,60,0,0.0,0.0,-1.0,,,-0.0014112666117841455,-0.2400000000000091,0.0014112666117841455,3628
5,2.600000000000005,0.20000000000000284,60,0,0.0,0.0,-1.0,,,-0.0014112666117841455,-0.2400000000000091,0.0014112666117841455,3629
5,2.600000000000005,0.30000000000000293,60,0,0.0,0.0,-1.0,,,-0.0014112666117841455,-0.2400000000000091,0.0014112666117841455,3630
5,2.600000000000005,0.400000000000003,60,0,0.0,0.0,-1.0,,,-0.0014112666117841455,-0.2400000000000091,0.0014112666117841455,3631
5,2.600000000000005,0.5000000000000031,60,0,0.0,0.0,-1.0,,,-0.0014112666117841455,-0.2400000000000091,0.0014112666117841455,3632
5,2.600000000000005,0.6000000000000032,60,0,0.0,0.0,-1.0,,,-0.0014112666117841455,-0.2400000000000091,0.0014112666117841455,3633
5,2.600000000000005,0.7000000000000033,60,0,0.0,0.0,-1.0,,,-0.0014112666117841455,-0.2400000000000091,0.0014112666117841455,3634
5,2.600000000000005,0.8000000000000034,60,0,0.0,0.0,-1.0,,,-0.0014112666117841455,-0.2400000000000091,0.0014112666117841455,3635
5,2.600000000000005,0.9000000000000035,60,0,0.0,0.0,-1.0,,,-0.0014112666117841455,-0.2400000000000091,0.0014112666117841455,3636
5,2.600000000000005,1.0000000000000036,60,0,0.0,0.0,-1.0,,,-0.0014112666117841455,-0.2400000000000091,0.0014112666117841455,3637
5,2.600000000000005,1.1000000000000032,60,0,0.0,0.0,-1.0,,,-0.0014112666117841455,-0.2400000000000091,0.0014112666117841455,3638
5,2.600000000000005,1.2000000000000037,60,0,0.0,0.0,-1.0,,,-0.0014112666117841455,-0.2400000000000091,0.0014112666117841455,3639
5,2.600000000000005,1.3000000000000043,60,0,0.0,0.0,-1.0,,,-0.0014112666117841455,-0.2400000000000091,0.0014112666117841455,3640
5,2.600000000000005,1.400000000000004,60,0,0.0,0.0,-1.0,,,-0.0014112666117841455,-0.2400000000000091,0.0014112666117841455,3641
5,2.600000000000005,1.5000000000000036,60,0,0.0,0.0,-1.0,,,-0.0014112666117841455,-0.2400000000000091,0.0014112666117841455,3642
5,2.600000000000005,1.600000000000004,60,0,0.0,0.0,-1.0,,,-0.0014112666117841455,-0.2400000000000091,0.0014112666117841455,3643
5,2.600000000000005,1.7000000000000046,60,0,0.0,0.0,-1.0,,,-0.0014112666117841455,-0.2400000000000091,0.0014112666117841455,3644
5,2.600000000000005,1.8000000000000043,60,0,0.0,0.0,-1.0,,,-0.0014112666117841455,-0.2400000000000091,0.0014112666117841455,3645
5,2.600000000000005,1.900000000000004,60,0,0.0,0.0,-1.0,,,-0.0014112666117841455,-0.2400000000000091,0.0014112666117841455,3646
5,2.600000000000005,2.0000000000000044,60,0,0.0,0.0,-1.0,,,-0.0014112666117841455,-0.2400000000000091,0.0014112666117841455,3647
5,2.600000000000005,2.100000000000005,60,0,0.0,0.0,-1.0,,,-0.0014112666117841455,-0.2400000000000091,0.0014112666117841455,3648
5,2.600000000000005,2.2000000000000046,60,0,0.0,0.0,-1.0,,,-0.0014112666117841455,-0.2400000000000091,0.0014112666117841455,3649
5,2.600000000000005,2.3000000000000043,60,0,0.0,0.0,-1.0,,,-0.0014112666117841455,-0.2400000000000091,0.0014112666117841455,3650
5,2.600000000000005,2.400000000000005,60,0,0.0,0.0,-1.0,,,-0.0014112666117841455,-0.2400000000000091,0.0014112666117841455,3651
5,2.600000000000005,2.5000000000000053,60,0,0.0,0.0,-1.0,,,-0.0014112666117841455,-0.2400000000000091,0.0014112666117841455,3652
5,2.600000000000005,2.600000000000005,60,0,0.0,0.0,-1.0,,,-0.0014112666117841455,-0.2400000000000091,0.0014112666117841455,3653
5,2.600000000000005,2.7000000000000046,60,0,0.0,0.0,-1.0,,,-0.0014112666117841455,-0.2400000000000091,0.0014112666117841455,3654
5,2.600000000000005,2.800000000000005,60,0,0.0,0.0,-1.0,,,-0.0014112666117841455,-0.2400000000000091,0.0014112666117841455,3655
5,2.600000000000005,2.9000000000000057,60,0,0.0,0.0,-1.0,,,-0.0014112666117841455,-0.2400000000000091,0.0014112666117841455,3656
5,2.600000000000005,3.0000000000000053,60,0,0.0,0.0,-1.0,,,-0.0014112666117841455,-0.2400000000000091,0.0014112666117841455,3657
5,2.7000000000000046,-3.0,60,0,0.0,0.0,-1.0,,,-0.0014112666117841455,-0.2400000000000091,0.0014112666117841455,3658
5,2.7000000000000046,-2.9,60,0,0.0,0.0,-1.0,,,-0.0014112666117841455,-0.2400000000000091,0.0014112666117841455,3659
5,2.7000000000000046,-2.8,60,0,0.0,0.0,-1.0,,,-0.0014112666117841455,-0.2400000000000091,0.0014112666117841455,3660
5,2.7000000000000046,-2.6999999999999997,60,0,0.0,0.0,-1.0,,,-0.0014112666117841455,-0.2400000000000091,0.0014112666117841455,3661
5,2.7000000000000046,-2.5999999999999996,60,0,0.0,0.0,-1.0,,,-0.0014112666117841455,-0.2400000000000091,0.0014112666117841455,3662
5,2.7000000000000046,-2.4999999999999996,60,0,0.0,0.0,-1.0,,,-0.0014112666117841455,-0.2400000000000091,0.0014112666117841455,3663
5,2.7000000000000046,-2.3999999999999995,60,0,0.0,0.0,-1.0,,,-0.0014112666117841455,-0.2400000000000091,0.0014112666117841455,3664
5,2.7000000000000046,-2.2999999999999994,60,0,0.0,0.0,-1.0,,,-0.0014112666117841455,-0.2400000000000091,0.0014112666117841455,3665
5,2.7000000000000046,-2.1999999999999993,60,0,0.0,0.0,-1.0,,,-0.0014112666117841455,-0.2400000000000091,0.0014112666117841455,3666
5,2.7000000000000046,-2.099999999999999,60,0,0.0,0.0,-1.0,,,-0.0014112666117841455,-0.2400000000000091,0.0014112666117841455,3667
5,2.7000000000000046,-1.9999999999999991,60,0,0.0,0.0,-1.0,,,-0.0014112666117841455,-0.2400000000000091,0.0014112666117841455,3668
5,2.7000000000000046,-1.899999999999999,60,0,0.0,0.0,-1.0,,,-0.0014112666117841455,-0.2400000000000091,0.0014112666117841455,3669
5,2.7000000000000046,-1.799999999999999,60,0,0.0,0.0,-1.0,,,-0.0014112666117841455,-0.2400000000000091,0.0014112666117841455,3670
5,2.7000000000000046,-1.6999999999999988,60,0,0.0,0.0,-1.0,,,-0.0014112666117841455,-0.2400000000000091,0.0014112666117841455,3671
5,2.7000000000000046,-1.5999999999999988,60,0,0.0,0.0,-1.0,,,-0.0014112666117841455,-0.2400000000000091,0.0014112666117841455,3672
5,2.7000000000000046,-1.4999999999999987,60,0,0.0,0.0,-1.0,,,-0.0014112666117841455,-0.2400000000000091,0.0014112666117841455,3673
5,2.7000000000000046,-1.3999999999999986,60,0,0.0,0.0,-1.0,,,-0.0014112666117841455,-0.2400000000000091,0.0014112666117841455,3674
5,2.7000000000000046,-1.2999999999999985,60,0,0.0,0.0,-1.0,,,-0.0014112666117841455,-0.2400000000000091,0.0014112666117841455,3675
5,2.7000000000000046,-1.1999999999999984,60,0,0.0,0.0,-1.0,,,-0.0014112666117841455,-0.2400000000000091,0.0014112666117841455,3676
5,2.7000000000000046,-1.0999999999999983,60,0,0.0,0.0,-1.0,,,-0.0014112666117841455,-0.2400000000000091,0.0014112666117841455,3677
5,2.7000000000000046,-0.9999999999999982,60,0,0.0,0.0,-1.0,,,-0.0014112666117841455,-0.2400000000000091,0.0014112666117841455,3678
5,2.7000000000000046,-0.8999999999999981,60,0,0.0,0.0,-1.0,,,-0.0014112666117841455,-0.2400000000000091,0.0014112666117841455,3679
5,2.7000000000000046,-0.799999999999998,60,0,0.0,0.0,-1.0,,,-0.0014112666117841455,-0.2400000000000091,0.0014112666117841455,3680
5,2.7000000000000046,-0.699999999999998,60,0,0.0,0.0,-1.0,,,-0.0014112666117841455,-0.2400000000000091,0.0014112666117841455,3681
5,2.7000000000000046,-0.5999999999999979,60,0,0.0,0.0,-1.0,,,-0.0014112666117841455,-0.2400000000000091,0.0014112666117841455,3682
5,2.7000000000000046,-0.4999999999999978,60,0,0.0,0.0,-1.0,,,-0.0014112666117841455,-0.2400000000000091,0.0014112666117841455,3683
5,2.7000000000000046,-0.3999999999999977,60,0,0.0,0.0,-1.0,,,-0.0014112666117841455,-0.2400000000000091,0.0014112666117841455,3684
5,2.7000000000000046,-0.2999999999999976,60,0,0.0,0.0,-1.0,,,-0.0014112666117841455,-0.2400000000000091,0.0014112666117841455,3685
5,2.7000000000000046,-0.1999999999999975,60,0,0.0,0.0,-1.0,,,-0.0014112666117841455,-0.2400000000000091,0.0014112666117841455,3686
5,2.7000000000000046,-0.09999999999999742,60,0,0.0,0.0,-1.0,,,-0.0014112666117841455,-0.2400000000000091,0.0014112666117841455,3687
5,2.7000000000000046,2.6645352591003757e-15,60,0,0.0,0.0,-1.0,,,-0.0014112666117841455,-0.2400000000000091,0.0014112666117841455,3688
5,2.7000000000000046,0.10000000000000275,60,0,0.0,0.0,-1.0,,,-0.0014112666117841455,-0.2400000000000091,0.0014112666117841455,3689
5,2.7000000000000046,0.20000000000000284,60,0,0.0,0.0,-1.0,,,-0.0014112666117841455,-0.2400000000000091,0.0014112666117841455,3690
5,2.7000000000000046,0.30000000000000293,60,0,0.0,0.0,-1.0,,,-0.0014112666117841455,-0.2400000000000091,0.0014112666117841455,3691
5,2.7000000000000046,0.400000000000003,60,0,0.0,0.0,-1.0,,,-0.0014112666117841455,-0.2400000000000091,0.0014112666117841455,3692
5,2.7000000000000046,0.5000000000000031,60,0,0.0,0.0,-1.0,,,-0.0014112666117841455,-0.2400000000000091,0.0014112666117841455,3693
5,2.7000000000000046,0.6000000000000032,60,0,0.0,0.0,-1.0,,,-0.0014112666117841455,-0.2400000000000091,0.0014112666117841455,3694
5,2.7000000000000046,0.7000000000000033,60,0,0.0,0.0,-1.0,,,-0.0014112666117841455,-0.2400000000000091,0.0014112666117841455,3695
5,2.7000000000000046,0.8000000000000034,60,0,0.0,0.0,-1.0,,,-0.0014112666117841455,-0.2400000000000091,0.0014112666117841455,3696
5,2.7000000000000046,0.9000000000000035,60,0,0.0,0.0,-1.0,,,-0.0014112666117841455,-0.2400000000000091,0.0014112666117841455,3697
5,2.7000000000000046,1.0000000000000036,60,0,0.0,0.0,-1.0,,,-0.0014112666117841455,-0.2400000000000091,0.0014112666117841455,3698
5,2.7000000000000046,1.1000000000000032,60,0,0.0,0.0,-1.0,,,-0.0014112666117841455,-0.2400000000000091,0.0014112666117841455,3699
5,2.7000000000000046,1.2000000000000037,60,0,0.0,0.0,-1.0,,,-0.0014112666117841455,-0.2400000000000091,0.0014112666117841455,3700
5,2.7000000000000046,1.3000000000000043,60,0,0.0,0.0,-1.0,,,-0.0014112666117841455,-0.2400000000000091,0.0014112666117841455,3701
5,2.7000000000000046,1.400000000000004,60,0,0.0,0.0,-1.0,,,-0.0014112666117841455,-0.2400000000000091,0.0014112666117841455,3702
5,2.7000000000000046,1.5000000000000036,60,0,0.0,0.0,-1.0,,,-0.0014112666117841455,-0.2400000000000091,0.0014112666117841455,3703
5,2.7000000000000046,1.600000000000004,60,0,0.0,0.0,-1.0,,,-0.0014112666117841455,-0.2400000000000091,0.0014112666117841455,3704
5,2.7000000000000046,1.7000000000000046,60,0,0.0,0.0,-1.0,,,-0.0014112666117841455,-0.2400000000000091,0.0014112666117841455,3705
5,2.7000000000000046,1.8000000000000043,60,0,0.0,0.0,-1.0,,,-0.0014112666117841455,-0.2400000000000091,0.0014112666117841455,3706
5,2.7000000000000046,1.900000000000004,60,0,0.0,0.0,-1.0,,,-0.0014112666117841455,-0.2400000000000091,0.0014112666117841455,3707
5,2.7000000000000046,2.0000000000000044,60,0,0.0,0.0,-1.0,,,-0.0014112666117841455,-0.2400000000000091,0.0014112666117841455,3708
5,2.7000000000000046,2.100000000000005,60,0,0.0,0.0,-1.0,,,-0.0014112666117841455,-0.2400000000000091,0.0014112666117841455,3709
5,2.7000000000000046,2.2000000000000046,60,0,0.0,0.0,-1.0,,,-0.0014112666117841455,-0.2400000000000091,0.0014112666117841455,3710
5,2.7000000000000046,2.3000000000000043,60,0,0.0,0.0,-1.0,,,-0.0014112666117841455,-0.2400000000000091,0.0014112666117841455,3711
5,2.7000000000000046,2.400000000000005,60,0,0.0,0.0,-1.0,,,-0.0014112666117841455,-0.2400000000000091,0.0014112666117841455,3712
5,2.7000000000000046,2.5000000000000053,60,0,0.0,0.0,-1.0,,,-0.0014112666117841455,-0.2400000000000091,0.0014112666117841455,3713
5,2.7000000000000046,2.600000000000005,60,0,0.0,0.0,-1.0,,,-0.0014112666117841455,-0.2400000000000091,0.0014112666117841455,3714
5,2.7000000000000046,2.7000000000000046,60,0,0.0,0.0,-1.0,,,-0.0014112666117841455,-0.2400000000000091,0.0014112666117841455,3715
5,2.7000000000000046,2.800000000000005,60,0,0.0,0.0,-1.0,,,-0.0014112666117841455,-0.2400000000000091,0.0014112666117841455,3716
5,2.7000000000000046,2.9000000000000057,60,0,0.0,0.0,-1.0,,,-0.0014112666117841455,-0.2400000000000091,0.0014112666117841455,3717
5,2.7000000000000046,3.0000000000000053,60,0,0.0,0.0,-1.0,,,-0.0014112666117841455,-0.2400000000000091,0.0014112666117841455,3718
5,2.800000000000005,-3.0,60,0,0.0,0.0,-1.0,,,-0.0014112666117841455,-0.2400000000000091,0.0014112666117841455,3719
5,2.800000000000005,-2.9,60,0,0.0,0.0,-1.0,,,-0.0014112666117841455,-0.2400000000000091,0.0014112666117841455,3720
5,2.800000000000005,-2.8,60,0,0.0,0.0,-1.0,,,-0.0014112666117841455,-0.2400000000000091,0.0014112666117841455,3721
5,2.800000000000005,-2.6999999999999997,60,0,0.0,0.0,-1.0,,,-0.0014112666117841455,-0.2400000000000091,0.0014112666117841455,3722
5,2.800000000000005,-2.5999999999999996,60,0,0.0,0.0,-1.0,,,-0.0014112666117841455,-0.2400000000000091,0.0014112666117841455,3723
5,2.800000000000005,-2.4999999999999996,60,0,0.0,0.0,-1.0,,,-0.0014112666117841455,-0.2400000000000091,0.0014112666117841455,3724
5,2.800000000000005,-2.3999999999999995,60,0,0.0,0.0,-1.0,,,-0.0014112666117841455,-0.2400000000000091,0.0014112666117841455,3725
5,2.800000000000005,-2.2999999999999994,60,0,0.0,0.0,-1.0,,,-0.0014112666117841455,-0.2400000000000091,0.0014112666117841455,3726
5,2.800000000000005,-2.1999999999999993,60,0,0.0,0.0,-1.0,,,-0.0014112666117841455,-0.2400000000000091,0.0014112666117841455,3727
5,2.800000000000005,-2.099999999999999,60,0,0.0,0.0,-1.0,,,-0.0014112666117841455,-0.2400000000000091,0.0014112666117841455,3728
5,2.800000000000005,-1.9999999999999991,60,0,0.0,0.0,-1.0,,,-0.0014112666117841455,-0.2400000000000091,0.0014112666117841455,3729
5,2.800000000000005,-1.899999999999999,60,0,0.0,0.0,-1.0,,,-0.0014112666117841455,-0.2400000000000091,0.0014112666117841455,3730
5,2.800000000000005,-1.799999999999999,60,0,0.0,0.0,-1.0,,,-0.0014112666117841455,-0.2400000000000091,0.0014112666117841455,3731
5,2.800000000000005,-1.6999999999999988,60,0,0.0,0.0,-1.0,,,-0.0014112666117841455,-0.2400000000000091,0.0014112666117841455,3732
5,2.800000000000005,-1.5999999999999988,60,0,0.0,0.0,-1.0,,,-0.0014112666117841455,-0.2400000000000091,0.0014112666117841455,3733
5,2.800000000000005,-1.4999999999999987,60,0,0.0,0.0,-1.0,,,-0.0014112666117841455,-0.2400000000000091,0.0014112666117841455,3734
5,2.800000000000005,-1.3999999999999986,60,0,0.0,0.0,-1.0,,,-0.0014112666117841455,-0.2400000000000091,0.0014112666117841455,3735
5,2.800000000000005,-1.2999999999999985,60,0,0.0,0.0,-1.0,,,-0.0014112666117841455,-0.2400000000000091,0.0014112666117841455,3736
5,2.800000000000005,-1.1999999999999984,60,0,0.0,0.0,-1.0,,,-0.0014112666117841455,-0.2400000000000091,0.0014112666117841455,3737
5,2.800000000000005,-1.0999999999999983,60,0,0.0,0.0,-1.0,,,-0.0014112666117841455,-0.2400000000000091,0.0014112666117841455,3738
5,2.800000000000005,-0.9999999999999982,60,0,0.0,0.0,-1.0,,,-0.0014112666117841455,-0.2400000000000091,0.0014112666117841455,3739
5,2.800000000000005,-0.8999999999999981,60,0,0.0,0.0,-1.0,,,-0.0014112666117841455,-0.2400000000000091,0.0014112666117841455,3740
5,2.800000000000005,-0.799999999999998,60,0,0.0,0.0,-1.0,,,-0.0014112666117841455,-0.2400000000000091,0.0014112666117841455,3741
5,2.800000000000005,-0.699999999999998,60,0,0.0,0.0,-1.0,,,-0.0014112666117841455,-0.2400000000000091,0.0014112666117841455,3742
5,2.800000000000005,-0.5999999999999979,60,0,0.0,0.0,-1.0,,,-0.0014112666117841455,-0.2400000000000091,0.0014112666117841455,3743
5,2.800000000000005,-0.4999999999999978,60,0,0.0,0.0,-1.0,,,-0.0014112666117841455,-0.2400000000000091,0.0014112666117841455,3744
5,2.800000000000005,-0.3999999999999977,60,0,0.0,0.0,-1.0,,,-0.0014112666117841455,-0.2400000000000091,0.0014112666117841455,3745
5,2.800000000000005,-0.2999999999999976,60,0,0.0,0.0,-1.0,,,-0.0014112666117841455,-0.2400000000000091,0.0014112666117841455,3746
5,2.800000000000005,-0.1999999999999975,60,0,0.0,0.0,-1.0,,,-0.0014112666117841455,-0.2400000000000091,0.0014112666117841455,3747
5,2.800000000000005,-0.09999999999999742,60,0,0.0,0.0,-1.0,,,-0.0014112666117841455,-0.2400000000000091,0.0014112666117841455,3748
5,2.800000000000005,2.6645352591003757e-15,60,0,0.0,0.0,-1.0,,,-0.0014112666117841455,-0.2400000000000091,0.0014112666117841455,3749
5,2.800000000000005,0.10000000000000275,60,0,0.0,0.0,-1.0,,,-0.0014112666117841455,-0.2400000000000091,0.0014112666117841455,3750
5,2.800000000000005,0.20000000000000284,60,0,0.0,0.0,-1.0,,,-0.0014112666117841455,-0.2400000000000091,0.0014112666117841455,3751
5,2.800000000000005,0.30000000000000293,60,0,0.0,0.0,-1.0,,,-0.0014112666117841455,-0.2400000000000091,0.0014112666117841455,3752
5,2.800000000000005,0.400000000000003,60,0,0.0,0.0,-1.0,,,-0.0014112666117841455,-0.2400000000000091,0.0014112666117841455,3753
5,2.800000000000005,0.5000000000000031,60,0,0.0,0.0,-1.0,,,-0.0014112666117841455,-0.2400000000000091,0.0014112666117841455,3754
5,2.800000000000005,0.6000000000000032,60,0,0.0,0.0,-1.0,,,-0.0014112666117841455,-0.2400000000000091,0.0014112666117841455,3755
5,2.800000000000005,0.7000000000000033,60,0,0.0,0.0,-1.0,,,-0.0014112666117841455,-0.2400000000000091,0.0014112666117841455,3756
5,2.800000000000005,0.8000000000000034,60,0,0.0,0.0,-1.0,,,-0.0014112666117841455,-0.2400000000000091,0.0014112666117841455,3757
5,2.800000000000005,0.9000000000000035,60,0,0.0,0.0,-1.0,,,-0.0014112666117841455,-0.2400000000000091,0.0014112666117841455,3758
5,2.800000000000005,1.0000000000000036,60,0,0.0,0.0,-1.0,,,-0.0014112666117841455,-0.2400000000000091,0.0014112666117841455,3759
5,2.800000000000005,1.1000000000000032,60,0,0.0,0.0,-1.0,,,-0.0014112666117841455,-0.2400000000000091,0.0014112666117841455,3760
5,2.800000000000005,1.2000000000000037,60,0,0.0,0.0,-1.0,,,-0.0014112666117841455,-0.2400000000000091,0.0014112666117841455,3761
5,2.800000000000005,1.3000000000000043,60,0,0.0,0.0,-1.0,,,-0.0014112666117841455,-0.2400000000000091,0.0014112666117841455,3762
5,2.800000000000005,1.400000000000004,60,0,0.0,0.0,-1.0,,,-0.0014112666117841455,-0.2400000000000091,0.0014112666117841455,3763
5,2.800000000000005,1.5000000000000036,60,0,0.0,0.0,-1.0,,,-0.0014112666117841455,-0.2400000000000091,0.0014112666117841455,3764
5,2.800000000000005,1.600000000000004,60,0,0.0,0.0,-1.0,,,-0.0014112666117841455,-0.2400000000000091,0.0014112666117841455,3765
5,2.800000000000005,1.7000000000000046,60,0,0.0,0.0,-1.0,,,-0.0014112666117841455,-0.2400000000000091,0.0014112666117841455,3766
5,2.800000000000005,1.8000000000000043,60,0,0.0,0.0,-1.0,,,-0.0014112666117841455,-0.2400000000000091,0.0014112666117841455,3767
5,2.800000000000005,1.900000000000004,60,0,0.0,0.0,-1.0,,,-0.0014112666117841455,-0.2400000000000091,0.0014112666117841455,3768
5,2.800000000000005,2.0000000000000044,60,0,0.0,0.0,-1.0,,,-0.0014112666117841455,-0.2400000000000091,0.0014112666117841455,3769
5,2.800000000000005,2.100000000000005,60,0,0.0,0.0,-1.0,,,-0.0014112666117841455,-0.2400000000000091,0.0014112666117841455,3770
5,2.800000000000005,2.2000000000000046,60,0,0.0,0.0,-1.0,,,-0.0014112666117841455,-0.2400000000000091,0.0014112666117841455,3771
5,2.800000000000005,2.3000000000000043,60,0,0.0,0.0,-1.0,,,-0.0014112666117841455,-0.2400000000000091,0.0014112666117841455,3772
5,2.800000000000005,2.400000000000005,60,0,0.0,0.0,-1.0,,,-0.0014112666117841455,-0.2400000000000091,0.0014112666117841455,3773
5,2.800000000000005,2.5000000000000053,60,0,0.0,0.0,-1.0,,,-0.0014112666117841455,-0.2400000000000091,0.0014112666117841455,3774
5,2.800000000000005,2.600000000000005,60,0,0.0,0.0,-1.0,,,-0.0014112666117841455,-0.2400000000000091,0.0014112666117841455,3775
5,2.800000000000005,2.7000000000000046,60,0,0.0,0.0,-1.0,,,-0.0014112666117841455,-0.2400000000000091,0.0014112666117841455,3776
5,2.800000000000005,2.800000000000005,60,0,0.0,0.0,-1.0,,,-0.0014112666117841455,-0.2400000000000091,0.0014112666117841455,3777
5,2.800000000000005,2.9000000000000057,60,0,0.0,0.0,-1.0,,,-0.0014112666117841455,-0.2400000000000091,0.0014112666117841455,3778
5,2.800000000000005,3.0000000000000053,60,0,0.0,0.0,-1.0,,,-0.0014112666117841455,-0.2400000000000091,0.0014112666117841455,3779
5,2.9000000000000057,-3.0,60,0,0.0,0.0,-1.0,,,-0.0014112666117841455,-0.2400000000000091,0.0014112666117841455,3780
5,2.9000000000000057,-2.9,60,0,0.0,0.0,-1.0,,,-0.0014112666117841455,-0.2400000000000091,0.0014112666117841455,3781
5,2.9000000000000057,-2.8,60,0,0.0,0.0,-1.0,,,-0.0014112666117841455,-0.2400000000000091,0.0014112666117841455,3782
5,2.9000000000000057,-2.6999999999999997,60,0,0.0,0.0,-1.0,,,-0.0014112666117841455,-0.2400000000000091,0.0014112666117841455,3783
5,2.9000000000000057,-2.5999999999999996,60,0,0.0,0.0,-1.0,,,-0.0014112666117841455,-0.2400000000000091,0.0014112666117841455,3784
5,2.9000000000000057,-2.4999999999999996,60,0,0.0,0.0,-1.0,,,-0.0014112666117841455,-0.2400000000000091,0.0014112666117841455,3785
5,2.9000000000000057,-2.3999999999999995,60,0,0.0,0.0,-1.0,,,-0.0014112666117841455,-0.2400000000000091,0.0014112666117841455,3786
5,2.9000000000000057,-2.2999999999999994,60,0,0.0,0.0,-1.0,,,-0.0014112666117841455,-0.2400000000000091,0.0014112666117841455,3787
5,2.9000000000000057,-2.1999999999999993,60,0,0.0,0.0,-1.0,,,-0.0014112666117841455,-0.2400000000000091,0.0014112666117841455,3788
5,2.9000000000000057,-2.099999999999999,60,0,0.0,0.0,-1.0,,,-0.0014112666117841455,-0.2400000000000091,0.0014112666117841455,3789
5,2.9000000000000057,-1.9999999999999991,60,0,0.0,0.0,-1.0,,,-0.0014112666117841455,-0.2400000000000091,0.0014112666117841455,3790
5,2.9000000000000057,-1.899999999999999,60,0,0.0,0.0,-1.0,,,-0.0014112666117841455,-0.2400000000000091,0.0014112666117841455,3791
5,2.9000000000000057,-1.799999999999999,60,0,0.0,0.0,-1.0,,,-0.0014112666117841455,-0.2400000000000091,0.0014112666117841455,3792
5,2.9000000000000057,-1.6999999999999988,60,0,0.0,0.0,-1.0,,,-0.0014112666117841455,-0.2400000000000091,0.0014112666117841455,3793
5,2.9000000000000057,-1.5999999999999988,60,0,0.0,0.0,-1.0,,,-0.0014112666117841455,-0.2400000000000091,0.0014112666117841455,3794
5,2.9000000000000057,-1.4999999999999987,60,0,0.0,0.0,-1.0,,,-0.0014112666117841455,-0.2400000000000091,0.0014112666117841455,3795
5,2.9000000000000057,-1.3999999999999986,60,0,0.0,0.0,-1.0,,,-0.0014112666117841455,-0.2400000000000091,0.0014112666117841455,3796
5,2.9000000000000057,-1.2999999999999985,60,0,0.0,0.0,-1.0,,,-0.0014112666117841455,-0.2400000000000091,0.0014112666117841455,3797
5,2.9000000000000057,-1.1999999999999984,60,0,0.0,0.0,-1.0,,,-0.0014112666117841455,-0.2400000000000091,0.0014112666117841455,3798
5,2.9000000000000057,-1.0999999999999983,60,0,0.0,0.0,-1.0,,,-0.0014112666117841455,-0.2400000000000091,0.0014112666117841455,3799
5,2.9000000000000057,-0.9999999999999982,60,0,0.0,0.0,-1.0,,,-0.0014112666117841455,-0.2400000000000091,0.0014112666117841455,3800
5,2.9000000000000057,-0.8999999999999981,60,0,0.0,0.0,-1.0,,,-0.0014112666117841455,-0.2400000000000091,0.0014112666117841455,3801
5,2.9000000000000057,-0.799999999999998,60,0,0.0,0.0,-1.0,,,-0.0014112666117841455,-0.2400000000000091,0.0014112666117841455,3802
5,2.9000000000000057,-0.699999999999998,60,0,0.0,0.0,-1.0,,,-0.0014112666117841455,-0.2400000000000091,0.0014112666117841455,3803
5,2.9000000000000057,-0.5999999999999979,60,0,0.0,0.0,-1.0,,,-0.0014112666117841455,-0.2400000000000091,0.0014112666117841455,3804
5,2.9000000000000057,-0.4999999999999978,60,0,0.0,0.0,-1.0,,,-0.0014112666117841455,-0.2400000000000091,0.0014112666117841455,3805
5,2.9000000000000057,-0.3999999999999977,60,0,0.0,0.0,-1.0,,,-0.0014112666117841455,-0.2400000000000091,0.0014112666117841455,3806
5,2.9000000000000057,-0.2999999999999976,60,0,0.0,0.0,-1.0,,,-0.0014112666117841455,-0.2400000000000091,0.0014112666117841455,3807
5,2.9000000000000057,-0.1999999999999975,60,0,0.0,0.0,-1.0,,,-0.0014112666117841455,-0.2400000000000091,0.0014112666117841455,3808
5,2.9000000000000057,-0.09999999999999742,60,0,0.0,0.0,-1.0,,,-0.0014112666117841455,-0.2400000000000091,0.0014112666117841455,3809
5,2.9000000000000057,2.6645352591003757e-15,60,0,0.0,0.0,-1.0,,,-0.0014112666117841455,-0.2400000000000091,0.0014112666117841455,3810
5,2.9000000000000057,0.10000000000000275,60,0,0.0,0.0,-1.0,,,-0.0014112666117841455,-0.2400000000000091,0.0014112666117841455,3811
5,2.9000000000000057,0.20000000000000284,60,0,0.0,0.0,-1.0,,,-0.0014112666117841455,-0.2400000000000091,0.0014112666117841455,3812
5,2.9000000000000057,0.30000000000000293,60,0,0.0,0.0,-1.0,,,-0.0014112666117841455,-0.2400000000000091,0.0014112666117841455,3813
5,2.9000000000000057,0.400000000000003,60,0,0.0,0.0,-1.0,,,-0.0014112666117841455,-0.2400000000000091,0.0014112666117841455,3814
5,2.9000000000000057,0.5000000000000031,60,0,0.0,0.0,-1.0,,,-0.0014112666117841455,-0.2400000000000091,0.0014112666117841455,3815
5,2.9000000000000057,0.6000000000000032,60,0,0.0,0.0,-1.0,,,-0.0014112666117841455,-0.2400000000000091,0.0014112666117841455,3816
5,2.9000000000000057,0.7000000000000033,60,0,0.0,0.0,-1.0,,,-0.0014112666117841455,-0.2400000000000091,0.0014112666117841455,3817
5,2.9000000000000057,0.8000000000000034,60,0,0.0,0.0,-1.0,,,-0.0014112666117841455,-0.2400000000000091,0.0014112666117841455,3818
5,2.9000000000000057,0.9000000000000035,60,0,0.0,0.0,-1.0,,,-0.0014112666117841455,-0.2400000000000091,0.0014112666117841455,3819
5,2.9000000000000057,1.0000000000000036,60,0,0.0,0.0,-1.0,,,-0.0014112666117841455,-0.2400000000000091,0.0014112666117841455,3820
5,2.9000000000000057,1.1000000000000032,60,0,0.0,0.0,-1.0,,,-0.0014112666117841455,-0.2400000000000091,0.0014112666117841455,3821
5,2.9000000000000057,1.2000000000000037,60,0,0.0,0.0,-1.0,,,-0.0014112666117841455,-0.2400000000000091,0.0014112666117841455,3822
5,2.9000000000000057,1.3000000000000043,60,0,0.0,0.0,-1.0,,,-0.0014112666117841455,-0.2400000000000091,0.0014112666117841455,3823
5,2.9000000000000057,1.400000000000004,60,0,0.0,0.0,-1.0,,,-0.0014112666117841455,-0.2400000000000091,0.0014112666117841455,3824
5,2.9000000000000057,1.5000000000000036,60,0,0.0,0.0,-1.0,,,-0.0014112666117841455,-0.2400000000000091,0.0014112666117841455,3825
5,2.9000000000000057,1.600000000000004,60,0,0.0,0.0,-1.0,,,-0.0014112666117841455,-0.2400000000000091,0.0014112666117841455,3826
5,2.9000000000000057,1.7000000000000046,60,0,0.0,0.0,-1.0,,,-0.0014112666117841455,-0.2400000000000091,0.0014112666117841455,3827
5,2.9000000000000057,1.8000000000000043,60,0,0.0,0.0,-1.0,,,-0.0014112666117841455,-0.2400000000000091,0.0014112666117841455,3828
5,2.9000000000000057,1.900000000000004,60,0,0.0,0.0,-1.0,,,-0.0014112666117841455,-0.2400000000000091,0.0014112666117841455,3829
5,2.9000000000000057,2.0000000000000044,60,0,0.0,0.0,-1.0,,,-0.0014112666117841455,-0.2400000000000091,0.0014112666117841455,3830
5,2.9000000000000057,2.100000000000005,60,0,0.0,0.0,-1.0,,,-0.0014112666117841455,-0.2400000000000091,0.0014112666117841455,3831
5,2.9000000000000057,2.2000000000000046,60,0,0.0,0.0,-1.0,,,-0.0014112666117841455,-0.2400000000000091,0.0014112666117841455,3832
5,2.9000000000000057,2.3000000000000043,60,0,0.0,0.0,-1.0,,,-0.0014112666117841455,-0.2400000000000091,0.0014112666117841455,3833
5,2.9000000000000057,2.400000000000005,60,0,0.0,0.0,-1.0,,,-0.0014112666117841455,-0.2400000000000091,0.0014112666117841455,3834
5,2.9000000000000057,2.5000000000000053,60,0,0.0,0.0,-1.0,,,-0.0014112666117841455,-0.2400000000000091,0.0014112666117841455,3835
5,2.9000000000000057,2.600000000000005,60,0,0.0,0.0,-1.0,,,-0.0014112666117841455,-0.2400000000000091,0.0014112666117841455,3836
5,2.9000000000000057,2.7000000000000046,60,0,0.0,0.0,-1.0,,,-0.0014112666117841455,-0.2400000000000091,0.0014112666117841455,3837
5,2.9000000000000057,2.800000000000005,60,0,0.0,0.0,-1.0,,,-0.0014112666117841455,-0.2400000000000091,0.0014112666117841455,3838
5,2.9000000000000057,2.9000000000000057,60,0,0.0,0.0,-1.0,,,-0.0014112666117841455,-0.2400000000000091,0.0014112666117841455,3839
5,2.9000000000000057,3.0000000000000053,60,0,0.0,0.0,-1.0,,,-0.0014112666117841455,-0.2400000000000091,0.0014112666117841455,3840
5,3.0000000000000053,-3.0,60,0,0.0,0.0,-1.0,,,-0.0014112666117841455,-0.2400000000000091,0.0014112666117841455,3841
5,3.0000000000000053,-2.9,60,0,0.0,0.0,-1.0,,,-0.0014112666117841455,-0.2400000000000091,0.0014112666117841455,3842
5,3.0000000000000053,-2.8,60,0,0.0,0.0,-1.0,,,-0.0014112666117841455,-0.2400000000000091,0.0014112666117841455,3843
5,3.0000000000000053,-2.6999999999999997,60,0,0.0,0.0,-1.0,,,-0.0014112666117841455,-0.2400000000000091,0.0014112666117841455,3844
5,3.0000000000000053,-2.5999999999999996,60,0,0.0,0.0,-1.0,,,-0.0014112666117841455,-0.2400000000000091,0.0014112666117841455,3845
5,3.0000000000000053,-2.4999999999999996,60,0,0.0,0.0,-1.0,,,-0.0014112666117841455,-0.2400000000000091,0.0014112666117841455,3846
5,3.0000000000000053,-2.3999999999999995,60,0,0.0,0.0,-1.0,,,-0.0014112666117841455,-0.2400000000000091,0.0014112666117841455,3847
5,3.0000000000000053,-2.2999999999999994,60,0,0.0,0.0,-1.0,,,-0.0014112666117841455,-0.2400000000000091,0.0014112666117841455,3848
5,3.0000000000000053,-2.1999999999999993,60,0,0.0,0.0,-1.0,,,-0.0014112666117841455,-0.2400000000000091,0.0014112666117841455,3849
5,3.0000000000000053,-2.099999999999999,60,0,0.0,0.0,-1.0,,,-0.0014112666117841455,-0.2400000000000091,0.0014112666117841455,3850
5,3.0000000000000053,-1.9999999999999991,60,0,0.0,0.0,-1.0,,,-0.0014112666117841455,-0.2400000000000091,0.0014112666117841455,3851
5,3.0000000000000053,-1.899999999999999,60,0,0.0,0.0,-1.0,,,-0.0014112666117841455,-0.2400000000000091,0.0014112666117841455,3852
5,3.0000000000000053,-1.799999999999999,60,0,0.0,0.0,-1.0,,,-0.0014112666117841455,-0.2400000000000091,0.0014112666117841455,3853
5,3.0000000000000053,-1.6999999999999988,60,0,0.0,0.0,-1.0,,,-0.0014112666117841455,-0.2400000000000091,0.0014112666117841455,3854
5,3.0000000000000053,-1.5999999999999988,60,0,0.0,0.0,-1.0,,,-0.0014112666117841455,-0.2400000000000091,0.0014112666117841455,3855
5,3.0000000000000053,-1.4999999999999987,60,0,0.0,0.0,-1.0,,,-0.0014112666117841455,-0.2400000000000091,0.0014112666117841455,3856
5,3.0000000000000053,-1.3999999999999986,60,0,0.0,0.0,-1.0,,,-0.0014112666117841455,-0.2400000000000091,0.0014112666117841455,3857
5,3.0000000000000053,-1.2999999999999985,60,0,0.0,0.0,-1.0,,,-0.0014112666117841455,-0.2400000000000091,0.0014112666117841455,3858
5,3.0000000000000053,-1.1999999999999984,60,0,0.0,0.0,-1.0,,,-0.0014112666117841455,-0.2400000000000091,0.0014112666117841455,3859
5,3.0000000000000053,-1.0999999999999983,60,0,0.0,0.0,-1.0,,,-0.0014112666117841455,-0.2400000000000091,0.0014112666117841455,3860
5,3.0000000000000053,-0.9999999999999982,60,0,0.0,0.0,-1.0,,,-0.0014112666117841455,-0.2400000000000091,0.0014112666117841455,3861
5,3.0000000000000053,-0.8999999999999981,60,0,0.0,0.0,-1.0,,,-0.0014112666117841455,-0.2400000000000091,0.0014112666117841455,3862
5,3.0000000000000053,-0.799999999999998,60,0,0.0,0.0,-1.0,,,-0.0014112666117841455,-0.2400000000000091,0.0014112666117841455,3863
5,3.0000000000000053,-0.699999999999998,60,0,0.0,0.0,-1.0,,,-0.0014112666117841455,-0.2400000000000091,0.0014112666117841455,3864
5,3.0000000000000053,-0.5999999999999979,60,0,0.0,0.0,-1.0,,,-0.0014112666117841455,-0.2400000000000091,0.0014112666117841455,3865
5,3.0000000000000053,-0.4999999999999978,60,0,0.0,0.0,-1.0,,,-0.0014112666117841455,-0.2400000000000091,0.0014112666117841455,3866
5,3.0000000000000053,-0.3999999999999977,60,0,0.0,0.0,-1.0,,,-0.0014112666117841455,-0.2400000000000091,0.0014112666117841455,3867
5,3.0000000000000053,-0.2999999999999976,60,0,0.0,0.0,-1.0,,,-0.0014112666117841455,-0.2400000000000091,0.0014112666117841455,3868
5,3.0000000000000053,-0.1999999999999975,60,0,0.0,0.0,-1.0,,,-0.0014112666117841455,-0.2400000000000091,0.0014112666117841455,3869
5,3.0000000000000053,-0.09999999999999742,60,0,0.0,0.0,-1.0,,,-0.0014112666117841455,-0.2400000000000091,0.0014112666117841455,3870
5,3.0000000000000053,2.6645352591003757e-15,60,0,0.0,0.0,-1.0,,,-0.0014112666117841455,-0.2400000000000091,0.0014112666117841455,3871
5,3.0000000000000053,0.10000000000000275,60,0,0.0,0.0,-1.0,,,-0.0014112666117841455,-0.2400000000000091,0.0014112666117841455,3872
5,3.0000000000000053,0.20000000000000284,60,0,0.0,0.0,-1.0,,,-0.0014112666117841455,-0.2400000000000091,0.0014112666117841455,3873
5,3.0000000000000053,0.30000000000000293,60,0,0.0,0.0,-1.0,,,-0.0014112666117841455,-0.2400000000000091,0.0014112666117841455,3874
5,3.0000000000000053,0.400000000000003,60,0,0.0,0.0,-1.0,,,-0.0014112666117841455,-0.2400000000000091,0.0014112666117841455,3875
5,3.0000000000000053,0.5000000000000031,60,0,0.0,0.0,-1.0,,,-0.0014112666117841455,-0.2400000000000091,0.0014112666117841455,3876
5,3.0000000000000053,0.6000000000000032,60,0,0.0,0.0,-1.0,,,-0.0014112666117841455,-0.2400000000000091,0.0014112666117841455,3877
5,3.0000000000000053,0.7000000000000033,60,0,0.0,0.0,-1.0,,,-0.0014112666117841455,-0.2400000000000091,0.0014112666117841455,3878
5,3.0000000000000053,0.8000000000000034,60,0,0.0,0.0,-1.0,,,-0.0014112666117841455,-0.2400000000000091,0.0014112666117841455,3879
5,3.0000000000000053,0.9000000000000035,60,0,0.0,0.0,-1.0,,,-0.0014112666117841455,-0.2400000000000091,0.0014112666117841455,3880
5,3.0000000000000053,1.0000000000000036,60,0,0.0,0.0,-1.0,,,-0.0014112666117841455,-0.2400000000000091,0.0014112666117841455,3881
5,3.0000000000000053,1.1000000000000032,60,0,0.0,0.0,-1.0,,,-0.0014112666117841455,-0.2400000000000091,0.0014112666117841455,3882
5,3.0000000000000053,1.2000000000000037,60,0,0.0,0.0,-1.0,,,-0.0014112666117841455,-0.2400000000000091,0.0014112666117841455,3883
5,3.0000000000000053,1.3000000000000043,60,0,0.0,0.0,-1.0,,,-0.0014112666117841455,-0.2400000000000091,0.0014112666117841455,3884
5,3.0000000000000053,1.400000000000004,60,0,0.0,0.0,-1.0,,,-0.0014112666117841455,-0.2400000000000091,0.0014112666117841455,3885
5,3.0000000000000053,1.5000000000000036,60,0,0.0,0.0,-1.0,,,-0.0014112666117841455,-0.2400000000000091,0.0014112666117841455,3886
5,3.0000000000000053,1.600000000000004,60,0,0.0,0.0,-1.0,,,-0.0014112666117841455,-0.2400000000000091,0.0014112666117841455,3887
5,3.0000000000000053,1.7000000000000046,60,0,0.0,0.0,-1.0,,,-0.0014112666117841455,-0.2400000000000091,0.0014112666117841455,3888
5,3.0000000000000053,1.8000000000000043,60,0,0.0,0.0,-1.0,,,-0.0014112666117841455,-0.2400000000000091,0.0014112666117841455,3889
5,3.0000000000000053,1.900000000000004,60,0,0.0,0.0,-1.0,,,-0.0014112666117841455,-0.2400000000000091,0.0014112666117841455,3890
5,3.0000000000000053,2.0000000000000044,60,0,0.0,0.0,-1.0,,,-0.0014112666117841455,-0.2400000000000091,0.0014112666117841455,3891
5,3.0000000000000053,2.100000000000005,60,0,0.0,0.0,-1.0,,,-0.0014112666117841455,-0.2400000000000091,0.0014112666117841455,3892
5,3.0000000000000053,2.2000000000000046,60,0,0.0,0.0,-1.0,,,-0.0014112666117841455,-0.2400000000000091,0.0014112666117841455,3893
5,3.0000000000000053,2.3000000000000043,60,0,0.0,0.0,-1.0,,,-0.0014112666117841455,-0.2400000000000091,0.0014112666117841455,3894
5,3.0000000000000053,2.400000000000005,60,0,0.0,0.0,-1.0,,,-0.0014112666117841455,-0.2400000000000091,0.0014112666117841455,3895
5,3.0000000000000053,2.5000000000000053,60,0,0.0,0.0,-1.0,,,-0.0014112666117841455,-0.2400000000000091,0.0014112666117841455,3896
5,3.0000000000000053,2.600000000000005,60,0,0.0,0.0,-1.0,,,-0.0014112666117841455,-0.2400000000000091,0.0014112666117841455,3897
5,3.0000000000000053,2.7000000000000046,60,0,0.0,0.0,-1.0,,,-0.0014112666117841455,-0.2400000000000091,0.0014112666117841455,3898
5,3.0000000000000053,2.800000000000005,60,0,0.0,0.0,-1.0,,,-0.0014112666117841455,-0.2400000000000091,0.0014112666117841455,3899
5,3.0000000000000053,2.9000000000000057,60,0,0.0,0.0,-1.0,,,-0.0014112666117841455,-0.2400000000000091,0.0014112666117841455,3900
5,3.0000000000000053,3.0000000000000053,60,0,0.0,0.0,-1.0,,,-0.0014112666117841455,-0.2400000000000091,0.0014112666117841455,3901
5,-3.0,-0.799999999999998,60,19,0.0700000000000216,-2.8713215962761218e-05,0.5263157894736842,1.601729212805541e-05,1.3157894736842106,-0.0014112666117841455,-0.2400000000000091,0.0013825533958213843,3902
5,-2.9,-0.799999999999998,60,19,0.0700000000000216,-2.8713215962761218e-05,0.5263157894736842,1.601729212805541e-05,1.3157894736842106,-0.0014112666117841455,-0.2400000000000091,0.0013825533958213843,3903
5,-2.8,-0.799999999999998,60,19,0.0700000000000216,-2.8713215962761218e-05,0.5263157894736842,1.601729212805541e-05,1.3157894736842106,-0.0014112666117841455,-0.2400000000000091,0.0013825533958213843,3904
5,-2.6999999999999997,-0.799999999999998,60,19,0.0700000000000216,-2.8713215962761218e-05,0.5263157894736842,1.601729212805541e-05,1.3157894736842106,-0.0014112666117841455,-0.2400000000000091,0.0013825533958213843,3905
5,-2.5999999999999996,-0.799999999999998,60,19,0.0700000000000216,-2.8713215962761218e-05,0.5263157894736842,1.601729212805541e-05,1.3157894736842106,-0.0014112666117841455,-0.2400000000000091,0.0013825533958213843,3906
5,-2.4999999999999996,-0.799999999999998,60,19,0.0700000000000216,-2.8713215962761218e-05,0.5263157894736842,1.601729212805541e-05,1.3157894736842106,-0.0014112666117841455,-0.2400000000000091,0.0013825533958213843,3907
5,-2.3999999999999995,-0.799999999999998,60,19,0.0700000000000216,-2.8713215962761218e-05,0.5263157894736842,1.601729212805541e-05,1.3157894736842106,-0.0014112666117841455,-0.2400000000000091,0.0013825533958213843,3908
5,-2.2999999999999994,-0.799999999999998,60,19,0.0700000000000216,-2.8713215962761218e-05,0.5263157894736842,1.601729212805541e-05,1.3157894736842106,-0.0014112666117841455,-0.2400000000000091,0.0013825533958213843,3909
5,-2.1999999999999993,-0.799999999999998,60,19,0.0700000000000216,-2.8713215962761218e-05,0.5263157894736842,1.601729212805541e-05,1.3157894736842106,-0.0014112666117841455,-0.2400000000000091,0.0013825533958213843,3910
5,-2.099999999999999,-0.799999999999998,60,19,0.0700000000000216,-2.8713215962761218e-05,0.5263157894736842,1.601729212805541e-05,1.3157894736842106,-0.0014112666117841455,-0.2400000000000091,0.0013825533958213843,3911
5,-1.9999999999999991,-0.799999999999998,60,19,0.0700000000000216,-2.8713215962761218e-05,0.5263157894736842,1.601729212805541e-05,1.3157894736842106,-0.0014112666117841455,-0.2400000000000091,0.0013825533958213843,3912
5,-1.899999999999999,-0.799999999999998,60,19,0.0700000000000216,-2.8713215962761218e-05,0.5263157894736842,1.601729212805541e-05,1.3157894736842106,-0.0014112666117841455,-0.2400000000000091,0.0013825533958213843,3913
5,-1.799999999999999,-0.799999999999998,60,19,0.0700000000000216,-2.8713215962761218e-05,0.5263157894736842,1.601729212805541e-05,1.3157894736842106,-0.0014112666117841455,-0.2400000000000091,0.0013825533958213843,3914
5,-1.6999999999999988,-0.799999999999998,60,19,0.0700000000000216,-2.8713215962761218e-05,0.5263157894736842,1.601729212805541e-05,1.3157894736842106,-0.0014112666117841455,-0.2400000000000091,0.0013825533958213843,3915
10,1.2000000000000037,-0.9999999999999982,55,5,0.03999999999996362,-4.041748413019519e-05,0.8,0.00027323884793948314,9.6,-0.007654999123473449,-1.3100000000000023,0.007614581639343254,3916
10,1.3000000000000043,-0.9999999999999982,55,5,0.03999999999996362,-4.041748413019519e-05,0.8,0.00027323884793948314,9.6,-0.007654999123473449,-1.3100000000000023,0.007614581639343254,3917
22,-3.0,-0.3999999999999977,43,14,-0.05000000000001137,-0.00016299407108366637,0.5,1.020936264934618e-05,1.4285714285714286,-0.04541877459246779,-8.080000000000013,0.045255780521384126,3918
10,0.20000000000000284,-1.4999999999999987,55,13,0.14000000000001478,-0.00018454353670116497,0.8461538461538461,0.00012244966355315996,3.6923076923076925,-0.007654999123473449,-1.3100000000000023,0.007470455586772284,3919
22,1.2000000000000037,1.600000000000004,43,1,-0.040000000000020464,-0.00023376775173877817,0.0,-0.00023376775173877817,29.0,-0.04541877459246779,-8.080000000000013,0.045185006840729014,3920
22,1.2000000000000037,1.7000000000000046,43,1,-0.040000000000020464,-0.00023376775173877817,0.0,-0.00023376775173877817,29.0,-0.04541877459246779,-8.080000000000013,0.045185006840729014,3921
22,1.2000000000000037,1.8000000000000043,43,1,-0.040000000000020464,-0.00023376775173877817,0.0,-0.00023376775173877817,29.0,-0.04541877459246779,-8.080000000000013,0.045185006840729014,3922
22,1.2000000000000037,1.900000000000004,43,1,-0.040000000000020464,-0.00023376775173877817,0.0,-0.00023376775173877817,29.0,-0.04541877459246779,-8.080000000000013,0.045185006840729014,3923
22,1.2000000000000037,2.0000000000000044,43,1,-0.040000000000020464,-0.00023376775173877817,0.0,-0.00023376775173877817,29.0,-0.04541877459246779,-8.080000000000013,0.045185006840729014,3924
22,1.2000000000000037,2.100000000000005,43,1,-0.040000000000020464,-0.00023376775173877817,0.0,-0.00023376775173877817,29.0,-0.04541877459246779,-8.080000000000013,0.045185006840729014,3925
22,1.2000000000000037,2.2000000000000046,43,1,-0.040000000000020464,-0.00023376775173877817,0.0,-0.00023376775173877817,29.0,-0.04541877459246779,-8.080000000000013,0.045185006840729014,3926
22,1.2000000000000037,2.3000000000000043,43,1,-0.040000000000020464,-0.00023376775173877817,0.0,-0.00023376775173877817,29.0,-0.04541877459246779,-8.080000000000013,0.045185006840729014,3927
22,1.2000000000000037,2.400000000000005,43,1,-0.040000000000020464,-0.00023376775173877817,0.0,-0.00023376775173877817,29.0,-0.04541877459246779,-8.080000000000013,0.045185006840729014,3928
22,1.2000000000000037,2.5000000000000053,43,1,-0.040000000000020464,-0.00023376775173877817,0.0,-0.00023376775173877817,29.0,-0.04541877459246779,-8.080000000000013,0.045185006840729014,3929
22,1.2000000000000037,2.600000000000005,43,1,-0.040000000000020464,-0.00023376775173877817,0.0,-0.00023376775173877817,29.0,-0.04541877459246779,-8.080000000000013,0.045185006840729014,3930
22,1.2000000000000037,2.7000000000000046,43,1,-0.040000000000020464,-0.00023376775173877817,0.0,-0.00023376775173877817,29.0,-0.04541877459246779,-8.080000000000013,0.045185006840729014,3931
22,1.2000000000000037,2.800000000000005,43,1,-0.040000000000020464,-0.00023376775173877817,0.0,-0.00023376775173877817,29.0,-0.04541877459246779,-8.080000000000013,0.045185006840729014,3932
22,1.2000000000000037,2.9000000000000057,43,1,-0.040000000000020464,-0.00023376775173877817,0.0,-0.00023376775173877817,29.0,-0.04541877459246779,-8.080000000000013,0.045185006840729014,3933
22,1.3000000000000043,1.600000000000004,43,1,-0.040000000000020464,-0.00023376775173877817,0.0,-0.00023376775173877817,29.0,-0.04541877459246779,-8.080000000000013,0.045185006840729014,3934
22,1.3000000000000043,1.7000000000000046,43,1,-0.040000000000020464,-0.00023376775173877817,0.0,-0.00023376775173877817,29.0,-0.04541877459246779,-8.080000000000013,0.045185006840729014,3935
22,1.3000000000000043,1.8000000000000043,43,1,-0.040000000000020464,-0.00023376775173877817,0.0,-0.00023376775173877817,29.0,-0.04541877459246779,-8.080000000000013,0.045185006840729014,3936
22,1.3000000000000043,1.900000000000004,43,1,-0.040000000000020464,-0.00023376775173877817,0.0,-0.00023376775173877817,29.0,-0.04541877459246779,-8.080000000000013,0.045185006840729014,3937
22,1.3000000000000043,2.0000000000000044,43,1,-0.040000000000020464,-0.00023376775173877817,0.0,-0.00023376775173877817,29.0,-0.04541877459246779,-8.080000000000013,0.045185006840729014,3938
22,1.3000000000000043,2.100000000000005,43,1,-0.040000000000020464,-0.00023376775173877817,0.0,-0.00023376775173877817,29.0,-0.04541877459246779,-8.080000000000013,0.045185006840729014,3939
22,1.3000000000000043,2.2000000000000046,43,1,-0.040000000000020464,-0.00023376775173877817,0.0,-0.00023376775173877817,29.0,-0.04541877459246779,-8.080000000000013,0.045185006840729014,3940
22,1.3000000000000043,2.3000000000000043,43,1,-0.040000000000020464,-0.00023376775173877817,0.0,-0.00023376775173877817,29.0,-0.04541877459246779,-8.080000000000013,0.045185006840729014,3941
22,1.3000000000000043,2.400000000000005,43,1,-0.040000000000020464,-0.00023376775173877817,0.0,-0.00023376775173877817,29.0,-0.04541877459246779,-8.080000000000013,0.045185006840729014,3942
22,1.3000000000000043,2.5000000000000053,43,1,-0.040000000000020464,-0.00023376775173877817,0.0,-0.00023376775173877817,29.0,-0.04541877459246779,-8.080000000000013,0.045185006840729014,3943
22,1.3000000000000043,2.600000000000005,43,1,-0.040000000000020464,-0.00023376775173877817,0.0,-0.00023376775173877817,29.0,-0.04541877459246779,-8.080000000000013,0.045185006840729014,3944
22,1.3000000000000043,2.7000000000000046,43,1,-0.040000000000020464,-0.00023376775173877817,0.0,-0.00023376775173877817,29.0,-0.04541877459246779,-8.080000000000013,0.045185006840729014,3945
22,1.3000000000000043,2.800000000000005,43,1,-0.040000000000020464,-0.00023376775173877817,0.0,-0.00023376775173877817,29.0,-0.04541877459246779,-8.080000000000013,0.045185006840729014,3946
22,1.3000000000000043,2.9000000000000057,43,1,-0.040000000000020464,-0.00023376775173877817,0.0,-0.00023376775173877817,29.0,-0.04541877459246779,-8.080000000000013,0.045185006840729014,3947
5,0.6000000000000032,-1.3999999999999986,60,14,0.03999999999996362,-0.00027974484265325117,0.7142857142857143,0.00011286929748978634,4.071428571428571,-0.0014112666117841455,-0.2400000000000091,0.0011315217691308943,3948
5,0.6000000000000032,-1.1999999999999984,60,11,-0.020000000000010232,-0.00033171245550411843,0.8181818181818182,0.00012645571474430422,4.636363636363637,-0.0014112666117841455,-0.2400000000000091,0.001079554156280027,3949
5,0.7000000000000033,-1.1999999999999984,60,11,-0.020000000000010232,-0.00033171245550411843,0.8181818181818182,0.00012645571474430422,4.636363636363637,-0.0014112666117841455,-0.2400000000000091,0.001079554156280027,3950
10,0.30000000000000293,-3.0,55,14,0.01999999999998181,-0.0003424031395702354,0.8571428571428571,0.00011229374680569013,3.857142857142857,-0.007654999123473449,-1.3100000000000023,0.007312595983903214,3951
10,0.30000000000000293,-2.9,55,14,0.01999999999998181,-0.0003424031395702354,0.8571428571428571,0.00011229374680569013,3.857142857142857,-0.007654999123473449,-1.3100000000000023,0.007312595983903214,3952
10,0.30000000000000293,-2.8,55,14,0.01999999999998181,-0.0003424031395702354,0.8571428571428571,0.00011229374680569013,3.857142857142857,-0.007654999123473449,-1.3100000000000023,0.007312595983903214,3953
10,0.30000000000000293,-2.6999999999999997,55,14,0.01999999999998181,-0.0003424031395702354,0.8571428571428571,0.00011229374680569013,3.857142857142857,-0.007654999123473449,-1.3100000000000023,0.007312595983903214,3954
10,0.30000000000000293,-2.5999999999999996,55,14,0.01999999999998181,-0.0003424031395702354,0.8571428571428571,0.00011229374680569013,3.857142857142857,-0.007654999123473449,-1.3100000000000023,0.007312595983903214,3955
10,0.30000000000000293,-2.4999999999999996,55,14,0.01999999999998181,-0.0003424031395702354,0.8571428571428571,0.00011229374680569013,3.857142857142857,-0.007654999123473449,-1.3100000000000023,0.007312595983903214,3956
10,0.30000000000000293,-2.3999999999999995,55,14,0.01999999999998181,-0.0003424031395702354,0.8571428571428571,0.00011229374680569013,3.857142857142857,-0.007654999123473449,-1.3100000000000023,0.007312595983903214,3957
10,0.30000000000000293,-2.2999999999999994,55,14,0.01999999999998181,-0.0003424031395702354,0.8571428571428571,0.00011229374680569013,3.857142857142857,-0.007654999123473449,-1.3100000000000023,0.007312595983903214,3958
10,0.30000000000000293,-2.1999999999999993,55,14,0.01999999999998181,-0.0003424031395702354,0.8571428571428571,0.00011229374680569013,3.857142857142857,-0.007654999123473449,-1.3100000000000023,0.007312595983903214,3959
10,0.30000000000000293,-2.099999999999999,55,14,0.01999999999998181,-0.0003424031395702354,0.8571428571428571,0.00011229374680569013,3.857142857142857,-0.007654999123473449,-1.3100000000000023,0.007312595983903214,3960
22,0.400000000000003,1.600000000000004,43,1,-0.0700000000000216,-0.0004090935655427508,0.0,-0.0004090935655427508,28.0,-0.04541877459246779,-8.080000000000013,0.04500968102692504,3961
22,0.400000000000003,1.7000000000000046,43,1,-0.0700000000000216,-0.0004090935655427508,0.0,-0.0004090935655427508,28.0,-0.04541877459246779,-8.080000000000013,0.04500968102692504,3962
22,0.400000000000003,1.8000000000000043,43,1,-0.0700000000000216,-0.0004090935655427508,0.0,-0.0004090935655427508,28.0,-0.04541877459246779,-8.080000000000013,0.04500968102692504,3963
22,0.400000000000003,1.900000000000004,43,1,-0.0700000000000216,-0.0004090935655427508,0.0,-0.0004090935655427508,28.0,-0.04541877459246779,-8.080000000000013,0.04500968102692504,3964
22,0.400000000000003,2.0000000000000044,43,1,-0.0700000000000216,-0.0004090935655427508,0.0,-0.0004090935655427508,28.0,-0.04541877459246779,-8.080000000000013,0.04500968102692504,3965
22,0.400000000000003,2.100000000000005,43,1,-0.0700000000000216,-0.0004090935655427508,0.0,-0.0004090935655427508,28.0,-0.04541877459246779,-8.080000000000013,0.04500968102692504,3966
22,0.400000000000003,2.2000000000000046,43,1,-0.0700000000000216,-0.0004090935655427508,0.0,-0.0004090935655427508,28.0,-0.04541877459246779,-8.080000000000013,0.04500968102692504,3967
22,0.400000000000003,2.3000000000000043,43,1,-0.0700000000000216,-0.0004090935655427508,0.0,-0.0004090935655427508,28.0,-0.04541877459246779,-8.080000000000013,0.04500968102692504,3968
22,0.400000000000003,2.400000000000005,43,1,-0.0700000000000216,-0.0004090935655427508,0.0,-0.0004090935655427508,28.0,-0.04541877459246779,-8.080000000000013,0.04500968102692504,3969
22,0.400000000000003,2.5000000000000053,43,1,-0.0700000000000216,-0.0004090935655427508,0.0,-0.0004090935655427508,28.0,-0.04541877459246779,-8.080000000000013,0.04500968102692504,3970
22,0.400000000000003,2.600000000000005,43,1,-0.0700000000000216,-0.0004090935655427508,0.0,-0.0004090935655427508,28.0,-0.04541877459246779,-8.080000000000013,0.04500968102692504,3971
22,0.400000000000003,2.7000000000000046,43,1,-0.0700000000000216,-0.0004090935655427508,0.0,-0.0004090935655427508,28.0,-0.04541877459246779,-8.080000000000013,0.04500968102692504,3972
22,0.400000000000003,2.800000000000005,43,1,-0.0700000000000216,-0.0004090935655427508,0.0,-0.0004090935655427508,28.0,-0.04541877459246779,-8.080000000000013,0.04500968102692504,3973
22,0.400000000000003,2.9000000000000057,43,1,-0.0700000000000216,-0.0004090935655427508,0.0,-0.0004090935655427508,28.0,-0.04541877459246779,-8.080000000000013,0.04500968102692504,3974
22,0.5000000000000031,1.600000000000004,43,1,-0.0700000000000216,-0.0004090935655427508,0.0,-0.0004090935655427508,28.0,-0.04541877459246779,-8.080000000000013,0.04500968102692504,3975
22,0.5000000000000031,1.7000000000000046,43,1,-0.0700000000000216,-0.0004090935655427508,0.0,-0.0004090935655427508,28.0,-0.04541877459246779,-8.080000000000013,0.04500968102692504,3976
22,0.5000000000000031,1.8000000000000043,43,1,-0.0700000000000216,-0.0004090935655427508,0.0,-0.0004090935655427508,28.0,-0.04541877459246779,-8.080000000000013,0.04500968102692504,3977
22,0.5000000000000031,1.900000000000004,43,1,-0.0700000000000216,-0.0004090935655427508,0.0,-0.0004090935655427508,28.0,-0.04541877459246779,-8.080000000000013,0.04500968102692504,3978
22,0.5000000000000031,2.0000000000000044,43,1,-0.0700000000000216,-0.0004090935655427508,0.0,-0.0004090935655427508,28.0,-0.04541877459246779,-8.080000000000013,0.04500968102692504,3979
22,0.5000000000000031,2.100000000000005,43,1,-0.0700000000000216,-0.0004090935655427508,0.0,-0.0004090935655427508,28.0,-0.04541877459246779,-8.080000000000013,0.04500968102692504,3980
22,0.5000000000000031,2.2000000000000046,43,1,-0.0700000000000216,-0.0004090935655427508,0.0,-0.0004090935655427508,28.0,-0.04541877459246779,-8.080000000000013,0.04500968102692504,3981
22,0.5000000000000031,2.3000000000000043,43,1,-0.0700000000000216,-0.0004090935655427508,0.0,-0.0004090935655427508,28.0,-0.04541877459246779,-8.080000000000013,0.04500968102692504,3982
22,0.5000000000000031,2.400000000000005,43,1,-0.0700000000000216,-0.0004090935655427508,0.0,-0.0004090935655427508,28.0,-0.04541877459246779,-8.080000000000013,0.04500968102692504,3983
22,0.5000000000000031,2.5000000000000053,43,1,-0.0700000000000216,-0.0004090935655427508,0.0,-0.0004090935655427508,28.0,-0.04541877459246779,-8.080000000000013,0.04500968102692504,3984
22,0.5000000000000031,2.600000000000005,43,1,-0.0700000000000216,-0.0004090935655427508,0.0,-0.0004090935655427508,28.0,-0.04541877459246779,-8.080000000000013,0.04500968102692504,3985
22,0.5000000000000031,2.7000000000000046,43,1,-0.0700000000000216,-0.0004090935655427508,0.0,-0.0004090935655427508,28.0,-0.04541877459246779,-8.080000000000013,0.04500968102692504,3986
22,0.5000000000000031,2.800000000000005,43,1,-0.0700000000000216,-0.0004090935655427508,0.0,-0.0004090935655427508,28.0,-0.04541877459246779,-8.080000000000013,0.04500968102692504,3987
22,0.5000000000000031,2.9000000000000057,43,1,-0.0700000000000216,-0.0004090935655427508,0.0,-0.0004090935655427508,28.0,-0.04541877459246779,-8.080000000000013,0.04500968102692504,3988
22,0.6000000000000032,1.600000000000004,43,1,-0.0700000000000216,-0.0004090935655427508,0.0,-0.0004090935655427508,28.0,-0.04541877459246779,-8.080000000000013,0.04500968102692504,3989
22,0.6000000000000032,1.7000000000000046,43,1,-0.0700000000000216,-0.0004090935655427508,0.0,-0.0004090935655427508,28.0,-0.04541877459246779,-8.080000000000013,0.04500968102692504,3990
22,0.6000000000000032,1.8000000000000043,43,1,-0.0700000000000216,-0.0004090935655427508,0.0,-0.0004090935655427508,28.0,-0.04541877459246779,-8.080000000000013,0.04500968102692504,3991
22,0.6000000000000032,1.900000000000004,43,1,-0.0700000000000216,-0.0004090935655427508,0.0,-0.0004090935655427508,28.0,-0.04541877459246779,-8.080000000000013,0.04500968102692504,3992
22,0.6000000000000032,2.0000000000000044,43,1,-0.0700000000000216,-0.0004090935655427508,0.0,-0.0004090935655427508,28.0,-0.04541877459246779,-8.080000000000013,0.04500968102692504,3993
22,0.6000000000000032,2.100000000000005,43,1,-0.0700000000000216,-0.0004090935655427508,0.0,-0.0004090935655427508,28.0,-0.04541877459246779,-8.080000000000013,0.04500968102692504,3994
22,0.6000000000000032,2.2000000000000046,43,1,-0.0700000000000216,-0.0004090935655427508,0.0,-0.0004090935655427508,28.0,-0.04541877459246779,-8.080000000000013,0.04500968102692504,3995
22,0.6000000000000032,2.3000000000000043,43,1,-0.0700000000000216,-0.0004090935655427508,0.0,-0.0004090935655427508,28.0,-0.04541877459246779,-8.080000000000013,0.04500968102692504,3996
22,0.6000000000000032,2.400000000000005,43,1,-0.0700000000000216,-0.0004090935655427508,0.0,-0.0004090935655427508,28.0,-0.04541877459246779,-8.080000000000013,0.04500968102692504,3997
22,0.6000000000000032,2.5000000000000053,43,1,-0.0700000000000216,-0.0004090935655427508,0.0,-0.0004090935655427508,28.0,-0.04541877459246779,-8.080000000000013,0.04500968102692504,3998
22,0.6000000000000032,2.600000000000005,43,1,-0.0700000000000216,-0.0004090935655427508,0.0,-0.0004090935655427508,28.0,-0.04541877459246779,-8.080000000000013,0.04500968102692504,3999
22,0.6000000000000032,2.7000000000000046,43,1,-0.0700000000000216,-0.0004090935655427508,0.0,-0.0004090935655427508,28.0,-0.04541877459246779,-8.080000000000013,0.04500968102692504,4000
22,0.6000000000000032,2.800000000000005,43,1,-0.0700000000000216,-0.0004090935655427508,0.0,-0.0004090935655427508,28.0,-0.04541877459246779,-8.080000000000013,0.04500968102692504,4001
22,0.6000000000000032,2.9000000000000057,43,1,-0.0700000000000216,-0.0004090935655427508,0.0,-0.0004090935655427508,28.0,-0.04541877459246779,-8.080000000000013,0.04500968102692504,4002
22,0.7000000000000033,1.600000000000004,43,1,-0.0700000000000216,-0.0004090935655427508,0.0,-0.0004090935655427508,28.0,-0.04541877459246779,-8.080000000000013,0.04500968102692504,4003
22,0.7000000000000033,1.7000000000000046,43,1,-0.0700000000000216,-0.0004090935655427508,0.0,-0.0004090935655427508,28.0,-0.04541877459246779,-8.080000000000013,0.04500968102692504,4004
22,0.7000000000000033,1.8000000000000043,43,1,-0.0700000000000216,-0.0004090935655427508,0.0,-0.0004090935655427508,28.0,-0.04541877459246779,-8.080000000000013,0.04500968102692504,4005
22,0.7000000000000033,1.900000000000004,43,1,-0.0700000000000216,-0.0004090935655427508,0.0,-0.0004090935655427508,28.0,-0.04541877459246779,-8.080000000000013,0.04500968102692504,4006
22,0.7000000000000033,2.0000000000000044,43,1,-0.0700000000000216,-0.0004090935655427508,0.0,-0.0004090935655427508,28.0,-0.04541877459246779,-8.080000000000013,0.04500968102692504,4007
22,0.7000000000000033,2.100000000000005,43,1,-0.0700000000000216,-0.0004090935655427508,0.0,-0.0004090935655427508,28.0,-0.04541877459246779,-8.080000000000013,0.04500968102692504,4008
22,0.7000000000000033,2.2000000000000046,43,1,-0.0700000000000216,-0.0004090935655427508,0.0,-0.0004090935655427508,28.0,-0.04541877459246779,-8.080000000000013,0.04500968102692504,4009
22,0.7000000000000033,2.3000000000000043,43,1,-0.0700000000000216,-0.0004090935655427508,0.0,-0.0004090935655427508,28.0,-0.04541877459246779,-8.080000000000013,0.04500968102692504,4010
22,0.7000000000000033,2.400000000000005,43,1,-0.0700000000000216,-0.0004090935655427508,0.0,-0.0004090935655427508,28.0,-0.04541877459246779,-8.080000000000013,0.04500968102692504,4011
22,0.7000000000000033,2.5000000000000053,43,1,-0.0700000000000216,-0.0004090935655427508,0.0,-0.0004090935655427508,28.0,-0.04541877459246779,-8.080000000000013,0.04500968102692504,4012
22,0.7000000000000033,2.600000000000005,43,1,-0.0700000000000216,-0.0004090935655427508,0.0,-0.0004090935655427508,28.0,-0.04541877459246779,-8.080000000000013,0.04500968102692504,4013
22,0.7000000000000033,2.7000000000000046,43,1,-0.0700000000000216,-0.0004090935655427508,0.0,-0.0004090935655427508,28.0,-0.04541877459246779,-8.080000000000013,0.04500968102692504,4014
22,0.7000000000000033,2.800000000000005,43,1,-0.0700000000000216,-0.0004090935655427508,0.0,-0.0004090935655427508,28.0,-0.04541877459246779,-8.080000000000013,0.04500968102692504,4015
22,0.7000000000000033,2.9000000000000057,43,1,-0.0700000000000216,-0.0004090935655427508,0.0,-0.0004090935655427508,28.0,-0.04541877459246779,-8.080000000000013,0.04500968102692504,4016
22,0.8000000000000034,1.600000000000004,43,1,-0.0700000000000216,-0.0004090935655427508,0.0,-0.0004090935655427508,28.0,-0.04541877459246779,-8.080000000000013,0.04500968102692504,4017
22,0.8000000000000034,1.7000000000000046,43,1,-0.0700000000000216,-0.0004090935655427508,0.0,-0.0004090935655427508,28.0,-0.04541877459246779,-8.080000000000013,0.04500968102692504,4018
22,0.8000000000000034,1.8000000000000043,43,1,-0.0700000000000216,-0.0004090935655427508,0.0,-0.0004090935655427508,28.0,-0.04541877459246779,-8.080000000000013,0.04500968102692504,4019
22,0.8000000000000034,1.900000000000004,43,1,-0.0700000000000216,-0.0004090935655427508,0.0,-0.0004090935655427508,28.0,-0.04541877459246779,-8.080000000000013,0.04500968102692504,4020
22,0.8000000000000034,2.0000000000000044,43,1,-0.0700000000000216,-0.0004090935655427508,0.0,-0.0004090935655427508,28.0,-0.04541877459246779,-8.080000000000013,0.04500968102692504,4021
22,0.8000000000000034,2.100000000000005,43,1,-0.0700000000000216,-0.0004090935655427508,0.0,-0.0004090935655427508,28.0,-0.04541877459246779,-8.080000000000013,0.04500968102692504,4022
22,0.8000000000000034,2.2000000000000046,43,1,-0.0700000000000216,-0.0004090935655427508,0.0,-0.0004090935655427508,28.0,-0.04541877459246779,-8.080000000000013,0.04500968102692504,4023
22,0.8000000000000034,2.3000000000000043,43,1,-0.0700000000000216,-0.0004090935655427508,0.0,-0.0004090935655427508,28.0,-0.04541877459246779,-8.080000000000013,0.04500968102692504,4024
22,0.8000000000000034,2.400000000000005,43,1,-0.0700000000000216,-0.0004090935655427508,0.0,-0.0004090935655427508,28.0,-0.04541877459246779,-8.080000000000013,0.04500968102692504,4025
22,0.8000000000000034,2.5000000000000053,43,1,-0.0700000000000216,-0.0004090935655427508,0.0,-0.0004090935655427508,28.0,-0.04541877459246779,-8.080000000000013,0.04500968102692504,4026
22,0.8000000000000034,2.600000000000005,43,1,-0.0700000000000216,-0.0004090935655427508,0.0,-0.0004090935655427508,28.0,-0.04541877459246779,-8.080000000000013,0.04500968102692504,4027
22,0.8000000000000034,2.7000000000000046,43,1,-0.0700000000000216,-0.0004090935655427508,0.0,-0.0004090935655427508,28.0,-0.04541877459246779,-8.080000000000013,0.04500968102692504,4028
22,0.8000000000000034,2.800000000000005,43,1,-0.0700000000000216,-0.0004090935655427508,0.0,-0.0004090935655427508,28.0,-0.04541877459246779,-8.080000000000013,0.04500968102692504,4029
22,0.8000000000000034,2.9000000000000057,43,1,-0.0700000000000216,-0.0004090935655427508,0.0,-0.0004090935655427508,28.0,-0.04541877459246779,-8.080000000000013,0.04500968102692504,4030
22,0.9000000000000035,1.600000000000004,43,1,-0.0700000000000216,-0.0004090935655427508,0.0,-0.0004090935655427508,28.0,-0.04541877459246779,-8.080000000000013,0.04500968102692504,4031
22,0.9000000000000035,1.7000000000000046,43,1,-0.0700000000000216,-0.0004090935655427508,0.0,-0.0004090935655427508,28.0,-0.04541877459246779,-8.080000000000013,0.04500968102692504,4032
22,0.9000000000000035,1.8000000000000043,43,1,-0.0700000000000216,-0.0004090935655427508,0.0,-0.0004090935655427508,28.0,-0.04541877459246779,-8.080000000000013,0.04500968102692504,4033
22,0.9000000000000035,1.900000000000004,43,1,-0.0700000000000216,-0.0004090935655427508,0.0,-0.0004090935655427508,28.0,-0.04541877459246779,-8.080000000000013,0.04500968102692504,4034
22,0.9000000000000035,2.0000000000000044,43,1,-0.0700000000000216,-0.0004090935655427508,0.0,-0.0004090935655427508,28.0,-0.04541877459246779,-8.080000000000013,0.04500968102692504,4035
22,0.9000000000000035,2.100000000000005,43,1,-0.0700000000000216,-0.0004090935655427508,0.0,-0.0004090935655427508,28.0,-0.04541877459246779,-8.080000000000013,0.04500968102692504,4036
22,0.9000000000000035,2.2000000000000046,43,1,-0.0700000000000216,-0.0004090935655427508,0.0,-0.0004090935655427508,28.0,-0.04541877459246779,-8.080000000000013,0.04500968102692504,4037
22,0.9000000000000035,2.3000000000000043,43,1,-0.0700000000000216,-0.0004090935655427508,0.0,-0.0004090935655427508,28.0,-0.04541877459246779,-8.080000000000013,0.04500968102692504,4038
22,0.9000000000000035,2.400000000000005,43,1,-0.0700000000000216,-0.0004090935655427508,0.0,-0.0004090935655427508,28.0,-0.04541877459246779,-8.080000000000013,0.04500968102692504,4039
22,0.9000000000000035,2.5000000000000053,43,1,-0.0700000000000216,-0.0004090935655427508,0.0,-0.0004090935655427508,28.0,-0.04541877459246779,-8.080000000000013,0.04500968102692504,4040
22,0.9000000000000035,2.600000000000005,43,1,-0.0700000000000216,-0.0004090935655427508,0.0,-0.0004090935655427508,28.0,-0.04541877459246779,-8.080000000000013,0.04500968102692504,4041
22,0.9000000000000035,2.7000000000000046,43,1,-0.0700000000000216,-0.0004090935655427508,0.0,-0.0004090935655427508,28.0,-0.04541877459246779,-8.080000000000013,0.04500968102692504,4042
22,0.9000000000000035,2.800000000000005,43,1,-0.0700000000000216,-0.0004090935655427508,0.0,-0.0004090935655427508,28.0,-0.04541877459246779,-8.080000000000013,0.04500968102692504,4043
22,0.9000000000000035,2.9000000000000057,43,1,-0.0700000000000216,-0.0004090935655427508,0.0,-0.0004090935655427508,28.0,-0.04541877459246779,-8.080000000000013,0.04500968102692504,4044
22,1.0000000000000036,1.600000000000004,43,1,-0.0700000000000216,-0.0004090935655427508,0.0,-0.0004090935655427508,28.0,-0.04541877459246779,-8.080000000000013,0.04500968102692504,4045
22,1.0000000000000036,1.7000000000000046,43,1,-0.0700000000000216,-0.0004090935655427508,0.0,-0.0004090935655427508,28.0,-0.04541877459246779,-8.080000000000013,0.04500968102692504,4046
22,1.0000000000000036,1.8000000000000043,43,1,-0.0700000000000216,-0.0004090935655427508,0.0,-0.0004090935655427508,28.0,-0.04541877459246779,-8.080000000000013,0.04500968102692504,4047
22,1.0000000000000036,1.900000000000004,43,1,-0.0700000000000216,-0.0004090935655427508,0.0,-0.0004090935655427508,28.0,-0.04541877459246779,-8.080000000000013,0.04500968102692504,4048
22,1.0000000000000036,2.0000000000000044,43,1,-0.0700000000000216,-0.0004090935655427508,0.0,-0.0004090935655427508,28.0,-0.04541877459246779,-8.080000000000013,0.04500968102692504,4049
22,1.0000000000000036,2.100000000000005,43,1,-0.0700000000000216,-0.0004090935655427508,0.0,-0.0004090935655427508,28.0,-0.04541877459246779,-8.080000000000013,0.04500968102692504,4050
22,1.0000000000000036,2.2000000000000046,43,1,-0.0700000000000216,-0.0004090935655427508,0.0,-0.0004090935655427508,28.0,-0.04541877459246779,-8.080000000000013,0.04500968102692504,4051
22,1.0000000000000036,2.3000000000000043,43,1,-0.0700000000000216,-0.0004090935655427508,0.0,-0.0004090935655427508,28.0,-0.04541877459246779,-8.080000000000013,0.04500968102692504,4052
22,1.0000000000000036,2.400000000000005,43,1,-0.0700000000000216,-0.0004090935655427508,0.0,-0.0004090935655427508,28.0,-0.04541877459246779,-8.080000000000013,0.04500968102692504,4053
22,1.0000000000000036,2.5000000000000053,43,1,-0.0700000000000216,-0.0004090935655427508,0.0,-0.0004090935655427508,28.0,-0.04541877459246779,-8.080000000000013,0.04500968102692504,4054
22,1.0000000000000036,2.600000000000005,43,1,-0.0700000000000216,-0.0004090935655427508,0.0,-0.0004090935655427508,28.0,-0.04541877459246779,-8.080000000000013,0.04500968102692504,4055
22,1.0000000000000036,2.7000000000000046,43,1,-0.0700000000000216,-0.0004090935655427508,0.0,-0.0004090935655427508,28.0,-0.04541877459246779,-8.080000000000013,0.04500968102692504,4056
22,1.0000000000000036,2.800000000000005,43,1,-0.0700000000000216,-0.0004090935655427508,0.0,-0.0004090935655427508,28.0,-0.04541877459246779,-8.080000000000013,0.04500968102692504,4057
22,1.0000000000000036,2.9000000000000057,43,1,-0.0700000000000216,-0.0004090935655427508,0.0,-0.0004090935655427508,28.0,-0.04541877459246779,-8.080000000000013,0.04500968102692504,4058
22,1.1000000000000032,1.600000000000004,43,1,-0.0700000000000216,-0.0004090935655427508,0.0,-0.0004090935655427508,28.0,-0.04541877459246779,-8.080000000000013,0.04500968102692504,4059
22,1.1000000000000032,1.7000000000000046,43,1,-0.0700000000000216,-0.0004090935655427508,0.0,-0.0004090935655427508,28.0,-0.04541877459246779,-8.080000000000013,0.04500968102692504,4060
22,1.1000000000000032,1.8000000000000043,43,1,-0.0700000000000216,-0.0004090935655427508,0.0,-0.0004090935655427508,28.0,-0.04541877459246779,-8.080000000000013,0.04500968102692504,4061
22,1.1000000000000032,1.900000000000004,43,1,-0.0700000000000216,-0.0004090935655427508,0.0,-0.0004090935655427508,28.0,-0.04541877459246779,-8.080000000000013,0.04500968102692504,4062
22,1.1000000000000032,2.0000000000000044,43,1,-0.0700000000000216,-0.0004090935655427508,0.0,-0.0004090935655427508,28.0,-0.04541877459246779,-8.080000000000013,0.04500968102692504,4063
22,1.1000000000000032,2.100000000000005,43,1,-0.0700000000000216,-0.0004090935655427508,0.0,-0.0004090935655427508,28.0,-0.04541877459246779,-8.080000000000013,0.04500968102692504,4064
22,1.1000000000000032,2.2000000000000046,43,1,-0.0700000000000216,-0.0004090935655427508,0.0,-0.0004090935655427508,28.0,-0.04541877459246779,-8.080000000000013,0.04500968102692504,4065
22,1.1000000000000032,2.3000000000000043,43,1,-0.0700000000000216,-0.0004090935655427508,0.0,-0.0004090935655427508,28.0,-0.04541877459246779,-8.080000000000013,0.04500968102692504,4066
22,1.1000000000000032,2.400000000000005,43,1,-0.0700000000000216,-0.0004090935655427508,0.0,-0.0004090935655427508,28.0,-0.04541877459246779,-8.080000000000013,0.04500968102692504,4067
22,1.1000000000000032,2.5000000000000053,43,1,-0.0700000000000216,-0.0004090935655427508,0.0,-0.0004090935655427508,28.0,-0.04541877459246779,-8.080000000000013,0.04500968102692504,4068
22,1.1000000000000032,2.600000000000005,43,1,-0.0700000000000216,-0.0004090935655427508,0.0,-0.0004090935655427508,28.0,-0.04541877459246779,-8.080000000000013,0.04500968102692504,4069
22,1.1000000000000032,2.7000000000000046,43,1,-0.0700000000000216,-0.0004090935655427508,0.0,-0.0004090935655427508,28.0,-0.04541877459246779,-8.080000000000013,0.04500968102692504,4070
22,1.1000000000000032,2.800000000000005,43,1,-0.0700000000000216,-0.0004090935655427508,0.0,-0.0004090935655427508,28.0,-0.04541877459246779,-8.080000000000013,0.04500968102692504,4071
22,1.1000000000000032,2.9000000000000057,43,1,-0.0700000000000216,-0.0004090935655427508,0.0,-0.0004090935655427508,28.0,-0.04541877459246779,-8.080000000000013,0.04500968102692504,4072
22,0.6000000000000032,-1.0999999999999983,43,7,-0.09000000000000341,-0.00042163125442828964,0.5714285714285714,1.9291612910080475e-05,6.714285714285714,-0.04541877459246779,-8.080000000000013,0.0449971433380395,4073
5,-3.0,-1.0999999999999983,60,22,-0.019999999999896545,-0.0005335637085801537,0.5454545454545454,-4.964570752779613e-06,1.2727272727272727,-0.0014112666117841455,-0.2400000000000091,0.0008777029032039918,4074
5,-2.9,-1.0999999999999983,60,22,-0.019999999999896545,-0.0005335637085801537,0.5454545454545454,-4.964570752779613e-06,1.2727272727272727,-0.0014112666117841455,-0.2400000000000091,0.0008777029032039918,4075
5,-2.8,-1.0999999999999983,60,22,-0.019999999999896545,-0.0005335637085801537,0.5454545454545454,-4.964570752779613e-06,1.2727272727272727,-0.0014112666117841455,-0.2400000000000091,0.0008777029032039918,4076
5,-2.6999999999999997,-1.0999999999999983,60,22,-0.019999999999896545,-0.0005335637085801537,0.5454545454545454,-4.964570752779613e-06,1.2727272727272727,-0.0014112666117841455,-0.2400000000000091,0.0008777029032039918,4077
5,-2.5999999999999996,-1.0999999999999983,60,22,-0.019999999999896545,-0.0005335637085801537,0.5454545454545454,-4.964570752779613e-06,1.2727272727272727,-0.0014112666117841455,-0.2400000000000091,0.0008777029032039918,4078
5,-2.4999999999999996,-1.0999999999999983,60,22,-0.019999999999896545,-0.0005335637085801537,0.5454545454545454,-4.964570752779613e-06,1.2727272727272727,-0.0014112666117841455,-0.2400000000000091,0.0008777029032039918,4079
5,-2.3999999999999995,-1.0999999999999983,60,22,-0.019999999999896545,-0.0005335637085801537,0.5454545454545454,-4.964570752779613e-06,1.2727272727272727,-0.0014112666117841455,-0.2400000000000091,0.0008777029032039918,4080
5,-2.2999999999999994,-1.0999999999999983,60,22,-0.019999999999896545,-0.0005335637085801537,0.5454545454545454,-4.964570752779613e-06,1.2727272727272727,-0.0014112666117841455,-0.2400000000000091,0.0008777029032039918,4081
5,-2.1999999999999993,-1.0999999999999983,60,22,-0.019999999999896545,-0.0005335637085801537,0.5454545454545454,-4.964570752779613e-06,1.2727272727272727,-0.0014112666117841455,-0.2400000000000091,0.0008777029032039918,4082
5,-2.099999999999999,-1.0999999999999983,60,22,-0.019999999999896545,-0.0005335637085801537,0.5454545454545454,-4.964570752779613e-06,1.2727272727272727,-0.0014112666117841455,-0.2400000000000091,0.0008777029032039918,4083
5,-1.9999999999999991,-1.0999999999999983,60,22,-0.019999999999896545,-0.0005335637085801537,0.5454545454545454,-4.964570752779613e-06,1.2727272727272727,-0.0014112666117841455,-0.2400000000000091,0.0008777029032039918,4084
5,-1.899999999999999,-1.0999999999999983,60,22,-0.019999999999896545,-0.0005335637085801537,0.5454545454545454,-4.964570752779613e-06,1.2727272727272727,-0.0014112666117841455,-0.2400000000000091,0.0008777029032039918,4085
5,-1.799999999999999,-1.0999999999999983,60,22,-0.019999999999896545,-0.0005335637085801537,0.5454545454545454,-4.964570752779613e-06,1.2727272727272727,-0.0014112666117841455,-0.2400000000000091,0.0008777029032039918,4086
5,-1.6999999999999988,-1.0999999999999983,60,22,-0.019999999999896545,-0.0005335637085801537,0.5454545454545454,-4.964570752779613e-06,1.2727272727272727,-0.0014112666117841455,-0.2400000000000091,0.0008777029032039918,4087
5,0.6000000000000032,-1.4999999999999987,60,14,-0.040000000000048885,-0.0006680153659207599,0.8571428571428571,8.192006719876759e-05,3.9285714285714284,-0.0014112666117841455,-0.2400000000000091,0.0007432512458633855,4088
5,0.7000000000000033,-1.4999999999999987,60,14,-0.040000000000048885,-0.0006680153659207599,0.8571428571428571,8.192006719876759e-05,3.9285714285714284,-0.0014112666117841455,-0.2400000000000091,0.0007432512458633855,4089
5,1.0000000000000036,-3.0,60,15,-0.11000000000004206,-0.0006758404474672686,0.8,5.3308569865147724e-05,3.8,-0.0014112666117841455,-0.2400000000000091,0.0007354261643168769,4090
5,1.0000000000000036,-2.9,60,15,-0.11000000000004206,-0.0006758404474672686,0.8,5.3308569865147724e-05,3.8,-0.0014112666117841455,-0.2400000000000091,0.0007354261643168769,4091
5,1.0000000000000036,-2.8,60,15,-0.11000000000004206,-0.0006758404474672686,0.8,5.3308569865147724e-05,3.8,-0.0014112666117841455,-0.2400000000000091,0.0007354261643168769,4092
5,1.0000000000000036,-2.6999999999999997,60,15,-0.11000000000004206,-0.0006758404474672686,0.8,5.3308569865147724e-05,3.8,-0.0014112666117841455,-0.2400000000000091,0.0007354261643168769,4093
5,1.0000000000000036,-2.5999999999999996,60,15,-0.11000000000004206,-0.0006758404474672686,0.8,5.3308569865147724e-05,3.8,-0.0014112666117841455,-0.2400000000000091,0.0007354261643168769,4094
5,1.0000000000000036,-2.4999999999999996,60,15,-0.11000000000004206,-0.0006758404474672686,0.8,5.3308569865147724e-05,3.8,-0.0014112666117841455,-0.2400000000000091,0.0007354261643168769,4095
5,1.0000000000000036,-2.3999999999999995,60,15,-0.11000000000004206,-0.0006758404474672686,0.8,5.3308569865147724e-05,3.8,-0.0014112666117841455,-0.2400000000000091,0.0007354261643168769,4096
5,1.0000000000000036,-2.2999999999999994,60,15,-0.11000000000004206,-0.0006758404474672686,0.8,5.3308569865147724e-05,3.8,-0.0014112666117841455,-0.2400000000000091,0.0007354261643168769,4097
5,1.0000000000000036,-2.1999999999999993,60,15,-0.11000000000004206,-0.0006758404474672686,0.8,5.3308569865147724e-05,3.8,-0.0014112666117841455,-0.2400000000000091,0.0007354261643168769,4098
5,1.0000000000000036,-2.099999999999999,60,15,-0.11000000000004206,-0.0006758404474672686,0.8,5.3308569865147724e-05,3.8,-0.0014112666117841455,-0.2400000000000091,0.0007354261643168769,4099
5,1.0000000000000036,-1.9999999999999991,60,15,-0.11000000000004206,-0.0006758404474672686,0.8,5.3308569865147724e-05,3.8,-0.0014112666117841455,-0.2400000000000091,0.0007354261643168769,4100
10,-0.8999999999999981,-1.899999999999999,55,20,-0.03999999999999204,-0.000791027576069192,0.75,4.9445065237641026e-05,2.15,-0.007654999123473449,-1.3100000000000023,0.006863971547404257,4101
10,-0.799999999999998,-1.899999999999999,55,20,-0.03999999999999204,-0.000791027576069192,0.75,4.9445065237641026e-05,2.15,-0.007654999123473449,-1.3100000000000023,0.006863971547404257,4102
5,1.7000000000000046,-1.6999999999999988,60,3,-0.14000000000001478,-0.0008821069598334841,0.6666666666666666,0.00016528629094144284,27.0,-0.0014112666117841455,-0.2400000000000091,0.0005291596519506614,4103
5,1.7000000000000046,-1.5999999999999988,60,3,-0.14000000000001478,-0.0008821069598334841,0.6666666666666666,0.00016528629094144284,27.0,-0.0014112666117841455,-0.2400000000000091,0.0005291596519506614,4104
5,1.8000000000000043,-1.6999999999999988,60,3,-0.14000000000001478,-0.0008821069598334841,0.6666666666666666,0.00016528629094144284,27.0,-0.0014112666117841455,-0.2400000000000091,0.0005291596519506614,4105
5,1.8000000000000043,-1.5999999999999988,60,3,-0.14000000000001478,-0.0008821069598334841,0.6666666666666666,0.00016528629094144284,27.0,-0.0014112666117841455,-0.2400000000000091,0.0005291596519506614,4106
10,1.0000000000000036,-1.1999999999999984,55,7,-0.0800000000000125,-0.000885302112098918,0.8571428571428571,5.7633637128708314e-05,6.857142857142857,-0.007654999123473449,-1.3100000000000023,0.006769697011374531,4107
10,1.1000000000000032,-1.1999999999999984,55,7,-0.0800000000000125,-0.000885302112098918,0.8571428571428571,5.7633637128708314e-05,6.857142857142857,-0.007654999123473449,-1.3100000000000023,0.006769697011374531,4108
22,0.6000000000000032,-0.3999999999999977,43,3,-0.20000000000004547,-0.0010165835379047916,0.6666666666666666,-0.00015886342902123504,13.333333333333334,-0.04541877459246779,-8.080000000000013,0.044402191054563,4109
22,0.7000000000000033,-0.3999999999999977,43,3,-0.20000000000004547,-0.0010165835379047916,0.6666666666666666,-0.00015886342902123504,13.333333333333334,-0.04541877459246779,-8.080000000000013,0.044402191054563,4110
22,0.8000000000000034,-0.3999999999999977,43,3,-0.20000000000004547,-0.0010165835379047916,0.6666666666666666,-0.00015886342902123504,13.333333333333334,-0.04541877459246779,-8.080000000000013,0.044402191054563,4111
5,0.400000000000003,-1.799999999999999,60,16,-0.05000000000001137,-0.001026437994447238,0.875,4.437533379973019e-05,3.4375,-0.0014112666117841455,-0.2400000000000091,0.00038482861733690754,4112
5,0.400000000000003,-0.9999999999999982,60,11,-0.12000000000000455,-0.0012681009290963496,0.8181818181818182,3.6235780011046273e-05,3.909090909090909,-0.0014112666117841455,-0.2400000000000091,0.00014316568268779584,4113
5,0.400000000000003,-0.8999999999999981,60,11,-0.12000000000000455,-0.0012681009290963496,0.8181818181818182,3.6235780011046273e-05,3.909090909090909,-0.0014112666117841455,-0.2400000000000091,0.00014316568268779584,4114
10,-1.0999999999999983,-1.4999999999999987,55,20,-0.12999999999999545,-0.0013307671481656014,0.65,2.2124184580007976e-05,2.0,-0.007654999123473449,-1.3100000000000023,0.006324231975307848,4115
10,0.20000000000000284,-3.0,55,16,-0.05000000000001137,-0.001330987328655997,0.6875,3.404097939372491e-05,3.4375,-0.007654999123473449,-1.3100000000000023,0.006324011794817452,4116
10,0.20000000000000284,-2.9,55,16,-0.05000000000001137,-0.001330987328655997,0.6875,3.404097939372491e-05,3.4375,-0.007654999123473449,-1.3100000000000023,0.006324011794817452,4117
10,0.20000000000000284,-2.8,55,16,-0.05000000000001137,-0.001330987328655997,0.6875,3.404097939372491e-05,3.4375,-0.007654999123473449,-1.3100000000000023,0.006324011794817452,4118
10,0.20000000000000284,-2.6999999999999997,55,16,-0.05000000000001137,-0.001330987328655997,0.6875,3.404097939372491e-05,3.4375,-0.007654999123473449,-1.3100000000000023,0.006324011794817452,4119
10,0.20000000000000284,-2.5999999999999996,55,16,-0.05000000000001137,-0.001330987328655997,0.6875,3.404097939372491e-05,3.4375,-0.007654999123473449,-1.3100000000000023,0.006324011794817452,4120
10,0.20000000000000284,-2.4999999999999996,55,16,-0.05000000000001137,-0.001330987328655997,0.6875,3.404097939372491e-05,3.4375,-0.007654999123473449,-1.3100000000000023,0.006324011794817452,4121
10,0.20000000000000284,-2.3999999999999995,55,16,-0.05000000000001137,-0.001330987328655997,0.6875,3.404097939372491e-05,3.4375,-0.007654999123473449,-1.3100000000000023,0.006324011794817452,4122
10,0.20000000000000284,-2.2999999999999994,55,16,-0.05000000000001137,-0.001330987328655997,0.6875,3.404097939372491e-05,3.4375,-0.007654999123473449,-1.3100000000000023,0.006324011794817452,4123
10,0.20000000000000284,-2.1999999999999993,55,16,-0.05000000000001137,-0.001330987328655997,0.6875,3.404097939372491e-05,3.4375,-0.007654999123473449,-1.3100000000000023,0.006324011794817452,4124
10,0.20000000000000284,-2.099999999999999,55,16,-0.05000000000001137,-0.001330987328655997,0.6875,3.404097939372491e-05,3.4375,-0.007654999123473449,-1.3100000000000023,0.006324011794817452,4125
10,0.20000000000000284,-1.9999999999999991,55,16,-0.05000000000001137,-0.001330987328655997,0.6875,3.404097939372491e-05,3.4375,-0.007654999123473449,-1.3100000000000023,0.006324011794817452,4126
5,0.8000000000000034,-1.5999999999999988,60,14,-0.11000000000001364,-0.0013415672129687417,0.8571428571428571,2.951915537637216e-05,3.9285714285714284,-0.0014112666117841455,-0.2400000000000091,6.969939881540377e-05,4127
10,1.5000000000000036,-1.4999999999999987,55,5,-0.2300000000000182,-0.001370610232584113,0.8,5.686632251340473e-05,13.2,-0.007654999123473449,-1.3100000000000023,0.006284388890889336,4128
5,1.3000000000000043,-1.4999999999999987,60,7,-0.10000000000005116,-0.0014204093472064416,0.7142857142857143,1.1111560999691303e-05,10.0,-0.0014112666117841455,-0.2400000000000091,-9.142735422296155e-06,4129
10,-2.2999999999999994,-3.0,55,26,-0.07999999999998408,-0.001423897632660709,0.6538461538461539,1.1281926268147391e-05,1.3846153846153846,-0.007654999123473449,-1.3100000000000023,0.0062311014908127405,4130
10,-2.2999999999999994,-2.9,55,26,-0.07999999999998408,-0.001423897632660709,0.6538461538461539,1.1281926268147391e-05,1.3846153846153846,-0.007654999123473449,-1.3100000000000023,0.0062311014908127405,4131
10,-2.2999999999999994,-2.8,55,26,-0.07999999999998408,-0.001423897632660709,0.6538461538461539,1.1281926268147391e-05,1.3846153846153846,-0.007654999123473449,-1.3100000000000023,0.0062311014908127405,4132
10,-2.2999999999999994,-2.6999999999999997,55,26,-0.07999999999998408,-0.001423897632660709,0.6538461538461539,1.1281926268147391e-05,1.3846153846153846,-0.007654999123473449,-1.3100000000000023,0.0062311014908127405,4133
10,-2.2999999999999994,-2.5999999999999996,55,26,-0.07999999999998408,-0.001423897632660709,0.6538461538461539,1.1281926268147391e-05,1.3846153846153846,-0.007654999123473449,-1.3100000000000023,0.0062311014908127405,4134
10,-2.2999999999999994,-2.4999999999999996,55,26,-0.07999999999998408,-0.001423897632660709,0.6538461538461539,1.1281926268147391e-05,1.3846153846153846,-0.007654999123473449,-1.3100000000000023,0.0062311014908127405,4135
10,-2.2999999999999994,-2.3999999999999995,55,26,-0.07999999999998408,-0.001423897632660709,0.6538461538461539,1.1281926268147391e-05,1.3846153846153846,-0.007654999123473449,-1.3100000000000023,0.0062311014908127405,4136
10,-2.2999999999999994,-2.2999999999999994,55,26,-0.07999999999998408,-0.001423897632660709,0.6538461538461539,1.1281926268147391e-05,1.3846153846153846,-0.007654999123473449,-1.3100000000000023,0.0062311014908127405,4137
10,-2.2999999999999994,-2.1999999999999993,55,26,-0.07999999999998408,-0.001423897632660709,0.6538461538461539,1.1281926268147391e-05,1.3846153846153846,-0.007654999123473449,-1.3100000000000023,0.0062311014908127405,4138
10,-2.2999999999999994,-2.099999999999999,55,26,-0.07999999999998408,-0.001423897632660709,0.6538461538461539,1.1281926268147391e-05,1.3846153846153846,-0.007654999123473449,-1.3100000000000023,0.0062311014908127405,4139
10,-2.1999999999999993,-3.0,55,26,-0.07999999999998408,-0.001423897632660709,0.6538461538461539,1.1281926268147391e-05,1.3846153846153846,-0.007654999123473449,-1.3100000000000023,0.0062311014908127405,4140
10,-2.1999999999999993,-2.9,55,26,-0.07999999999998408,-0.001423897632660709,0.6538461538461539,1.1281926268147391e-05,1.3846153846153846,-0.007654999123473449,-1.3100000000000023,0.0062311014908127405,4141
10,-2.1999999999999993,-2.8,55,26,-0.07999999999998408,-0.001423897632660709,0.6538461538461539,1.1281926268147391e-05,1.3846153846153846,-0.007654999123473449,-1.3100000000000023,0.0062311014908127405,4142
10,-2.1999999999999993,-2.6999999999999997,55,26,-0.07999999999998408,-0.001423897632660709,0.6538461538461539,1.1281926268147391e-05,1.3846153846153846,-0.007654999123473449,-1.3100000000000023,0.0062311014908127405,4143
10,-2.1999999999999993,-2.5999999999999996,55,26,-0.07999999999998408,-0.001423897632660709,0.6538461538461539,1.1281926268147391e-05,1.3846153846153846,-0.007654999123473449,-1.3100000000000023,0.0062311014908127405,4144
10,-2.1999999999999993,-2.4999999999999996,55,26,-0.07999999999998408,-0.001423897632660709,0.6538461538461539,1.1281926268147391e-05,1.3846153846153846,-0.007654999123473449,-1.3100000000000023,0.0062311014908127405,4145
10,-2.1999999999999993,-2.3999999999999995,55,26,-0.07999999999998408,-0.001423897632660709,0.6538461538461539,1.1281926268147391e-05,1.3846153846153846,-0.007654999123473449,-1.3100000000000023,0.0062311014908127405,4146
10,-2.1999999999999993,-2.2999999999999994,55,26,-0.07999999999998408,-0.001423897632660709,0.6538461538461539,1.1281926268147391e-05,1.3846153846153846,-0.007654999123473449,-1.3100000000000023,0.0062311014908127405,4147
10,-2.1999999999999993,-2.1999999999999993,55,26,-0.07999999999998408,-0.001423897632660709,0.6538461538461539,1.1281926268147391e-05,1.3846153846153846,-0.007654999123473449,-1.3100000000000023,0.0062311014908127405,4148
10,-2.1999999999999993,-2.099999999999999,55,26,-0.07999999999998408,-0.001423897632660709,0.6538461538461539,1.1281926268147391e-05,1.3846153846153846,-0.007654999123473449,-1.3100000000000023,0.0062311014908127405,4149
10,-2.099999999999999,-3.0,55,26,-0.07999999999998408,-0.001423897632660709,0.6538461538461539,1.1281926268147391e-05,1.3846153846153846,-0.007654999123473449,-1.3100000000000023,0.0062311014908127405,4150
10,-2.099999999999999,-2.9,55,26,-0.07999999999998408,-0.001423897632660709,0.6538461538461539,1.1281926268147391e-05,1.3846153846153846,-0.007654999123473449,-1.3100000000000023,0.0062311014908127405,4151
10,-2.099999999999999,-2.8,55,26,-0.07999999999998408,-0.001423897632660709,0.6538461538461539,1.1281926268147391e-05,1.3846153846153846,-0.007654999123473449,-1.3100000000000023,0.0062311014908127405,4152
10,-2.099999999999999,-2.6999999999999997,55,26,-0.07999999999998408,-0.001423897632660709,0.6538461538461539,1.1281926268147391e-05,1.3846153846153846,-0.007654999123473449,-1.3100000000000023,0.0062311014908127405,4153
10,-2.099999999999999,-2.5999999999999996,55,26,-0.07999999999998408,-0.001423897632660709,0.6538461538461539,1.1281926268147391e-05,1.3846153846153846,-0.007654999123473449,-1.3100000000000023,0.0062311014908127405,4154
10,-2.099999999999999,-2.4999999999999996,55,26,-0.07999999999998408,-0.001423897632660709,0.6538461538461539,1.1281926268147391e-05,1.3846153846153846,-0.007654999123473449,-1.3100000000000023,0.0062311014908127405,4155
10,-2.099999999999999,-2.3999999999999995,55,26,-0.07999999999998408,-0.001423897632660709,0.6538461538461539,1.1281926268147391e-05,1.3846153846153846,-0.007654999123473449,-1.3100000000000023,0.0062311014908127405,4156
10,-2.099999999999999,-2.2999999999999994,55,26,-0.07999999999998408,-0.001423897632660709,0.6538461538461539,1.1281926268147391e-05,1.3846153846153846,-0.007654999123473449,-1.3100000000000023,0.0062311014908127405,4157
10,-2.099999999999999,-2.1999999999999993,55,26,-0.07999999999998408,-0.001423897632660709,0.6538461538461539,1.1281926268147391e-05,1.3846153846153846,-0.007654999123473449,-1.3100000000000023,0.0062311014908127405,4158
10,-2.099999999999999,-2.099999999999999,55,26,-0.07999999999998408,-0.001423897632660709,0.6538461538461539,1.1281926268147391e-05,1.3846153846153846,-0.007654999123473449,-1.3100000000000023,0.0062311014908127405,4159
10,-1.9999999999999991,-3.0,55,26,-0.07999999999998408,-0.001423897632660709,0.6538461538461539,1.1281926268147391e-05,1.3846153846153846,-0.007654999123473449,-1.3100000000000023,0.0062311014908127405,4160
10,-1.9999999999999991,-2.9,55,26,-0.07999999999998408,-0.001423897632660709,0.6538461538461539,1.1281926268147391e-05,1.3846153846153846,-0.007654999123473449,-1.3100000000000023,0.0062311014908127405,4161
10,-1.9999999999999991,-2.8,55,26,-0.07999999999998408,-0.001423897632660709,0.6538461538461539,1.1281926268147391e-05,1.3846153846153846,-0.007654999123473449,-1.3100000000000023,0.0062311014908127405,4162
10,-1.9999999999999991,-2.6999999999999997,55,26,-0.07999999999998408,-0.001423897632660709,0.6538461538461539,1.1281926268147391e-05,1.3846153846153846,-0.007654999123473449,-1.3100000000000023,0.0062311014908127405,4163
10,-1.9999999999999991,-2.5999999999999996,55,26,-0.07999999999998408,-0.001423897632660709,0.6538461538461539,1.1281926268147391e-05,1.3846153846153846,-0.007654999123473449,-1.3100000000000023,0.0062311014908127405,4164
10,-1.9999999999999991,-2.4999999999999996,55,26,-0.07999999999998408,-0.001423897632660709,0.6538461538461539,1.1281926268147391e-05,1.3846153846153846,-0.007654999123473449,-1.3100000000000023,0.0062311014908127405,4165
10,-1.9999999999999991,-2.3999999999999995,55,26,-0.07999999999998408,-0.001423897632660709,0.6538461538461539,1.1281926268147391e-05,1.3846153846153846,-0.007654999123473449,-1.3100000000000023,0.0062311014908127405,4166
10,-1.9999999999999991,-2.2999999999999994,55,26,-0.07999999999998408,-0.001423897632660709,0.6538461538461539,1.1281926268147391e-05,1.3846153846153846,-0.007654999123473449,-1.3100000000000023,0.0062311014908127405,4167
10,-1.9999999999999991,-2.1999999999999993,55,26,-0.07999999999998408,-0.001423897632660709,0.6538461538461539,1.1281926268147391e-05,1.3846153846153846,-0.007654999123473449,-1.3100000000000023,0.0062311014908127405,4168
10,-1.9999999999999991,-2.099999999999999,55,26,-0.07999999999998408,-0.001423897632660709,0.6538461538461539,1.1281926268147391e-05,1.3846153846153846,-0.007654999123473449,-1.3100000000000023,0.0062311014908127405,4169
5,0.10000000000000275,-1.799999999999999,60,18,-0.12999999999999545,-0.001622883134320019,0.7222222222222222,1.7399452039842018e-05,3.2777777777777777,-0.0014112666117841455,-0.2400000000000091,-0.00021161652253587349,4170
5,-1.5999999999999988,-1.3999999999999986,60,26,-0.16000000000005343,-0.00193510633955718,0.5384615384615384,-3.3213957778798467e-05,1.5769230769230769,-0.0014112666117841455,-0.2400000000000091,-0.0005238397277730344,4171
5,-1.4999999999999987,-1.3999999999999986,60,26,-0.16000000000005343,-0.00193510633955718,0.5384615384615384,-3.3213957778798467e-05,1.5769230769230769,-0.0014112666117841455,-0.2400000000000091,-0.0005238397277730344,4172
5,-1.1999999999999984,-1.3999999999999986,60,24,-0.2700000000000955,-0.0021754309633341684,0.5833333333333334,-1.9910799692541652e-05,1.8333333333333333,-0.0014112666117841455,-0.2400000000000091,-0.0007641643515500229,4173
5,-1.0999999999999983,-1.3999999999999986,60,24,-0.2700000000000955,-0.0021754309633341684,0.5833333333333334,-1.9910799692541652e-05,1.8333333333333333,-0.0014112666117841455,-0.2400000000000091,-0.0007641643515500229,4174
5,-0.9999999999999982,-1.3999999999999986,60,24,-0.2700000000000955,-0.0021754309633341684,0.5833333333333334,-1.9910799692541652e-05,1.8333333333333333,-0.0014112666117841455,-0.2400000000000091,-0.0007641643515500229,4175
22,0.7000000000000033,-0.4999999999999978,43,3,-0.4000000000000341,-0.0022004937257004142,0.6666666666666666,-0.0005600185608126695,14.0,-0.04541877459246779,-8.080000000000013,0.04321828086676738,4176
22,0.8000000000000034,-0.4999999999999978,43,3,-0.4000000000000341,-0.0022004937257004142,0.6666666666666666,-0.0005600185608126695,14.0,-0.04541877459246779,-8.080000000000013,0.04321828086676738,4177
5,0.20000000000000284,-1.799999999999999,60,17,-0.22999999999998977,-0.0022238083280519128,0.7058823529411765,-2.5803753280546497e-05,3.5294117647058822,-0.0014112666117841455,-0.2400000000000091,-0.0008125417162677673,4178
5,0.30000000000000293,-1.799999999999999,60,17,-0.22999999999998977,-0.0022238083280519128,0.7058823529411765,-2.5803753280546497e-05,3.5294117647058822,-0.0014112666117841455,-0.2400000000000091,-0.0008125417162677673,4179
5,0.5000000000000031,-0.799999999999998,60,8,-0.32000000000005,-0.0022516994089730735,0.75,-6.674436845928444e-05,5.125,-0.0014112666117841455,-0.2400000000000091,-0.000840432797188928,4180
5,0.6000000000000032,-0.799999999999998,60,8,-0.3300000000000409,-0.0023115918575349337,0.75,-7.385714870282445e-05,5.5,-0.0014112666117841455,-0.2400000000000091,-0.0009003252457507882,4181
5,0.7000000000000033,-0.799999999999998,60,8,-0.3300000000000409,-0.0023115918575349337,0.75,-7.385714870282445e-05,5.5,-0.0014112666117841455,-0.2400000000000091,-0.0009003252457507882,4182
5,0.8000000000000034,-0.799999999999998,60,8,-0.3300000000000409,-0.0023115918575349337,0.75,-7.385714870282445e-05,5.5,-0.0014112666117841455,-0.2400000000000091,-0.0009003252457507882,4183
5,0.9000000000000035,-0.799999999999998,60,8,-0.3300000000000409,-0.0023115918575349337,0.75,-7.385714870282445e-05,5.5,-0.0014112666117841455,-0.2400000000000091,-0.0009003252457507882,4184
5,-1.5999999999999988,-1.4999999999999987,60,26,-0.24000000000006594,-0.0023227339548996806,0.6153846153846154,-4.987892793550087e-05,1.5,-0.0014112666117841455,-0.2400000000000091,-0.0009114673431155351,4185
5,-1.4999999999999987,-1.4999999999999987,60,26,-0.24000000000006594,-0.0023227339548996806,0.6153846153846154,-4.987892793550087e-05,1.5,-0.0014112666117841455,-0.2400000000000091,-0.0009114673431155351,4186
22,0.7000000000000033,-0.9999999999999982,43,5,-0.4099999999999966,-0.002380571681591337,0.8,-0.0003806458879475505,9.6,-0.04541877459246779,-8.080000000000013,0.043038202910876455,4187
22,0.7000000000000033,-0.8999999999999981,43,5,-0.4099999999999966,-0.002380571681591337,0.8,-0.0003806458879475505,9.6,-0.04541877459246779,-8.080000000000013,0.043038202910876455,4188
10,0.20000000000000284,-1.1999999999999984,55,10,-0.21999999999997044,-0.0024064986153277124,0.9,-6.180599579006519e-05,4.3,-0.007654999123473449,-1.3100000000000023,0.005248500508145737,4189
10,-1.799999999999999,-1.3999999999999986,55,19,-0.2599999999999909,-0.0024095987675833985,0.631578947368421,-9.451768904499806e-05,1.5789473684210527,-0.007654999123473449,-1.3100000000000023,0.005245400355890051,4190
10,-1.799999999999999,-1.2999999999999985,55,19,-0.2599999999999909,-0.0024095987675833985,0.631578947368421,-9.451768904499806e-05,1.5789473684210527,-0.007654999123473449,-1.3100000000000023,0.005245400355890051,4191
10,0.20000000000000284,-0.9999999999999982,55,8,-0.28999999999999204,-0.0024354861070509104,0.875,-7.894088490512097e-05,5.125,-0.007654999123473449,-1.3100000000000023,0.005219513016422539,4192
5,-1.1999999999999984,-1.4999999999999987,60,24,-0.350000000000108,-0.0025629652415988247,0.6666666666666666,-3.796451736230259e-05,1.75,-0.0014112666117841455,-0.2400000000000091,-0.0011516986298146792,4193
5,-1.0999999999999983,-1.4999999999999987,60,24,-0.350000000000108,-0.0025629652415988247,0.6666666666666666,-3.796451736230259e-05,1.75,-0.0014112666117841455,-0.2400000000000091,-0.0011516986298146792,4194
5,-0.9999999999999982,-1.4999999999999987,60,24,-0.350000000000108,-0.0025629652415988247,0.6666666666666666,-3.796451736230259e-05,1.75,-0.0014112666117841455,-0.2400000000000091,-0.0011516986298146792,4195
10,-0.9999999999999982,-3.0,55,22,-0.3200000000000216,-0.0026626553446508217,0.7272727272727273,-3.805053464650543e-05,1.9090909090909092,-0.007654999123473449,-1.3100000000000023,0.004992343778822628,4196
10,-0.9999999999999982,-2.9,55,22,-0.3200000000000216,-0.0026626553446508217,0.7272727272727273,-3.805053464650543e-05,1.9090909090909092,-0.007654999123473449,-1.3100000000000023,0.004992343778822628,4197
10,-0.9999999999999982,-2.8,55,22,-0.3200000000000216,-0.0026626553446508217,0.7272727272727273,-3.805053464650543e-05,1.9090909090909092,-0.007654999123473449,-1.3100000000000023,0.004992343778822628,4198
10,-0.9999999999999982,-2.6999999999999997,55,22,-0.3200000000000216,-0.0026626553446508217,0.7272727272727273,-3.805053464650543e-05,1.9090909090909092,-0.007654999123473449,-1.3100000000000023,0.004992343778822628,4199
10,-0.9999999999999982,-2.5999999999999996,55,22,-0.3200000000000216,-0.0026626553446508217,0.7272727272727273,-3.805053464650543e-05,1.9090909090909092,-0.007654999123473449,-1.3100000000000023,0.004992343778822628,4200
10,-0.9999999999999982,-2.4999999999999996,55,22,-0.3200000000000216,-0.0026626553446508217,0.7272727272727273,-3.805053464650543e-05,1.9090909090909092,-0.007654999123473449,-1.3100000000000023,0.004992343778822628,4201
10,-0.9999999999999982,-2.3999999999999995,55,22,-0.3200000000000216,-0.0026626553446508217,0.7272727272727273,-3.805053464650543e-05,1.9090909090909092,-0.007654999123473449,-1.3100000000000023,0.004992343778822628,4202
10,-0.9999999999999982,-2.2999999999999994,55,22,-0.3200000000000216,-0.0026626553446508217,0.7272727272727273,-3.805053464650543e-05,1.9090909090909092,-0.007654999123473449,-1.3100000000000023,0.004992343778822628,4203
10,-0.9999999999999982,-2.1999999999999993,55,22,-0.3200000000000216,-0.0026626553446508217,0.7272727272727273,-3.805053464650543e-05,1.9090909090909092,-0.007654999123473449,-1.3100000000000023,0.004992343778822628,4204
10,-0.9999999999999982,-2.099999999999999,55,22,-0.3200000000000216,-0.0026626553446508217,0.7272727272727273,-3.805053464650543e-05,1.9090909090909092,-0.007654999123473449,-1.3100000000000023,0.004992343778822628,4205
10,1.0000000000000036,-3.0,55,12,-0.4000000000000341,-0.0026644378695154236,0.8333333333333334,-0.0001198418246714424,4.666666666666667,-0.007654999123473449,-1.3100000000000023,0.004990561253958026,4206
10,1.0000000000000036,-2.9,55,12,-0.4000000000000341,-0.0026644378695154236,0.8333333333333334,-0.0001198418246714424,4.666666666666667,-0.007654999123473449,-1.3100000000000023,0.004990561253958026,4207
10,1.0000000000000036,-2.8,55,12,-0.4000000000000341,-0.0026644378695154236,0.8333333333333334,-0.0001198418246714424,4.666666666666667,-0.007654999123473449,-1.3100000000000023,0.004990561253958026,4208
10,1.0000000000000036,-2.6999999999999997,55,12,-0.4000000000000341,-0.0026644378695154236,0.8333333333333334,-0.0001198418246714424,4.666666666666667,-0.007654999123473449,-1.3100000000000023,0.004990561253958026,4209
10,1.0000000000000036,-2.5999999999999996,55,12,-0.4000000000000341,-0.0026644378695154236,0.8333333333333334,-0.0001198418246714424,4.666666666666667,-0.007654999123473449,-1.3100000000000023,0.004990561253958026,4210
10,1.0000000000000036,-2.4999999999999996,55,12,-0.4000000000000341,-0.0026644378695154236,0.8333333333333334,-0.0001198418246714424,4.666666666666667,-0.007654999123473449,-1.3100000000000023,0.004990561253958026,4211
10,1.0000000000000036,-2.3999999999999995,55,12,-0.4000000000000341,-0.0026644378695154236,0.8333333333333334,-0.0001198418246714424,4.666666666666667,-0.007654999123473449,-1.3100000000000023,0.004990561253958026,4212
10,1.0000000000000036,-2.2999999999999994,55,12,-0.4000000000000341,-0.0026644378695154236,0.8333333333333334,-0.0001198418246714424,4.666666666666667,-0.007654999123473449,-1.3100000000000023,0.004990561253958026,4213
10,1.0000000000000036,-2.1999999999999993,55,12,-0.4000000000000341,-0.0026644378695154236,0.8333333333333334,-0.0001198418246714424,4.666666666666667,-0.007654999123473449,-1.3100000000000023,0.004990561253958026,4214
10,1.0000000000000036,-2.099999999999999,55,12,-0.4000000000000341,-0.0026644378695154236,0.8333333333333334,-0.0001198418246714424,4.666666666666667,-0.007654999123473449,-1.3100000000000023,0.004990561253958026,4215
10,1.1000000000000032,-3.0,55,12,-0.4000000000000341,-0.0026644378695154236,0.8333333333333334,-0.0001198418246714424,4.666666666666667,-0.007654999123473449,-1.3100000000000023,0.004990561253958026,4216
10,1.1000000000000032,-2.9,55,12,-0.4000000000000341,-0.0026644378695154236,0.8333333333333334,-0.0001198418246714424,4.666666666666667,-0.007654999123473449,-1.3100000000000023,0.004990561253958026,4217
10,1.1000000000000032,-2.8,55,12,-0.4000000000000341,-0.0026644378695154236,0.8333333333333334,-0.0001198418246714424,4.666666666666667,-0.007654999123473449,-1.3100000000000023,0.004990561253958026,4218
10,1.1000000000000032,-2.6999999999999997,55,12,-0.4000000000000341,-0.0026644378695154236,0.8333333333333334,-0.0001198418246714424,4.666666666666667,-0.007654999123473449,-1.3100000000000023,0.004990561253958026,4219
10,1.1000000000000032,-2.5999999999999996,55,12,-0.4000000000000341,-0.0026644378695154236,0.8333333333333334,-0.0001198418246714424,4.666666666666667,-0.007654999123473449,-1.3100000000000023,0.004990561253958026,4220
10,1.1000000000000032,-2.4999999999999996,55,12,-0.4000000000000341,-0.0026644378695154236,0.8333333333333334,-0.0001198418246714424,4.666666666666667,-0.007654999123473449,-1.3100000000000023,0.004990561253958026,4221
10,1.1000000000000032,-2.3999999999999995,55,12,-0.4000000000000341,-0.0026644378695154236,0.8333333333333334,-0.0001198418246714424,4.666666666666667,-0.007654999123473449,-1.3100000000000023,0.004990561253958026,4222
10,1.1000000000000032,-2.2999999999999994,55,12,-0.4000000000000341,-0.0026644378695154236,0.8333333333333334,-0.0001198418246714424,4.666666666666667,-0.007654999123473449,-1.3100000000000023,0.004990561253958026,4223
10,1.1000000000000032,-2.1999999999999993,55,12,-0.4000000000000341,-0.0026644378695154236,0.8333333333333334,-0.0001198418246714424,4.666666666666667,-0.007654999123473449,-1.3100000000000023,0.004990561253958026,4224
10,1.1000000000000032,-2.099999999999999,55,12,-0.4000000000000341,-0.0026644378695154236,0.8333333333333334,-0.0001198418246714424,4.666666666666667,-0.007654999123473449,-1.3100000000000023,0.004990561253958026,4225
10,-1.0999999999999983,-1.799999999999999,55,22,-0.3800000000000239,-0.0027932272097178634,0.6363636363636364,-4.480693635925605e-05,1.7727272727272727,-0.007654999123473449,-1.3100000000000023,0.004861771913755586,4226
10,-1.0999999999999983,-1.6999999999999988,55,22,-0.3800000000000239,-0.0027932272097178634,0.6363636363636364,-4.480693635925605e-05,1.7727272727272727,-0.007654999123473449,-1.3100000000000023,0.004861771913755586,4227
10,-1.6999999999999988,-1.899999999999999,55,24,-0.3499999999999943,-0.0028781065934441186,0.7083333333333334,-5.332240949472896e-05,1.6666666666666667,-0.007654999123473449,-1.3100000000000023,0.004776892530029331,4228
10,-1.5999999999999988,-1.899999999999999,55,24,-0.3499999999999943,-0.0028781065934441186,0.7083333333333334,-5.332240949472896e-05,1.6666666666666667,-0.007654999123473449,-1.3100000000000023,0.004776892530029331,4229
10,-1.4999999999999987,-1.899999999999999,55,24,-0.3499999999999943,-0.0028781065934441186,0.7083333333333334,-5.332240949472896e-05,1.6666666666666667,-0.007654999123473449,-1.3100000000000023,0.004776892530029331,4230
10,-1.3999999999999986,-1.899999999999999,55,24,-0.3499999999999943,-0.0028781065934441186,0.7083333333333334,-5.332240949472896e-05,1.6666666666666667,-0.007654999123473449,-1.3100000000000023,0.004776892530029331,4231
10,-1.2999999999999985,-1.899999999999999,55,24,-0.3499999999999943,-0.0028781065934441186,0.7083333333333334,-5.332240949472896e-05,1.6666666666666667,-0.007654999123473449,-1.3100000000000023,0.004776892530029331,4232
10,-1.1999999999999984,-1.899999999999999,55,24,-0.3499999999999943,-0.0028781065934441186,0.7083333333333334,-5.332240949472896e-05,1.6666666666666667,-0.007654999123473449,-1.3100000000000023,0.004776892530029331,4233
10,-0.8999999999999981,-1.4999999999999987,55,18,-0.4099999999999966,-0.002906791959979227,0.7222222222222222,-6.292720764418853e-05,2.2777777777777777,-0.007654999123473449,-1.3100000000000023,0.0047482071634942224,4234
10,-0.799999999999998,-1.4999999999999987,55,18,-0.4099999999999966,-0.002906791959979227,0.7222222222222222,-6.292720764418853e-05,2.2777777777777777,-0.007654999123473449,-1.3100000000000023,0.0047482071634942224,4235
10,1.900000000000004,-1.899999999999999,55,2,-0.4900000000000091,-0.0029095971461491343,0.5,-0.0013233897442037068,37.5,-0.007654999123473449,-1.3100000000000023,0.004745401977324315,4236
10,1.900000000000004,-1.799999999999999,55,2,-0.4900000000000091,-0.0029095971461491343,0.5,-0.0013233897442037068,37.5,-0.007654999123473449,-1.3100000000000023,0.004745401977324315,4237
10,1.900000000000004,-1.6999999999999988,55,2,-0.4900000000000091,-0.0029095971461491343,0.5,-0.0013233897442037068,37.5,-0.007654999123473449,-1.3100000000000023,0.004745401977324315,4238
10,1.900000000000004,-1.5999999999999988,55,2,-0.4900000000000091,-0.0029095971461491343,0.5,-0.0013233897442037068,37.5,-0.007654999123473449,-1.3100000000000023,0.004745401977324315,4239
10,1.900000000000004,-1.4999999999999987,55,2,-0.4900000000000091,-0.0029095971461491343,0.5,-0.0013233897442037068,37.5,-0.007654999123473449,-1.3100000000000023,0.004745401977324315,4240
10,2.0000000000000044,-1.899999999999999,55,2,-0.4900000000000091,-0.0029095971461491343,0.5,-0.0013233897442037068,37.5,-0.007654999123473449,-1.3100000000000023,0.004745401977324315,4241
10,2.0000000000000044,-1.799999999999999,55,2,-0.4900000000000091,-0.0029095971461491343,0.5,-0.0013233897442037068,37.5,-0.007654999123473449,-1.3100000000000023,0.004745401977324315,4242
10,2.0000000000000044,-1.6999999999999988,55,2,-0.4900000000000091,-0.0029095971461491343,0.5,-0.0013233897442037068,37.5,-0.007654999123473449,-1.3100000000000023,0.004745401977324315,4243
10,2.0000000000000044,-1.5999999999999988,55,2,-0.4900000000000091,-0.0029095971461491343,0.5,-0.0013233897442037068,37.5,-0.007654999123473449,-1.3100000000000023,0.004745401977324315,4244
10,2.0000000000000044,-1.4999999999999987,55,2,-0.4900000000000091,-0.0029095971461491343,0.5,-0.0013233897442037068,37.5,-0.007654999123473449,-1.3100000000000023,0.004745401977324315,4245
5,0.400000000000003,-0.699999999999998,60,8,-0.44000000000002615,-0.002916139606761292,0.75,-0.00014922880035424246,4.875,-0.0014112666117841455,-0.2400000000000091,-0.0015048729949771467,4246
5,-3.0,-1.1999999999999984,60,22,-0.48999999999995225,-0.0029204094408114,0.5454545454545454,-0.0001177740812086305,1.4090909090909092,-0.0014112666117841455,-0.2400000000000091,-0.0015091428290272546,4247
5,-2.9,-1.1999999999999984,60,22,-0.48999999999995225,-0.0029204094408114,0.5454545454545454,-0.0001177740812086305,1.4090909090909092,-0.0014112666117841455,-0.2400000000000091,-0.0015091428290272546,4248
5,-2.8,-1.1999999999999984,60,22,-0.48999999999995225,-0.0029204094408114,0.5454545454545454,-0.0001177740812086305,1.4090909090909092,-0.0014112666117841455,-0.2400000000000091,-0.0015091428290272546,4249
5,-2.6999999999999997,-1.1999999999999984,60,22,-0.48999999999995225,-0.0029204094408114,0.5454545454545454,-0.0001177740812086305,1.4090909090909092,-0.0014112666117841455,-0.2400000000000091,-0.0015091428290272546,4250
5,-2.5999999999999996,-1.1999999999999984,60,22,-0.48999999999995225,-0.0029204094408114,0.5454545454545454,-0.0001177740812086305,1.4090909090909092,-0.0014112666117841455,-0.2400000000000091,-0.0015091428290272546,4251
5,-2.4999999999999996,-1.1999999999999984,60,22,-0.48999999999995225,-0.0029204094408114,0.5454545454545454,-0.0001177740812086305,1.4090909090909092,-0.0014112666117841455,-0.2400000000000091,-0.0015091428290272546,4252
5,-2.3999999999999995,-1.1999999999999984,60,22,-0.48999999999995225,-0.0029204094408114,0.5454545454545454,-0.0001177740812086305,1.4090909090909092,-0.0014112666117841455,-0.2400000000000091,-0.0015091428290272546,4253
5,-2.2999999999999994,-1.1999999999999984,60,22,-0.48999999999995225,-0.0029204094408114,0.5454545454545454,-0.0001177740812086305,1.4090909090909092,-0.0014112666117841455,-0.2400000000000091,-0.0015091428290272546,4254
5,-2.1999999999999993,-1.1999999999999984,60,22,-0.48999999999995225,-0.0029204094408114,0.5454545454545454,-0.0001177740812086305,1.4090909090909092,-0.0014112666117841455,-0.2400000000000091,-0.0015091428290272546,4255
5,-2.099999999999999,-1.1999999999999984,60,22,-0.48999999999995225,-0.0029204094408114,0.5454545454545454,-0.0001177740812086305,1.4090909090909092,-0.0014112666117841455,-0.2400000000000091,-0.0015091428290272546,4256
5,-1.9999999999999991,-1.1999999999999984,60,22,-0.48999999999995225,-0.0029204094408114,0.5454545454545454,-0.0001177740812086305,1.4090909090909092,-0.0014112666117841455,-0.2400000000000091,-0.0015091428290272546,4257
5,-1.899999999999999,-1.1999999999999984,60,22,-0.48999999999995225,-0.0029204094408114,0.5454545454545454,-0.0001177740812086305,1.4090909090909092,-0.0014112666117841455,-0.2400000000000091,-0.0015091428290272546,4258
5,-1.799999999999999,-1.1999999999999984,60,22,-0.48999999999995225,-0.0029204094408114,0.5454545454545454,-0.0001177740812086305,1.4090909090909092,-0.0014112666117841455,-0.2400000000000091,-0.0015091428290272546,4259
5,-1.6999999999999988,-1.1999999999999984,60,22,-0.48999999999995225,-0.0029204094408114,0.5454545454545454,-0.0001177740812086305,1.4090909090909092,-0.0014112666117841455,-0.2400000000000091,-0.0015091428290272546,4260
5,1.1000000000000032,-0.799999999999998,60,7,-0.5100000000000477,-0.0029283461782008136,0.7142857142857143,-0.00019605181874955097,6.571428571428571,-0.0014112666117841455,-0.2400000000000091,-0.001517079566416668,4261
5,-0.4999999999999978,-0.799999999999998,60,13,-0.4600000000000648,-0.0029619596844135954,0.6923076923076923,-0.00011187291396875542,2.6153846153846154,-0.0014112666117841455,-0.2400000000000091,-0.0015506930726294499,4262
10,-3.0,-0.699999999999998,55,16,-0.5099999999999625,-0.00302148738248742,0.4375,-0.00016625474149736114,1.375,-0.007654999123473449,-1.3100000000000023,0.004633511740986029,4263
10,-3.0,-0.5999999999999979,55,16,-0.5099999999999625,-0.00302148738248742,0.4375,-0.00016625474149736114,1.375,-0.007654999123473449,-1.3100000000000023,0.004633511740986029,4264
10,-3.0,-0.4999999999999978,55,16,-0.5099999999999625,-0.00302148738248742,0.4375,-0.00016625474149736114,1.375,-0.007654999123473449,-1.3100000000000023,0.004633511740986029,4265
10,-3.0,-0.3999999999999977,55,16,-0.5099999999999625,-0.00302148738248742,0.4375,-0.00016625474149736114,1.375,-0.007654999123473449,-1.3100000000000023,0.004633511740986029,4266
10,-2.9,-0.699999999999998,55,16,-0.5099999999999625,-0.00302148738248742,0.4375,-0.00016625474149736114,1.375,-0.007654999123473449,-1.3100000000000023,0.004633511740986029,4267
10,-2.9,-0.5999999999999979,55,16,-0.5099999999999625,-0.00302148738248742,0.4375,-0.00016625474149736114,1.375,-0.007654999123473449,-1.3100000000000023,0.004633511740986029,4268
10,-2.9,-0.4999999999999978,55,16,-0.5099999999999625,-0.00302148738248742,0.4375,-0.00016625474149736114,1.375,-0.007654999123473449,-1.3100000000000023,0.004633511740986029,4269
10,-2.9,-0.3999999999999977,55,16,-0.5099999999999625,-0.00302148738248742,0.4375,-0.00016625474149736114,1.375,-0.007654999123473449,-1.3100000000000023,0.004633511740986029,4270
10,-2.8,-0.699999999999998,55,16,-0.5099999999999625,-0.00302148738248742,0.4375,-0.00016625474149736114,1.375,-0.007654999123473449,-1.3100000000000023,0.004633511740986029,4271
10,-2.8,-0.5999999999999979,55,16,-0.5099999999999625,-0.00302148738248742,0.4375,-0.00016625474149736114,1.375,-0.007654999123473449,-1.3100000000000023,0.004633511740986029,4272
10,-2.8,-0.4999999999999978,55,16,-0.5099999999999625,-0.00302148738248742,0.4375,-0.00016625474149736114,1.375,-0.007654999123473449,-1.3100000000000023,0.004633511740986029,4273
10,-2.8,-0.3999999999999977,55,16,-0.5099999999999625,-0.00302148738248742,0.4375,-0.00016625474149736114,1.375,-0.007654999123473449,-1.3100000000000023,0.004633511740986029,4274
10,-2.6999999999999997,-0.699999999999998,55,16,-0.5099999999999625,-0.00302148738248742,0.4375,-0.00016625474149736114,1.375,-0.007654999123473449,-1.3100000000000023,0.004633511740986029,4275
10,-2.6999999999999997,-0.5999999999999979,55,16,-0.5099999999999625,-0.00302148738248742,0.4375,-0.00016625474149736114,1.375,-0.007654999123473449,-1.3100000000000023,0.004633511740986029,4276
10,-2.6999999999999997,-0.4999999999999978,55,16,-0.5099999999999625,-0.00302148738248742,0.4375,-0.00016625474149736114,1.375,-0.007654999123473449,-1.3100000000000023,0.004633511740986029,4277
10,-2.6999999999999997,-0.3999999999999977,55,16,-0.5099999999999625,-0.00302148738248742,0.4375,-0.00016625474149736114,1.375,-0.007654999123473449,-1.3100000000000023,0.004633511740986029,4278
10,-2.5999999999999996,-0.699999999999998,55,16,-0.5099999999999625,-0.00302148738248742,0.4375,-0.00016625474149736114,1.375,-0.007654999123473449,-1.3100000000000023,0.004633511740986029,4279
10,-2.5999999999999996,-0.5999999999999979,55,16,-0.5099999999999625,-0.00302148738248742,0.4375,-0.00016625474149736114,1.375,-0.007654999123473449,-1.3100000000000023,0.004633511740986029,4280
10,-2.5999999999999996,-0.4999999999999978,55,16,-0.5099999999999625,-0.00302148738248742,0.4375,-0.00016625474149736114,1.375,-0.007654999123473449,-1.3100000000000023,0.004633511740986029,4281
10,-2.5999999999999996,-0.3999999999999977,55,16,-0.5099999999999625,-0.00302148738248742,0.4375,-0.00016625474149736114,1.375,-0.007654999123473449,-1.3100000000000023,0.004633511740986029,4282
10,-2.4999999999999996,-0.699999999999998,55,16,-0.5099999999999625,-0.00302148738248742,0.4375,-0.00016625474149736114,1.375,-0.007654999123473449,-1.3100000000000023,0.004633511740986029,4283
10,-2.4999999999999996,-0.5999999999999979,55,16,-0.5099999999999625,-0.00302148738248742,0.4375,-0.00016625474149736114,1.375,-0.007654999123473449,-1.3100000000000023,0.004633511740986029,4284
10,-2.4999999999999996,-0.4999999999999978,55,16,-0.5099999999999625,-0.00302148738248742,0.4375,-0.00016625474149736114,1.375,-0.007654999123473449,-1.3100000000000023,0.004633511740986029,4285
10,-2.4999999999999996,-0.3999999999999977,55,16,-0.5099999999999625,-0.00302148738248742,0.4375,-0.00016625474149736114,1.375,-0.007654999123473449,-1.3100000000000023,0.004633511740986029,4286
10,-2.3999999999999995,-0.699999999999998,55,16,-0.5099999999999625,-0.00302148738248742,0.4375,-0.00016625474149736114,1.375,-0.007654999123473449,-1.3100000000000023,0.004633511740986029,4287
10,-2.3999999999999995,-0.5999999999999979,55,16,-0.5099999999999625,-0.00302148738248742,0.4375,-0.00016625474149736114,1.375,-0.007654999123473449,-1.3100000000000023,0.004633511740986029,4288
10,-2.3999999999999995,-0.4999999999999978,55,16,-0.5099999999999625,-0.00302148738248742,0.4375,-0.00016625474149736114,1.375,-0.007654999123473449,-1.3100000000000023,0.004633511740986029,4289
10,-2.3999999999999995,-0.3999999999999977,55,16,-0.5099999999999625,-0.00302148738248742,0.4375,-0.00016625474149736114,1.375,-0.007654999123473449,-1.3100000000000023,0.004633511740986029,4290
10,1.600000000000004,-1.3999999999999986,55,4,-0.5500000000000114,-0.0030477277666323133,0.75,-0.00041710963429894554,16.25,-0.007654999123473449,-1.3100000000000023,0.004607271356841136,4291
10,1.600000000000004,-1.2999999999999985,55,4,-0.5500000000000114,-0.0030477277666323133,0.75,-0.00041710963429894554,16.25,-0.007654999123473449,-1.3100000000000023,0.004607271356841136,4292
5,-1.899999999999999,-1.899999999999999,60,29,-0.5800000000000409,-0.003082951074359408,0.5517241379310345,-8.767189875848706e-05,1.4137931034482758,-0.0014112666117841455,-0.2400000000000091,-0.0016716844625752625,4293
5,-1.799999999999999,-1.899999999999999,60,29,-0.5800000000000409,-0.003082951074359408,0.5517241379310345,-8.767189875848706e-05,1.4137931034482758,-0.0014112666117841455,-0.2400000000000091,-0.0016716844625752625,4294
5,-1.6999999999999988,-1.899999999999999,60,29,-0.5800000000000409,-0.003082951074359408,0.5517241379310345,-8.767189875848706e-05,1.4137931034482758,-0.0014112666117841455,-0.2400000000000091,-0.0016716844625752625,4295
10,1.7000000000000046,-1.899999999999999,55,3,-0.5200000000000102,-0.003084453708291135,0.6666666666666666,-0.0009443502051819097,24.666666666666668,-0.007654999123473449,-1.3100000000000023,0.004570545415182314,4296
10,1.7000000000000046,-1.799999999999999,55,3,-0.5200000000000102,-0.003084453708291135,0.6666666666666666,-0.0009443502051819097,24.666666666666668,-0.007654999123473449,-1.3100000000000023,0.004570545415182314,4297
10,1.7000000000000046,-1.6999999999999988,55,3,-0.5200000000000102,-0.003084453708291135,0.6666666666666666,-0.0009443502051819097,24.666666666666668,-0.007654999123473449,-1.3100000000000023,0.004570545415182314,4298
10,1.7000000000000046,-1.5999999999999988,55,3,-0.5200000000000102,-0.003084453708291135,0.6666666666666666,-0.0009443502051819097,24.666666666666668,-0.007654999123473449,-1.3100000000000023,0.004570545415182314,4299
10,1.8000000000000043,-1.899999999999999,55,3,-0.5200000000000102,-0.003084453708291135,0.6666666666666666,-0.0009443502051819097,24.666666666666668,-0.007654999123473449,-1.3100000000000023,0.004570545415182314,4300
10,1.8000000000000043,-1.799999999999999,55,3,-0.5200000000000102,-0.003084453708291135,0.6666666666666666,-0.0009443502051819097,24.666666666666668,-0.007654999123473449,-1.3100000000000023,0.004570545415182314,4301
10,1.8000000000000043,-1.6999999999999988,55,3,-0.5200000000000102,-0.003084453708291135,0.6666666666666666,-0.0009443502051819097,24.666666666666668,-0.007654999123473449,-1.3100000000000023,0.004570545415182314,4302
10,1.8000000000000043,-1.5999999999999988,55,3,-0.5200000000000102,-0.003084453708291135,0.6666666666666666,-0.0009443502051819097,24.666666666666668,-0.007654999123473449,-1.3100000000000023,0.004570545415182314,4303
5,-0.3999999999999977,-3.0,60,22,-0.43000000000003524,-0.0031408816429199238,0.5909090909090909,-5.493815875214712e-05,2.5,-0.0014112666117841455,-0.2400000000000091,-0.0017296150311357783,4304
5,-0.3999999999999977,-2.9,60,22,-0.43000000000003524,-0.0031408816429199238,0.5909090909090909,-5.493815875214712e-05,2.5,-0.0014112666117841455,-0.2400000000000091,-0.0017296150311357783,4305
5,-0.3999999999999977,-2.8,60,22,-0.43000000000003524,-0.0031408816429199238,0.5909090909090909,-5.493815875214712e-05,2.5,-0.0014112666117841455,-0.2400000000000091,-0.0017296150311357783,4306
5,-0.3999999999999977,-2.6999999999999997,60,22,-0.43000000000003524,-0.0031408816429199238,0.5909090909090909,-5.493815875214712e-05,2.5,-0.0014112666117841455,-0.2400000000000091,-0.0017296150311357783,4307
5,-0.3999999999999977,-2.5999999999999996,60,22,-0.43000000000003524,-0.0031408816429199238,0.5909090909090909,-5.493815875214712e-05,2.5,-0.0014112666117841455,-0.2400000000000091,-0.0017296150311357783,4308
5,-0.3999999999999977,-2.4999999999999996,60,22,-0.43000000000003524,-0.0031408816429199238,0.5909090909090909,-5.493815875214712e-05,2.5,-0.0014112666117841455,-0.2400000000000091,-0.0017296150311357783,4309
5,-0.3999999999999977,-2.3999999999999995,60,22,-0.43000000000003524,-0.0031408816429199238,0.5909090909090909,-5.493815875214712e-05,2.5,-0.0014112666117841455,-0.2400000000000091,-0.0017296150311357783,4310
5,-0.3999999999999977,-2.2999999999999994,60,22,-0.43000000000003524,-0.0031408816429199238,0.5909090909090909,-5.493815875214712e-05,2.5,-0.0014112666117841455,-0.2400000000000091,-0.0017296150311357783,4311
5,-0.3999999999999977,-2.1999999999999993,60,22,-0.43000000000003524,-0.0031408816429199238,0.5909090909090909,-5.493815875214712e-05,2.5,-0.0014112666117841455,-0.2400000000000091,-0.0017296150311357783,4312
5,-0.3999999999999977,-2.099999999999999,60,22,-0.43000000000003524,-0.0031408816429199238,0.5909090909090909,-5.493815875214712e-05,2.5,-0.0014112666117841455,-0.2400000000000091,-0.0017296150311357783,4313
5,-0.3999999999999977,-1.9999999999999991,60,22,-0.43000000000003524,-0.0031408816429199238,0.5909090909090909,-5.493815875214712e-05,2.5,-0.0014112666117841455,-0.2400000000000091,-0.0017296150311357783,4314
5,-0.3999999999999977,-1.899999999999999,60,22,-0.43000000000003524,-0.0031408816429199238,0.5909090909090909,-5.493815875214712e-05,2.5,-0.0014112666117841455,-0.2400000000000091,-0.0017296150311357783,4315
5,1.900000000000004,-1.6999999999999988,60,1,-0.5500000000000114,-0.0032053149950463933,0.0,-0.0032053149950463933,68.0,-0.0014112666117841455,-0.2400000000000091,-0.0017940483832622478,4316
5,1.900000000000004,-1.5999999999999988,60,1,-0.5500000000000114,-0.0032053149950463933,0.0,-0.0032053149950463933,68.0,-0.0014112666117841455,-0.2400000000000091,-0.0017940483832622478,4317
10,-1.799999999999999,-3.0,55,26,-0.37000000000003297,-0.003206347314784752,0.5384615384615384,-9.547731598437307e-05,1.6153846153846154,-0.007654999123473449,-1.3100000000000023,0.004448651808688697,4318
10,-1.799999999999999,-2.9,55,26,-0.37000000000003297,-0.003206347314784752,0.5384615384615384,-9.547731598437307e-05,1.6153846153846154,-0.007654999123473449,-1.3100000000000023,0.004448651808688697,4319
10,-1.799999999999999,-2.8,55,26,-0.37000000000003297,-0.003206347314784752,0.5384615384615384,-9.547731598437307e-05,1.6153846153846154,-0.007654999123473449,-1.3100000000000023,0.004448651808688697,4320
10,-1.799999999999999,-2.6999999999999997,55,26,-0.37000000000003297,-0.003206347314784752,0.5384615384615384,-9.547731598437307e-05,1.6153846153846154,-0.007654999123473449,-1.3100000000000023,0.004448651808688697,4321
10,-1.799999999999999,-2.5999999999999996,55,26,-0.37000000000003297,-0.003206347314784752,0.5384615384615384,-9.547731598437307e-05,1.6153846153846154,-0.007654999123473449,-1.3100000000000023,0.004448651808688697,4322
10,-1.799999999999999,-2.4999999999999996,55,26,-0.37000000000003297,-0.003206347314784752,0.5384615384615384,-9.547731598437307e-05,1.6153846153846154,-0.007654999123473449,-1.3100000000000023,0.004448651808688697,4323
5,0.8000000000000034,-1.3999999999999986,60,13,-0.41000000000005343,-0.003213873993584193,0.7692307692307693,-0.00010762946184024351,4.153846153846154,-0.0014112666117841455,-0.2400000000000091,-0.0018026073818000476,4324
5,0.8000000000000034,-1.6999999999999988,60,14,-0.45999999999997954,-0.003248432365436593,0.8571428571428571,-0.00010895678319672308,4.071428571428571,-0.0014112666117841455,-0.2400000000000091,-0.0018371657536524477,4325
5,0.9000000000000035,-1.6999999999999988,60,14,-0.45999999999997954,-0.003248432365436593,0.8571428571428571,-0.00010895678319672308,4.071428571428571,-0.0014112666117841455,-0.2400000000000091,-0.0018371657536524477,4326
10,-0.3999999999999977,-2.3999999999999995,55,19,-0.4700000000000273,-0.0032606700678804446,0.631578947368421,-8.173381207467554e-05,2.5789473684210527,-0.007654999123473449,-1.3100000000000023,0.004394329055593005,4327
10,-0.3999999999999977,-2.2999999999999994,55,19,-0.4700000000000273,-0.0032606700678804446,0.631578947368421,-8.173381207467554e-05,2.5789473684210527,-0.007654999123473449,-1.3100000000000023,0.004394329055593005,4328
10,-0.3999999999999977,-2.1999999999999993,55,19,-0.4700000000000273,-0.0032606700678804446,0.631578947368421,-8.173381207467554e-05,2.5789473684210527,-0.007654999123473449,-1.3100000000000023,0.004394329055593005,4329
10,-0.3999999999999977,-2.099999999999999,55,19,-0.4700000000000273,-0.0032606700678804446,0.631578947368421,-8.173381207467554e-05,2.5789473684210527,-0.007654999123473449,-1.3100000000000023,0.004394329055593005,4330
10,-0.3999999999999977,-1.9999999999999991,55,19,-0.4700000000000273,-0.0032606700678804446,0.631578947368421,-8.173381207467554e-05,2.5789473684210527,-0.007654999123473449,-1.3100000000000023,0.004394329055593005,4331
5,1.2000000000000037,-3.0,60,11,-0.4600000000000364,-0.003290141060641849,0.8181818181818182,-0.0001786885656580987,5.636363636363637,-0.0014112666117841455,-0.2400000000000091,-0.0018788744488577036,4332
5,1.2000000000000037,-2.9,60,11,-0.4600000000000364,-0.003290141060641849,0.8181818181818182,-0.0001786885656580987,5.636363636363637,-0.0014112666117841455,-0.2400000000000091,-0.0018788744488577036,4333
5,1.2000000000000037,-2.8,60,11,-0.4600000000000364,-0.003290141060641849,0.8181818181818182,-0.0001786885656580987,5.636363636363637,-0.0014112666117841455,-0.2400000000000091,-0.0018788744488577036,4334
5,1.2000000000000037,-2.6999999999999997,60,11,-0.4600000000000364,-0.003290141060641849,0.8181818181818182,-0.0001786885656580987,5.636363636363637,-0.0014112666117841455,-0.2400000000000091,-0.0018788744488577036,4335
5,1.2000000000000037,-2.5999999999999996,60,11,-0.4600000000000364,-0.003290141060641849,0.8181818181818182,-0.0001786885656580987,5.636363636363637,-0.0014112666117841455,-0.2400000000000091,-0.0018788744488577036,4336
5,1.2000000000000037,-2.4999999999999996,60,11,-0.4600000000000364,-0.003290141060641849,0.8181818181818182,-0.0001786885656580987,5.636363636363637,-0.0014112666117841455,-0.2400000000000091,-0.0018788744488577036,4337
5,1.2000000000000037,-2.3999999999999995,60,11,-0.4600000000000364,-0.003290141060641849,0.8181818181818182,-0.0001786885656580987,5.636363636363637,-0.0014112666117841455,-0.2400000000000091,-0.0018788744488577036,4338
5,1.2000000000000037,-2.2999999999999994,60,11,-0.4600000000000364,-0.003290141060641849,0.8181818181818182,-0.0001786885656580987,5.636363636363637,-0.0014112666117841455,-0.2400000000000091,-0.0018788744488577036,4339
5,1.2000000000000037,-2.1999999999999993,60,11,-0.4600000000000364,-0.003290141060641849,0.8181818181818182,-0.0001786885656580987,5.636363636363637,-0.0014112666117841455,-0.2400000000000091,-0.0018788744488577036,4340
5,1.2000000000000037,-2.099999999999999,60,11,-0.4600000000000364,-0.003290141060641849,0.8181818181818182,-0.0001786885656580987,5.636363636363637,-0.0014112666117841455,-0.2400000000000091,-0.0018788744488577036,4341
5,1.2000000000000037,-1.9999999999999991,60,11,-0.4600000000000364,-0.003290141060641849,0.8181818181818182,-0.0001786885656580987,5.636363636363637,-0.0014112666117841455,-0.2400000000000091,-0.0018788744488577036,4342
5,1.2000000000000037,-1.899999999999999,60,11,-0.4600000000000364,-0.003290141060641849,0.8181818181818182,-0.0001786885656580987,5.636363636363637,-0.0014112666117841455,-0.2400000000000091,-0.0018788744488577036,4343
5,1.2000000000000037,-1.799999999999999,60,11,-0.4600000000000364,-0.003290141060641849,0.8181818181818182,-0.0001786885656580987,5.636363636363637,-0.0014112666117841455,-0.2400000000000091,-0.0018788744488577036,4344
10,0.400000000000003,-3.0,55,13,-0.5300000000000296,-0.0034334903283782525,0.8461538461538461,-0.0001713456938118649,4.230769230769231,-0.007654999123473449,-1.3100000000000023,0.004221508795095197,4345
10,0.400000000000003,-2.9,55,13,-0.5300000000000296,-0.0034334903283782525,0.8461538461538461,-0.0001713456938118649,4.230769230769231,-0.007654999123473449,-1.3100000000000023,0.004221508795095197,4346
10,0.400000000000003,-2.8,55,13,-0.5300000000000296,-0.0034334903283782525,0.8461538461538461,-0.0001713456938118649,4.230769230769231,-0.007654999123473449,-1.3100000000000023,0.004221508795095197,4347
10,0.400000000000003,-2.6999999999999997,55,13,-0.5300000000000296,-0.0034334903283782525,0.8461538461538461,-0.0001713456938118649,4.230769230769231,-0.007654999123473449,-1.3100000000000023,0.004221508795095197,4348
10,0.400000000000003,-2.5999999999999996,55,13,-0.5300000000000296,-0.0034334903283782525,0.8461538461538461,-0.0001713456938118649,4.230769230769231,-0.007654999123473449,-1.3100000000000023,0.004221508795095197,4349
10,0.400000000000003,-2.4999999999999996,55,13,-0.5300000000000296,-0.0034334903283782525,0.8461538461538461,-0.0001713456938118649,4.230769230769231,-0.007654999123473449,-1.3100000000000023,0.004221508795095197,4350
10,0.400000000000003,-2.3999999999999995,55,13,-0.5300000000000296,-0.0034334903283782525,0.8461538461538461,-0.0001713456938118649,4.230769230769231,-0.007654999123473449,-1.3100000000000023,0.004221508795095197,4351
10,0.400000000000003,-2.2999999999999994,55,13,-0.5300000000000296,-0.0034334903283782525,0.8461538461538461,-0.0001713456938118649,4.230769230769231,-0.007654999123473449,-1.3100000000000023,0.004221508795095197,4352
10,0.400000000000003,-2.1999999999999993,55,13,-0.5300000000000296,-0.0034334903283782525,0.8461538461538461,-0.0001713456938118649,4.230769230769231,-0.007654999123473449,-1.3100000000000023,0.004221508795095197,4353
10,0.400000000000003,-2.099999999999999,55,13,-0.5300000000000296,-0.0034334903283782525,0.8461538461538461,-0.0001713456938118649,4.230769230769231,-0.007654999123473449,-1.3100000000000023,0.004221508795095197,4354
10,0.5000000000000031,-3.0,55,13,-0.5300000000000296,-0.0034334903283782525,0.8461538461538461,-0.0001713456938118649,4.230769230769231,-0.007654999123473449,-1.3100000000000023,0.004221508795095197,4355
10,0.5000000000000031,-2.9,55,13,-0.5300000000000296,-0.0034334903283782525,0.8461538461538461,-0.0001713456938118649,4.230769230769231,-0.007654999123473449,-1.3100000000000023,0.004221508795095197,4356
10,0.5000000000000031,-2.8,55,13,-0.5300000000000296,-0.0034334903283782525,0.8461538461538461,-0.0001713456938118649,4.230769230769231,-0.007654999123473449,-1.3100000000000023,0.004221508795095197,4357
10,0.5000000000000031,-2.6999999999999997,55,13,-0.5300000000000296,-0.0034334903283782525,0.8461538461538461,-0.0001713456938118649,4.230769230769231,-0.007654999123473449,-1.3100000000000023,0.004221508795095197,4358
10,0.5000000000000031,-2.5999999999999996,55,13,-0.5300000000000296,-0.0034334903283782525,0.8461538461538461,-0.0001713456938118649,4.230769230769231,-0.007654999123473449,-1.3100000000000023,0.004221508795095197,4359
10,0.5000000000000031,-2.4999999999999996,55,13,-0.5300000000000296,-0.0034334903283782525,0.8461538461538461,-0.0001713456938118649,4.230769230769231,-0.007654999123473449,-1.3100000000000023,0.004221508795095197,4360
10,0.5000000000000031,-2.3999999999999995,55,13,-0.5300000000000296,-0.0034334903283782525,0.8461538461538461,-0.0001713456938118649,4.230769230769231,-0.007654999123473449,-1.3100000000000023,0.004221508795095197,4361
10,0.5000000000000031,-2.2999999999999994,55,13,-0.5300000000000296,-0.0034334903283782525,0.8461538461538461,-0.0001713456938118649,4.230769230769231,-0.007654999123473449,-1.3100000000000023,0.004221508795095197,4362
10,0.5000000000000031,-2.1999999999999993,55,13,-0.5300000000000296,-0.0034334903283782525,0.8461538461538461,-0.0001713456938118649,4.230769230769231,-0.007654999123473449,-1.3100000000000023,0.004221508795095197,4363
10,0.5000000000000031,-2.099999999999999,55,13,-0.5300000000000296,-0.0034334903283782525,0.8461538461538461,-0.0001713456938118649,4.230769230769231,-0.007654999123473449,-1.3100000000000023,0.004221508795095197,4364
10,0.6000000000000032,-3.0,55,13,-0.5300000000000296,-0.0034334903283782525,0.8461538461538461,-0.0001713456938118649,4.230769230769231,-0.007654999123473449,-1.3100000000000023,0.004221508795095197,4365
10,0.6000000000000032,-2.9,55,13,-0.5300000000000296,-0.0034334903283782525,0.8461538461538461,-0.0001713456938118649,4.230769230769231,-0.007654999123473449,-1.3100000000000023,0.004221508795095197,4366
10,0.6000000000000032,-2.8,55,13,-0.5300000000000296,-0.0034334903283782525,0.8461538461538461,-0.0001713456938118649,4.230769230769231,-0.007654999123473449,-1.3100000000000023,0.004221508795095197,4367
10,0.6000000000000032,-2.6999999999999997,55,13,-0.5300000000000296,-0.0034334903283782525,0.8461538461538461,-0.0001713456938118649,4.230769230769231,-0.007654999123473449,-1.3100000000000023,0.004221508795095197,4368
10,0.6000000000000032,-2.5999999999999996,55,13,-0.5300000000000296,-0.0034334903283782525,0.8461538461538461,-0.0001713456938118649,4.230769230769231,-0.007654999123473449,-1.3100000000000023,0.004221508795095197,4369
10,0.6000000000000032,-2.4999999999999996,55,13,-0.5300000000000296,-0.0034334903283782525,0.8461538461538461,-0.0001713456938118649,4.230769230769231,-0.007654999123473449,-1.3100000000000023,0.004221508795095197,4370
10,0.6000000000000032,-2.3999999999999995,55,13,-0.5300000000000296,-0.0034334903283782525,0.8461538461538461,-0.0001713456938118649,4.230769230769231,-0.007654999123473449,-1.3100000000000023,0.004221508795095197,4371
10,0.6000000000000032,-2.2999999999999994,55,13,-0.5300000000000296,-0.0034334903283782525,0.8461538461538461,-0.0001713456938118649,4.230769230769231,-0.007654999123473449,-1.3100000000000023,0.004221508795095197,4372
10,0.6000000000000032,-2.1999999999999993,55,13,-0.5300000000000296,-0.0034334903283782525,0.8461538461538461,-0.0001713456938118649,4.230769230769231,-0.007654999123473449,-1.3100000000000023,0.004221508795095197,4373
10,0.6000000000000032,-2.099999999999999,55,13,-0.5300000000000296,-0.0034334903283782525,0.8461538461538461,-0.0001713456938118649,4.230769230769231,-0.007654999123473449,-1.3100000000000023,0.004221508795095197,4374
10,0.7000000000000033,-3.0,55,13,-0.5300000000000296,-0.0034334903283782525,0.8461538461538461,-0.0001713456938118649,4.230769230769231,-0.007654999123473449,-1.3100000000000023,0.004221508795095197,4375
10,0.7000000000000033,-2.9,55,13,-0.5300000000000296,-0.0034334903283782525,0.8461538461538461,-0.0001713456938118649,4.230769230769231,-0.007654999123473449,-1.3100000000000023,0.004221508795095197,4376
10,0.7000000000000033,-2.8,55,13,-0.5300000000000296,-0.0034334903283782525,0.8461538461538461,-0.0001713456938118649,4.230769230769231,-0.007654999123473449,-1.3100000000000023,0.004221508795095197,4377
10,0.7000000000000033,-2.6999999999999997,55,13,-0.5300000000000296,-0.0034334903283782525,0.8461538461538461,-0.0001713456938118649,4.230769230769231,-0.007654999123473449,-1.3100000000000023,0.004221508795095197,4378
10,0.7000000000000033,-2.5999999999999996,55,13,-0.5300000000000296,-0.0034334903283782525,0.8461538461538461,-0.0001713456938118649,4.230769230769231,-0.007654999123473449,-1.3100000000000023,0.004221508795095197,4379
10,0.7000000000000033,-2.4999999999999996,55,13,-0.5300000000000296,-0.0034334903283782525,0.8461538461538461,-0.0001713456938118649,4.230769230769231,-0.007654999123473449,-1.3100000000000023,0.004221508795095197,4380
10,0.7000000000000033,-2.3999999999999995,55,13,-0.5300000000000296,-0.0034334903283782525,0.8461538461538461,-0.0001713456938118649,4.230769230769231,-0.007654999123473449,-1.3100000000000023,0.004221508795095197,4381
10,0.7000000000000033,-2.2999999999999994,55,13,-0.5300000000000296,-0.0034334903283782525,0.8461538461538461,-0.0001713456938118649,4.230769230769231,-0.007654999123473449,-1.3100000000000023,0.004221508795095197,4382
10,0.7000000000000033,-2.1999999999999993,55,13,-0.5300000000000296,-0.0034334903283782525,0.8461538461538461,-0.0001713456938118649,4.230769230769231,-0.007654999123473449,-1.3100000000000023,0.004221508795095197,4383
10,0.7000000000000033,-2.099999999999999,55,13,-0.5300000000000296,-0.0034334903283782525,0.8461538461538461,-0.0001713456938118649,4.230769230769231,-0.007654999123473449,-1.3100000000000023,0.004221508795095197,4384
10,0.8000000000000034,-3.0,55,13,-0.5300000000000296,-0.0034334903283782525,0.8461538461538461,-0.0001713456938118649,4.230769230769231,-0.007654999123473449,-1.3100000000000023,0.004221508795095197,4385
10,0.8000000000000034,-2.9,55,13,-0.5300000000000296,-0.0034334903283782525,0.8461538461538461,-0.0001713456938118649,4.230769230769231,-0.007654999123473449,-1.3100000000000023,0.004221508795095197,4386
10,0.8000000000000034,-2.8,55,13,-0.5300000000000296,-0.0034334903283782525,0.8461538461538461,-0.0001713456938118649,4.230769230769231,-0.007654999123473449,-1.3100000000000023,0.004221508795095197,4387
10,0.8000000000000034,-2.6999999999999997,55,13,-0.5300000000000296,-0.0034334903283782525,0.8461538461538461,-0.0001713456938118649,4.230769230769231,-0.007654999123473449,-1.3100000000000023,0.004221508795095197,4388
10,0.8000000000000034,-2.5999999999999996,55,13,-0.5300000000000296,-0.0034334903283782525,0.8461538461538461,-0.0001713456938118649,4.230769230769231,-0.007654999123473449,-1.3100000000000023,0.004221508795095197,4389
10,0.8000000000000034,-2.4999999999999996,55,13,-0.5300000000000296,-0.0034334903283782525,0.8461538461538461,-0.0001713456938118649,4.230769230769231,-0.007654999123473449,-1.3100000000000023,0.004221508795095197,4390
10,0.8000000000000034,-2.3999999999999995,55,13,-0.5300000000000296,-0.0034334903283782525,0.8461538461538461,-0.0001713456938118649,4.230769230769231,-0.007654999123473449,-1.3100000000000023,0.004221508795095197,4391
10,0.8000000000000034,-2.2999999999999994,55,13,-0.5300000000000296,-0.0034334903283782525,0.8461538461538461,-0.0001713456938118649,4.230769230769231,-0.007654999123473449,-1.3100000000000023,0.004221508795095197,4392
10,0.8000000000000034,-2.1999999999999993,55,13,-0.5300000000000296,-0.0034334903283782525,0.8461538461538461,-0.0001713456938118649,4.230769230769231,-0.007654999123473449,-1.3100000000000023,0.004221508795095197,4393
10,0.8000000000000034,-2.099999999999999,55,13,-0.5300000000000296,-0.0034334903283782525,0.8461538461538461,-0.0001713456938118649,4.230769230769231,-0.007654999123473449,-1.3100000000000023,0.004221508795095197,4394
10,0.9000000000000035,-3.0,55,13,-0.5300000000000296,-0.0034334903283782525,0.8461538461538461,-0.0001713456938118649,4.230769230769231,-0.007654999123473449,-1.3100000000000023,0.004221508795095197,4395
10,0.9000000000000035,-2.9,55,13,-0.5300000000000296,-0.0034334903283782525,0.8461538461538461,-0.0001713456938118649,4.230769230769231,-0.007654999123473449,-1.3100000000000023,0.004221508795095197,4396
10,0.9000000000000035,-2.8,55,13,-0.5300000000000296,-0.0034334903283782525,0.8461538461538461,-0.0001713456938118649,4.230769230769231,-0.007654999123473449,-1.3100000000000023,0.004221508795095197,4397
10,0.9000000000000035,-2.6999999999999997,55,13,-0.5300000000000296,-0.0034334903283782525,0.8461538461538461,-0.0001713456938118649,4.230769230769231,-0.007654999123473449,-1.3100000000000023,0.004221508795095197,4398
10,0.9000000000000035,-2.5999999999999996,55,13,-0.5300000000000296,-0.0034334903283782525,0.8461538461538461,-0.0001713456938118649,4.230769230769231,-0.007654999123473449,-1.3100000000000023,0.004221508795095197,4399
10,0.9000000000000035,-2.4999999999999996,55,13,-0.5300000000000296,-0.0034334903283782525,0.8461538461538461,-0.0001713456938118649,4.230769230769231,-0.007654999123473449,-1.3100000000000023,0.004221508795095197,4400
10,0.9000000000000035,-2.3999999999999995,55,13,-0.5300000000000296,-0.0034334903283782525,0.8461538461538461,-0.0001713456938118649,4.230769230769231,-0.007654999123473449,-1.3100000000000023,0.004221508795095197,4401
10,0.9000000000000035,-2.2999999999999994,55,13,-0.5300000000000296,-0.0034334903283782525,0.8461538461538461,-0.0001713456938118649,4.230769230769231,-0.007654999123473449,-1.3100000000000023,0.004221508795095197,4402
10,0.9000000000000035,-2.1999999999999993,55,13,-0.5300000000000296,-0.0034334903283782525,0.8461538461538461,-0.0001713456938118649,4.230769230769231,-0.007654999123473449,-1.3100000000000023,0.004221508795095197,4403
10,0.9000000000000035,-2.099999999999999,55,13,-0.5300000000000296,-0.0034334903283782525,0.8461538461538461,-0.0001713456938118649,4.230769230769231,-0.007654999123473449,-1.3100000000000023,0.004221508795095197,4404
10,-1.0999999999999983,-1.1999999999999984,55,17,-0.4899999999999807,-0.003550174899324632,0.6470588235294118,-0.00010396599367597482,2.0588235294117645,-0.007654999123473449,-1.3100000000000023,0.0041048242241488175,4405
22,0.7000000000000033,-1.0999999999999983,43,6,-0.6200000000000045,-0.003554735136592546,0.6666666666666666,-0.0005116173321292328,8.0,-0.04541877459246779,-8.080000000000013,0.041864039455875246,4406
10,1.400000000000004,-1.3999999999999986,55,6,-0.5900000000000318,-0.0035571236347690105,0.8333333333333334,-0.00021722925240239924,9.333333333333334,-0.007654999123473449,-1.3100000000000023,0.004097875488704439,4407
10,1.400000000000004,-1.2999999999999985,55,6,-0.5900000000000318,-0.0035571236347690105,0.8333333333333334,-0.00021722925240239924,9.333333333333334,-0.007654999123473449,-1.3100000000000023,0.004097875488704439,4408
10,1.900000000000004,-3.0,55,2,-0.5999999999999943,-0.0035595138581301367,0.5,-0.0016541661150141773,38.0,-0.007654999123473449,-1.3100000000000023,0.004095485265343313,4409
10,1.900000000000004,-2.9,55,2,-0.5999999999999943,-0.0035595138581301367,0.5,-0.0016541661150141773,38.0,-0.007654999123473449,-1.3100000000000023,0.004095485265343313,4410
10,1.900000000000004,-2.8,55,2,-0.5999999999999943,-0.0035595138581301367,0.5,-0.0016541661150141773,38.0,-0.007654999123473449,-1.3100000000000023,0.004095485265343313,4411
10,1.900000000000004,-2.6999999999999997,55,2,-0.5999999999999943,-0.0035595138581301367,0.5,-0.0016541661150141773,38.0,-0.007654999123473449,-1.3100000000000023,0.004095485265343313,4412
10,1.900000000000004,-2.5999999999999996,55,2,-0.5999999999999943,-0.0035595138581301367,0.5,-0.0016541661150141773,38.0,-0.007654999123473449,-1.3100000000000023,0.004095485265343313,4413
10,1.900000000000004,-2.4999999999999996,55,2,-0.5999999999999943,-0.0035595138581301367,0.5,-0.0016541661150141773,38.0,-0.007654999123473449,-1.3100000000000023,0.004095485265343313,4414
10,1.900000000000004,-2.3999999999999995,55,2,-0.5999999999999943,-0.0035595138581301367,0.5,-0.0016541661150141773,38.0,-0.007654999123473449,-1.3100000000000023,0.004095485265343313,4415
10,1.900000000000004,-2.2999999999999994,55,2,-0.5999999999999943,-0.0035595138581301367,0.5,-0.0016541661150141773,38.0,-0.007654999123473449,-1.3100000000000023,0.004095485265343313,4416
10,1.900000000000004,-2.1999999999999993,55,2,-0.5999999999999943,-0.0035595138581301367,0.5,-0.0016541661150141773,38.0,-0.007654999123473449,-1.3100000000000023,0.004095485265343313,4417
10,1.900000000000004,-2.099999999999999,55,2,-0.5999999999999943,-0.0035595138581301367,0.5,-0.0016541661150141773,38.0,-0.007654999123473449,-1.3100000000000023,0.004095485265343313,4418
10,1.900000000000004,-1.9999999999999991,55,2,-0.5999999999999943,-0.0035595138581301367,0.5,-0.0016541661150141773,38.0,-0.007654999123473449,-1.3100000000000023,0.004095485265343313,4419
10,2.0000000000000044,-3.0,55,2,-0.5999999999999943,-0.0035595138581301367,0.5,-0.0016541661150141773,38.0,-0.007654999123473449,-1.3100000000000023,0.004095485265343313,4420
10,2.0000000000000044,-2.9,55,2,-0.5999999999999943,-0.0035595138581301367,0.5,-0.0016541661150141773,38.0,-0.007654999123473449,-1.3100000000000023,0.004095485265343313,4421
10,2.0000000000000044,-2.8,55,2,-0.5999999999999943,-0.0035595138581301367,0.5,-0.0016541661150141773,38.0,-0.007654999123473449,-1.3100000000000023,0.004095485265343313,4422
10,2.0000000000000044,-2.6999999999999997,55,2,-0.5999999999999943,-0.0035595138581301367,0.5,-0.0016541661150141773,38.0,-0.007654999123473449,-1.3100000000000023,0.004095485265343313,4423
10,2.0000000000000044,-2.5999999999999996,55,2,-0.5999999999999943,-0.0035595138581301367,0.5,-0.0016541661150141773,38.0,-0.007654999123473449,-1.3100000000000023,0.004095485265343313,4424
10,2.0000000000000044,-2.4999999999999996,55,2,-0.5999999999999943,-0.0035595138581301367,0.5,-0.0016541661150141773,38.0,-0.007654999123473449,-1.3100000000000023,0.004095485265343313,4425
10,2.0000000000000044,-2.3999999999999995,55,2,-0.5999999999999943,-0.0035595138581301367,0.5,-0.0016541661150141773,38.0,-0.007654999123473449,-1.3100000000000023,0.004095485265343313,4426
10,2.0000000000000044,-2.2999999999999994,55,2,-0.5999999999999943,-0.0035595138581301367,0.5,-0.0016541661150141773,38.0,-0.007654999123473449,-1.3100000000000023,0.004095485265343313,4427
10,2.0000000000000044,-2.1999999999999993,55,2,-0.5999999999999943,-0.0035595138581301367,0.5,-0.0016541661150141773,38.0,-0.007654999123473449,-1.3100000000000023,0.004095485265343313,4428
10,2.0000000000000044,-2.099999999999999,55,2,-0.5999999999999943,-0.0035595138581301367,0.5,-0.0016541661150141773,38.0,-0.007654999123473449,-1.3100000000000023,0.004095485265343313,4429
10,2.0000000000000044,-1.9999999999999991,55,2,-0.5999999999999943,-0.0035595138581301367,0.5,-0.0016541661150141773,38.0,-0.007654999123473449,-1.3100000000000023,0.004095485265343313,4430
10,-1.0999999999999983,-0.9999999999999982,55,15,-0.5600000000000023,-0.00357912915876768,0.6,-0.00011872593425545918,2.2,-0.007654999123473449,-1.3100000000000023,0.0040758699647057695,4431
10,1.7000000000000046,-3.0,55,3,-0.6299999999999955,-0.003734256446452422,0.6666666666666666,-0.0011647003072770372,25.0,-0.007654999123473449,-1.3100000000000023,0.003920742677021027,4432
10,1.7000000000000046,-2.9,55,3,-0.6299999999999955,-0.003734256446452422,0.6666666666666666,-0.0011647003072770372,25.0,-0.007654999123473449,-1.3100000000000023,0.003920742677021027,4433
10,1.7000000000000046,-2.8,55,3,-0.6299999999999955,-0.003734256446452422,0.6666666666666666,-0.0011647003072770372,25.0,-0.007654999123473449,-1.3100000000000023,0.003920742677021027,4434
10,1.7000000000000046,-2.6999999999999997,55,3,-0.6299999999999955,-0.003734256446452422,0.6666666666666666,-0.0011647003072770372,25.0,-0.007654999123473449,-1.3100000000000023,0.003920742677021027,4435
10,1.7000000000000046,-2.5999999999999996,55,3,-0.6299999999999955,-0.003734256446452422,0.6666666666666666,-0.0011647003072770372,25.0,-0.007654999123473449,-1.3100000000000023,0.003920742677021027,4436
10,1.7000000000000046,-2.4999999999999996,55,3,-0.6299999999999955,-0.003734256446452422,0.6666666666666666,-0.0011647003072770372,25.0,-0.007654999123473449,-1.3100000000000023,0.003920742677021027,4437
10,1.7000000000000046,-2.3999999999999995,55,3,-0.6299999999999955,-0.003734256446452422,0.6666666666666666,-0.0011647003072770372,25.0,-0.007654999123473449,-1.3100000000000023,0.003920742677021027,4438
10,1.7000000000000046,-2.2999999999999994,55,3,-0.6299999999999955,-0.003734256446452422,0.6666666666666666,-0.0011647003072770372,25.0,-0.007654999123473449,-1.3100000000000023,0.003920742677021027,4439
10,1.7000000000000046,-2.1999999999999993,55,3,-0.6299999999999955,-0.003734256446452422,0.6666666666666666,-0.0011647003072770372,25.0,-0.007654999123473449,-1.3100000000000023,0.003920742677021027,4440
10,1.7000000000000046,-2.099999999999999,55,3,-0.6299999999999955,-0.003734256446452422,0.6666666666666666,-0.0011647003072770372,25.0,-0.007654999123473449,-1.3100000000000023,0.003920742677021027,4441
10,1.7000000000000046,-1.9999999999999991,55,3,-0.6299999999999955,-0.003734256446452422,0.6666666666666666,-0.0011647003072770372,25.0,-0.007654999123473449,-1.3100000000000023,0.003920742677021027,4442
10,1.8000000000000043,-3.0,55,3,-0.6299999999999955,-0.003734256446452422,0.6666666666666666,-0.0011647003072770372,25.0,-0.007654999123473449,-1.3100000000000023,0.003920742677021027,4443
10,1.8000000000000043,-2.9,55,3,-0.6299999999999955,-0.003734256446452422,0.6666666666666666,-0.0011647003072770372,25.0,-0.007654999123473449,-1.3100000000000023,0.003920742677021027,4444
10,1.8000000000000043,-2.8,55,3,-0.6299999999999955,-0.003734256446452422,0.6666666666666666,-0.0011647003072770372,25.0,-0.007654999123473449,-1.3100000000000023,0.003920742677021027,4445
10,1.8000000000000043,-2.6999999999999997,55,3,-0.6299999999999955,-0.003734256446452422,0.6666666666666666,-0.0011647003072770372,25.0,-0.007654999123473449,-1.3100000000000023,0.003920742677021027,4446
10,1.8000000000000043,-2.5999999999999996,55,3,-0.6299999999999955,-0.003734256446452422,0.6666666666666666,-0.0011647003072770372,25.0,-0.007654999123473449,-1.3100000000000023,0.003920742677021027,4447
10,1.8000000000000043,-2.4999999999999996,55,3,-0.6299999999999955,-0.003734256446452422,0.6666666666666666,-0.0011647003072770372,25.0,-0.007654999123473449,-1.3100000000000023,0.003920742677021027,4448
10,1.8000000000000043,-2.3999999999999995,55,3,-0.6299999999999955,-0.003734256446452422,0.6666666666666666,-0.0011647003072770372,25.0,-0.007654999123473449,-1.3100000000000023,0.003920742677021027,4449
10,1.8000000000000043,-2.2999999999999994,55,3,-0.6299999999999955,-0.003734256446452422,0.6666666666666666,-0.0011647003072770372,25.0,-0.007654999123473449,-1.3100000000000023,0.003920742677021027,4450
10,1.8000000000000043,-2.1999999999999993,55,3,-0.6299999999999955,-0.003734256446452422,0.6666666666666666,-0.0011647003072770372,25.0,-0.007654999123473449,-1.3100000000000023,0.003920742677021027,4451
10,1.8000000000000043,-2.099999999999999,55,3,-0.6299999999999955,-0.003734256446452422,0.6666666666666666,-0.0011647003072770372,25.0,-0.007654999123473449,-1.3100000000000023,0.003920742677021027,4452
10,1.8000000000000043,-1.9999999999999991,55,3,-0.6299999999999955,-0.003734256446452422,0.6666666666666666,-0.0011647003072770372,25.0,-0.007654999123473449,-1.3100000000000023,0.003920742677021027,4453
5,-3.0,-0.699999999999998,60,18,-0.5999999999999659,-0.0037846318287284575,0.5,-0.00019254771297260657,1.3333333333333333,-0.0014112666117841455,-0.2400000000000091,-0.002373365216944312,4454
5,-2.9,-0.699999999999998,60,18,-0.5999999999999659,-0.0037846318287284575,0.5,-0.00019254771297260657,1.3333333333333333,-0.0014112666117841455,-0.2400000000000091,-0.002373365216944312,4455
5,-2.8,-0.699999999999998,60,18,-0.5999999999999659,-0.0037846318287284575,0.5,-0.00019254771297260657,1.3333333333333333,-0.0014112666117841455,-0.2400000000000091,-0.002373365216944312,4456
5,-2.6999999999999997,-0.699999999999998,60,18,-0.5999999999999659,-0.0037846318287284575,0.5,-0.00019254771297260657,1.3333333333333333,-0.0014112666117841455,-0.2400000000000091,-0.002373365216944312,4457
5,-2.5999999999999996,-0.699999999999998,60,18,-0.5999999999999659,-0.0037846318287284575,0.5,-0.00019254771297260657,1.3333333333333333,-0.0014112666117841455,-0.2400000000000091,-0.002373365216944312,4458
5,-2.4999999999999996,-0.699999999999998,60,18,-0.5999999999999659,-0.0037846318287284575,0.5,-0.00019254771297260657,1.3333333333333333,-0.0014112666117841455,-0.2400000000000091,-0.002373365216944312,4459
5,-2.3999999999999995,-0.699999999999998,60,18,-0.5999999999999659,-0.0037846318287284575,0.5,-0.00019254771297260657,1.3333333333333333,-0.0014112666117841455,-0.2400000000000091,-0.002373365216944312,4460
5,-2.2999999999999994,-0.699999999999998,60,18,-0.5999999999999659,-0.0037846318287284575,0.5,-0.00019254771297260657,1.3333333333333333,-0.0014112666117841455,-0.2400000000000091,-0.002373365216944312,4461
5,-2.1999999999999993,-0.699999999999998,60,18,-0.5999999999999659,-0.0037846318287284575,0.5,-0.00019254771297260657,1.3333333333333333,-0.0014112666117841455,-0.2400000000000091,-0.002373365216944312,4462
5,-2.099999999999999,-0.699999999999998,60,18,-0.5999999999999659,-0.0037846318287284575,0.5,-0.00019254771297260657,1.3333333333333333,-0.0014112666117841455,-0.2400000000000091,-0.002373365216944312,4463
5,-1.9999999999999991,-0.699999999999998,60,18,-0.5999999999999659,-0.0037846318287284575,0.5,-0.00019254771297260657,1.3333333333333333,-0.0014112666117841455,-0.2400000000000091,-0.002373365216944312,4464
5,-1.899999999999999,-0.699999999999998,60,18,-0.5999999999999659,-0.0037846318287284575,0.5,-0.00019254771297260657,1.3333333333333333,-0.0014112666117841455,-0.2400000000000091,-0.002373365216944312,4465
5,-1.799999999999999,-0.699999999999998,60,18,-0.5999999999999659,-0.0037846318287284575,0.5,-0.00019254771297260657,1.3333333333333333,-0.0014112666117841455,-0.2400000000000091,-0.002373365216944312,4466
5,-1.6999999999999988,-0.699999999999998,60,18,-0.5999999999999659,-0.0037846318287284575,0.5,-0.00019254771297260657,1.3333333333333333,-0.0014112666117841455,-0.2400000000000091,-0.002373365216944312,4467
5,0.9000000000000035,-1.1999999999999984,60,10,-0.5800000000000125,-0.003850170873768266,0.8,-0.00021982154817073996,4.9,-0.0014112666117841455,-0.2400000000000091,-0.0024389042619841206,4468
5,1.1000000000000032,-1.6999999999999988,60,13,-0.6399999999999864,-0.0038646075469379593,0.8461538461538461,-0.00017745388510602956,4.538461538461538,-0.0014112666117841455,-0.2400000000000091,-0.002453340935153814,4469
5,1.7000000000000046,-1.4999999999999987,60,3,-0.660000000000025,-0.003900765401416817,0.6666666666666666,-0.0008791501168936566,26.0,-0.0014112666117841455,-0.2400000000000091,-0.0024894987896326715,4470
5,1.7000000000000046,-1.3999999999999986,60,3,-0.660000000000025,-0.003900765401416817,0.6666666666666666,-0.0008791501168936566,26.0,-0.0014112666117841455,-0.2400000000000091,-0.0024894987896326715,4471
5,1.7000000000000046,-1.2999999999999985,60,3,-0.660000000000025,-0.003900765401416817,0.6666666666666666,-0.0008791501168936566,26.0,-0.0014112666117841455,-0.2400000000000091,-0.0024894987896326715,4472
5,1.8000000000000043,-1.4999999999999987,60,3,-0.660000000000025,-0.003900765401416817,0.6666666666666666,-0.0008791501168936566,26.0,-0.0014112666117841455,-0.2400000000000091,-0.0024894987896326715,4473
5,1.8000000000000043,-1.3999999999999986,60,3,-0.660000000000025,-0.003900765401416817,0.6666666666666666,-0.0008791501168936566,26.0,-0.0014112666117841455,-0.2400000000000091,-0.0024894987896326715,4474
5,1.8000000000000043,-1.2999999999999985,60,3,-0.660000000000025,-0.003900765401416817,0.6666666666666666,-0.0008791501168936566,26.0,-0.0014112666117841455,-0.2400000000000091,-0.0024894987896326715,4475
5,0.8000000000000034,-1.0999999999999983,60,10,-0.6099999999999852,-0.004023776629977216,0.8,-0.00023730795350064283,4.8,-0.0014112666117841455,-0.2400000000000091,-0.0026125100181930705,4476
5,0.9000000000000035,-1.0999999999999983,60,10,-0.6099999999999852,-0.004023776629977216,0.8,-0.00023730795350064283,4.8,-0.0014112666117841455,-0.2400000000000091,-0.0026125100181930705,4477
22,0.6000000000000032,-3.0,43,9,-0.6700000000000443,-0.004037740313236116,0.5555555555555556,-0.00038104017622420105,5.111111111111111,-0.04541877459246779,-8.080000000000013,0.04138103427923168,4478
22,0.6000000000000032,-2.9,43,9,-0.6700000000000443,-0.004037740313236116,0.5555555555555556,-0.00038104017622420105,5.111111111111111,-0.04541877459246779,-8.080000000000013,0.04138103427923168,4479
22,0.6000000000000032,-2.8,43,9,-0.6700000000000443,-0.004037740313236116,0.5555555555555556,-0.00038104017622420105,5.111111111111111,-0.04541877459246779,-8.080000000000013,0.04138103427923168,4480
22,0.6000000000000032,-2.6999999999999997,43,9,-0.6700000000000443,-0.004037740313236116,0.5555555555555556,-0.00038104017622420105,5.111111111111111,-0.04541877459246779,-8.080000000000013,0.04138103427923168,4481
22,0.6000000000000032,-2.5999999999999996,43,9,-0.6700000000000443,-0.004037740313236116,0.5555555555555556,-0.00038104017622420105,5.111111111111111,-0.04541877459246779,-8.080000000000013,0.04138103427923168,4482
22,0.6000000000000032,-2.4999999999999996,43,9,-0.6700000000000443,-0.004037740313236116,0.5555555555555556,-0.00038104017622420105,5.111111111111111,-0.04541877459246779,-8.080000000000013,0.04138103427923168,4483
22,0.6000000000000032,-2.3999999999999995,43,9,-0.6700000000000443,-0.004037740313236116,0.5555555555555556,-0.00038104017622420105,5.111111111111111,-0.04541877459246779,-8.080000000000013,0.04138103427923168,4484
22,0.6000000000000032,-2.2999999999999994,43,9,-0.6700000000000443,-0.004037740313236116,0.5555555555555556,-0.00038104017622420105,5.111111111111111,-0.04541877459246779,-8.080000000000013,0.04138103427923168,4485
22,0.6000000000000032,-2.1999999999999993,43,9,-0.6700000000000443,-0.004037740313236116,0.5555555555555556,-0.00038104017622420105,5.111111111111111,-0.04541877459246779,-8.080000000000013,0.04138103427923168,4486
22,0.6000000000000032,-2.099999999999999,43,9,-0.6700000000000443,-0.004037740313236116,0.5555555555555556,-0.00038104017622420105,5.111111111111111,-0.04541877459246779,-8.080000000000013,0.04138103427923168,4487
22,0.6000000000000032,-1.9999999999999991,43,9,-0.6700000000000443,-0.004037740313236116,0.5555555555555556,-0.00038104017622420105,5.111111111111111,-0.04541877459246779,-8.080000000000013,0.04138103427923168,4488
22,0.6000000000000032,-1.899999999999999,43,9,-0.6700000000000443,-0.004037740313236116,0.5555555555555556,-0.00038104017622420105,5.111111111111111,-0.04541877459246779,-8.080000000000013,0.04138103427923168,4489
22,0.6000000000000032,-1.799999999999999,43,9,-0.6700000000000443,-0.004037740313236116,0.5555555555555556,-0.00038104017622420105,5.111111111111111,-0.04541877459246779,-8.080000000000013,0.04138103427923168,4490
22,0.6000000000000032,-1.6999999999999988,43,9,-0.6700000000000443,-0.004037740313236116,0.5555555555555556,-0.00038104017622420105,5.111111111111111,-0.04541877459246779,-8.080000000000013,0.04138103427923168,4491
22,0.6000000000000032,-1.5999999999999988,43,9,-0.6700000000000443,-0.004037740313236116,0.5555555555555556,-0.00038104017622420105,5.111111111111111,-0.04541877459246779,-8.080000000000013,0.04138103427923168,4492
22,0.6000000000000032,-1.4999999999999987,43,9,-0.6700000000000443,-0.004037740313236116,0.5555555555555556,-0.00038104017622420105,5.111111111111111,-0.04541877459246779,-8.080000000000013,0.04138103427923168,4493
22,0.6000000000000032,-1.3999999999999986,43,9,-0.6700000000000443,-0.004037740313236116,0.5555555555555556,-0.00038104017622420105,5.111111111111111,-0.04541877459246779,-8.080000000000013,0.04138103427923168,4494
5,0.5000000000000031,-1.799999999999999,60,15,-0.6000000000000227,-0.0041154100476493705,0.8666666666666667,-0.00016002043919897493,3.7333333333333334,-0.0014112666117841455,-0.2400000000000091,-0.002704143435865225,4495
10,0.30000000000000293,-1.899999999999999,55,13,-0.6200000000000045,-0.004133472480591149,0.8461538461538461,-0.00017189940061969653,4.076923076923077,-0.007654999123473449,-1.3100000000000023,0.0035215266428823,4496
10,-0.09999999999999742,-1.899999999999999,55,16,-0.5399999999999636,-0.004151054008788124,0.8125,-0.00015148545143561093,3.3125,-0.007654999123473449,-1.3100000000000023,0.003503945114685325,4497
10,2.6645352591003757e-15,-1.899999999999999,55,16,-0.5399999999999636,-0.004151054008788124,0.8125,-0.00015148545143561093,3.3125,-0.007654999123473449,-1.3100000000000023,0.003503945114685325,4498
10,0.10000000000000275,-1.899999999999999,55,16,-0.5399999999999636,-0.004151054008788124,0.8125,-0.00015148545143561093,3.3125,-0.007654999123473449,-1.3100000000000023,0.003503945114685325,4499
10,-0.699999999999998,-2.3999999999999995,55,20,-0.5900000000000034,-0.004177039896256174,0.75,-0.00012855470316713857,2.15,-0.007654999123473449,-1.3100000000000023,0.0034779592272172755,4500
10,-0.699999999999998,-2.2999999999999994,55,20,-0.5900000000000034,-0.004177039896256174,0.75,-0.00012855470316713857,2.15,-0.007654999123473449,-1.3100000000000023,0.0034779592272172755,4501
10,-0.699999999999998,-2.1999999999999993,55,20,-0.5900000000000034,-0.004177039896256174,0.75,-0.00012855470316713857,2.15,-0.007654999123473449,-1.3100000000000023,0.0034779592272172755,4502
10,-0.699999999999998,-2.099999999999999,55,20,-0.5900000000000034,-0.004177039896256174,0.75,-0.00012855470316713857,2.15,-0.007654999123473449,-1.3100000000000023,0.0034779592272172755,4503
5,0.400000000000003,-0.5999999999999979,60,7,-0.660000000000025,-0.00421243111655023,0.7142857142857143,-0.0003565150786804131,5.428571428571429,-0.0014112666117841455,-0.2400000000000091,-0.002801164504766085,4504
5,0.400000000000003,-0.4999999999999978,60,7,-0.660000000000025,-0.00421243111655023,0.7142857142857143,-0.0003565150786804131,5.428571428571429,-0.0014112666117841455,-0.2400000000000091,-0.002801164504766085,4505
5,0.400000000000003,-0.3999999999999977,60,7,-0.660000000000025,-0.00421243111655023,0.7142857142857143,-0.0003565150786804131,5.428571428571429,-0.0014112666117841455,-0.2400000000000091,-0.002801164504766085,4506
5,0.400000000000003,-0.2999999999999976,60,7,-0.660000000000025,-0.00421243111655023,0.7142857142857143,-0.0003565150786804131,5.428571428571429,-0.0014112666117841455,-0.2400000000000091,-0.002801164504766085,4507
5,0.400000000000003,-0.1999999999999975,60,7,-0.660000000000025,-0.00421243111655023,0.7142857142857143,-0.0003565150786804131,5.428571428571429,-0.0014112666117841455,-0.2400000000000091,-0.002801164504766085,4508
5,0.400000000000003,-0.09999999999999742,60,7,-0.660000000000025,-0.00421243111655023,0.7142857142857143,-0.0003565150786804131,5.428571428571429,-0.0014112666117841455,-0.2400000000000091,-0.002801164504766085,4509
5,0.5000000000000031,-0.9999999999999982,60,10,-0.6700000000000159,-0.004356325725234256,0.8,-0.00027117183486587983,4.4,-0.0014112666117841455,-0.2400000000000091,-0.0029450591134501103,4510
5,0.5000000000000031,-0.8999999999999981,60,10,-0.6700000000000159,-0.004356325725234256,0.8,-0.00027117183486587983,4.4,-0.0014112666117841455,-0.2400000000000091,-0.0029450591134501103,4511
5,0.6000000000000032,-0.9999999999999982,60,10,-0.6800000000000068,-0.004416091838102543,0.8,-0.00027686205906071184,4.7,-0.0014112666117841455,-0.2400000000000091,-0.003004825226318397,4512
5,0.6000000000000032,-0.8999999999999981,60,10,-0.6800000000000068,-0.004416091838102543,0.8,-0.00027686205906071184,4.7,-0.0014112666117841455,-0.2400000000000091,-0.003004825226318397,4513
5,0.7000000000000033,-0.9999999999999982,60,10,-0.6800000000000068,-0.004416091838102543,0.8,-0.00027686205906071184,4.7,-0.0014112666117841455,-0.2400000000000091,-0.003004825226318397,4514
5,0.7000000000000033,-0.8999999999999981,60,10,-0.6800000000000068,-0.004416091838102543,0.8,-0.00027686205906071184,4.7,-0.0014112666117841455,-0.2400000000000091,-0.003004825226318397,4515
5,0.8000000000000034,-0.9999999999999982,60,10,-0.6800000000000068,-0.004416091838102543,0.8,-0.00027686205906071184,4.7,-0.0014112666117841455,-0.2400000000000091,-0.003004825226318397,4516
5,0.8000000000000034,-0.8999999999999981,60,10,-0.6800000000000068,-0.004416091838102543,0.8,-0.00027686205906071184,4.7,-0.0014112666117841455,-0.2400000000000091,-0.003004825226318397,4517
5,0.9000000000000035,-0.9999999999999982,60,10,-0.6800000000000068,-0.004416091838102543,0.8,-0.00027686205906071184,4.7,-0.0014112666117841455,-0.2400000000000091,-0.003004825226318397,4518
5,0.9000000000000035,-0.8999999999999981,60,10,-0.6800000000000068,-0.004416091838102543,0.8,-0.00027686205906071184,4.7,-0.0014112666117841455,-0.2400000000000091,-0.003004825226318397,4519
5,0.6000000000000032,-1.2999999999999985,60,13,-0.6800000000000352,-0.004457849865599606,0.8461538461538461,-0.00020460951711945925,4.153846153846154,-0.0014112666117841455,-0.2400000000000091,-0.0030465832538154602,4520
5,0.7000000000000033,-1.2999999999999985,60,13,-0.6800000000000352,-0.004457849865599606,0.8461538461538461,-0.00020460951711945925,4.153846153846154,-0.0014112666117841455,-0.2400000000000091,-0.0030465832538154602,4521
5,1.1000000000000032,-1.1999999999999984,60,9,-0.7600000000000193,-0.004465974070568146,0.7777777777777778,-0.00033108011370351783,5.666666666666667,-0.0014112666117841455,-0.2400000000000091,-0.0030547074587840006,4522
5,0.9000000000000035,-1.5999999999999988,60,13,-0.6799999999999784,-0.0045025324413242584,0.8461538461538461,-0.0002140692105875479,4.384615384615385,-0.0014112666117841455,-0.2400000000000091,-0.003091265829540113,4523
10,-1.799999999999999,-1.0999999999999983,55,17,-0.6400000000000148,-0.004555491164765391,0.5882352941176471,-0.0002324032295405715,1.5294117647058822,-0.007654999123473449,-1.3100000000000023,0.0030995079587080587,4524
5,1.3000000000000043,-0.799999999999998,60,5,-0.7300000000000466,-0.00460541337041076,0.6,-0.0006296080672200776,10.8,-0.0014112666117841455,-0.2400000000000091,-0.003194146758626615,4525
5,0.400000000000003,-1.899999999999999,60,18,-0.6300000000000523,-0.004614397779746149,0.7777777777777778,-0.00015770983420368114,2.9444444444444446,-0.0014112666117841455,-0.2400000000000091,-0.0032031311679620034,4526
5,0.400000000000003,-1.0999999999999983,60,11,-0.7199999999999704,-0.00462728688348657,0.8181818181818182,-0.0002706853100808073,3.909090909090909,-0.0014112666117841455,-0.2400000000000091,-0.0032160202717024244,4527
5,1.1000000000000032,-1.0999999999999983,60,9,-0.789999999999992,-0.004639472506596243,0.7777777777777778,-0.00035050945295896546,5.555555555555555,-0.0014112666117841455,-0.2400000000000091,-0.0032282058948120973,4528
10,-1.2999999999999985,-3.0,55,24,-0.6500000000000341,-0.004644434472541703,0.5833333333333334,-0.0001235097243549079,1.7916666666666667,-0.007654999123473449,-1.3100000000000023,0.0030105646509317463,4529
10,-1.2999999999999985,-2.9,55,24,-0.6500000000000341,-0.004644434472541703,0.5833333333333334,-0.0001235097243549079,1.7916666666666667,-0.007654999123473449,-1.3100000000000023,0.0030105646509317463,4530
10,-1.2999999999999985,-2.8,55,24,-0.6500000000000341,-0.004644434472541703,0.5833333333333334,-0.0001235097243549079,1.7916666666666667,-0.007654999123473449,-1.3100000000000023,0.0030105646509317463,4531
10,-1.2999999999999985,-2.6999999999999997,55,24,-0.6500000000000341,-0.004644434472541703,0.5833333333333334,-0.0001235097243549079,1.7916666666666667,-0.007654999123473449,-1.3100000000000023,0.0030105646509317463,4532
10,-1.2999999999999985,-2.5999999999999996,55,24,-0.6500000000000341,-0.004644434472541703,0.5833333333333334,-0.0001235097243549079,1.7916666666666667,-0.007654999123473449,-1.3100000000000023,0.0030105646509317463,4533
10,-1.2999999999999985,-2.4999999999999996,55,24,-0.6500000000000341,-0.004644434472541703,0.5833333333333334,-0.0001235097243549079,1.7916666666666667,-0.007654999123473449,-1.3100000000000023,0.0030105646509317463,4534
10,-1.2999999999999985,-2.3999999999999995,55,24,-0.6500000000000341,-0.004644434472541703,0.5833333333333334,-0.0001235097243549079,1.7916666666666667,-0.007654999123473449,-1.3100000000000023,0.0030105646509317463,4535
10,-1.2999999999999985,-2.2999999999999994,55,24,-0.6500000000000341,-0.004644434472541703,0.5833333333333334,-0.0001235097243549079,1.7916666666666667,-0.007654999123473449,-1.3100000000000023,0.0030105646509317463,4536
10,-1.2999999999999985,-2.1999999999999993,55,24,-0.6500000000000341,-0.004644434472541703,0.5833333333333334,-0.0001235097243549079,1.7916666666666667,-0.007654999123473449,-1.3100000000000023,0.0030105646509317463,4537
10,-1.2999999999999985,-2.099999999999999,55,24,-0.6500000000000341,-0.004644434472541703,0.5833333333333334,-0.0001235097243549079,1.7916666666666667,-0.007654999123473449,-1.3100000000000023,0.0030105646509317463,4538
10,-1.2999999999999985,-1.9999999999999991,55,24,-0.6500000000000341,-0.004644434472541703,0.5833333333333334,-0.0001235097243549079,1.7916666666666667,-0.007654999123473449,-1.3100000000000023,0.0030105646509317463,4539
10,-1.1999999999999984,-3.0,55,24,-0.6500000000000341,-0.004644434472541703,0.5833333333333334,-0.0001235097243549079,1.7916666666666667,-0.007654999123473449,-1.3100000000000023,0.0030105646509317463,4540
10,-1.1999999999999984,-2.9,55,24,-0.6500000000000341,-0.004644434472541703,0.5833333333333334,-0.0001235097243549079,1.7916666666666667,-0.007654999123473449,-1.3100000000000023,0.0030105646509317463,4541
10,-1.1999999999999984,-2.8,55,24,-0.6500000000000341,-0.004644434472541703,0.5833333333333334,-0.0001235097243549079,1.7916666666666667,-0.007654999123473449,-1.3100000000000023,0.0030105646509317463,4542
10,-1.1999999999999984,-2.6999999999999997,55,24,-0.6500000000000341,-0.004644434472541703,0.5833333333333334,-0.0001235097243549079,1.7916666666666667,-0.007654999123473449,-1.3100000000000023,0.0030105646509317463,4543
10,-1.1999999999999984,-2.5999999999999996,55,24,-0.6500000000000341,-0.004644434472541703,0.5833333333333334,-0.0001235097243549079,1.7916666666666667,-0.007654999123473449,-1.3100000000000023,0.0030105646509317463,4544
10,-1.1999999999999984,-2.4999999999999996,55,24,-0.6500000000000341,-0.004644434472541703,0.5833333333333334,-0.0001235097243549079,1.7916666666666667,-0.007654999123473449,-1.3100000000000023,0.0030105646509317463,4545
10,-1.1999999999999984,-2.3999999999999995,55,24,-0.6500000000000341,-0.004644434472541703,0.5833333333333334,-0.0001235097243549079,1.7916666666666667,-0.007654999123473449,-1.3100000000000023,0.0030105646509317463,4546
10,-1.1999999999999984,-2.2999999999999994,55,24,-0.6500000000000341,-0.004644434472541703,0.5833333333333334,-0.0001235097243549079,1.7916666666666667,-0.007654999123473449,-1.3100000000000023,0.0030105646509317463,4547
10,-1.1999999999999984,-2.1999999999999993,55,24,-0.6500000000000341,-0.004644434472541703,0.5833333333333334,-0.0001235097243549079,1.7916666666666667,-0.007654999123473449,-1.3100000000000023,0.0030105646509317463,4548
10,-1.1999999999999984,-2.099999999999999,55,24,-0.6500000000000341,-0.004644434472541703,0.5833333333333334,-0.0001235097243549079,1.7916666666666667,-0.007654999123473449,-1.3100000000000023,0.0030105646509317463,4549
10,-1.1999999999999984,-1.9999999999999991,55,24,-0.6500000000000341,-0.004644434472541703,0.5833333333333334,-0.0001235097243549079,1.7916666666666667,-0.007654999123473449,-1.3100000000000023,0.0030105646509317463,4550
5,-1.0999999999999983,-3.0,60,25,-0.8400000000000603,-0.004692990832440569,0.68,-0.0001229393447989846,1.88,-0.0014112666117841455,-0.2400000000000091,-0.0032817242206564234,4551
5,-1.0999999999999983,-2.9,60,25,-0.8400000000000603,-0.004692990832440569,0.68,-0.0001229393447989846,1.88,-0.0014112666117841455,-0.2400000000000091,-0.0032817242206564234,4552
5,-1.0999999999999983,-2.8,60,25,-0.8400000000000603,-0.004692990832440569,0.68,-0.0001229393447989846,1.88,-0.0014112666117841455,-0.2400000000000091,-0.0032817242206564234,4553
5,-1.0999999999999983,-2.6999999999999997,60,25,-0.8400000000000603,-0.004692990832440569,0.68,-0.0001229393447989846,1.88,-0.0014112666117841455,-0.2400000000000091,-0.0032817242206564234,4554
5,-1.0999999999999983,-2.5999999999999996,60,25,-0.8400000000000603,-0.004692990832440569,0.68,-0.0001229393447989846,1.88,-0.0014112666117841455,-0.2400000000000091,-0.0032817242206564234,4555
5,-1.0999999999999983,-2.4999999999999996,60,25,-0.8400000000000603,-0.004692990832440569,0.68,-0.0001229393447989846,1.88,-0.0014112666117841455,-0.2400000000000091,-0.0032817242206564234,4556
5,-1.0999999999999983,-2.3999999999999995,60,25,-0.8400000000000603,-0.004692990832440569,0.68,-0.0001229393447989846,1.88,-0.0014112666117841455,-0.2400000000000091,-0.0032817242206564234,4557
5,-1.0999999999999983,-2.2999999999999994,60,25,-0.8400000000000603,-0.004692990832440569,0.68,-0.0001229393447989846,1.88,-0.0014112666117841455,-0.2400000000000091,-0.0032817242206564234,4558
5,-1.0999999999999983,-2.1999999999999993,60,25,-0.8400000000000603,-0.004692990832440569,0.68,-0.0001229393447989846,1.88,-0.0014112666117841455,-0.2400000000000091,-0.0032817242206564234,4559
5,-1.0999999999999983,-2.099999999999999,60,25,-0.8400000000000603,-0.004692990832440569,0.68,-0.0001229393447989846,1.88,-0.0014112666117841455,-0.2400000000000091,-0.0032817242206564234,4560
5,-1.0999999999999983,-1.9999999999999991,60,25,-0.8400000000000603,-0.004692990832440569,0.68,-0.0001229393447989846,1.88,-0.0014112666117841455,-0.2400000000000091,-0.0032817242206564234,4561
5,-0.9999999999999982,-3.0,60,25,-0.8400000000000603,-0.004692990832440569,0.68,-0.0001229393447989846,1.88,-0.0014112666117841455,-0.2400000000000091,-0.0032817242206564234,4562
5,-0.9999999999999982,-2.9,60,25,-0.8400000000000603,-0.004692990832440569,0.68,-0.0001229393447989846,1.88,-0.0014112666117841455,-0.2400000000000091,-0.0032817242206564234,4563
5,-0.9999999999999982,-2.8,60,25,-0.8400000000000603,-0.004692990832440569,0.68,-0.0001229393447989846,1.88,-0.0014112666117841455,-0.2400000000000091,-0.0032817242206564234,4564
5,-0.9999999999999982,-2.6999999999999997,60,25,-0.8400000000000603,-0.004692990832440569,0.68,-0.0001229393447989846,1.88,-0.0014112666117841455,-0.2400000000000091,-0.0032817242206564234,4565
5,-0.9999999999999982,-2.5999999999999996,60,25,-0.8400000000000603,-0.004692990832440569,0.68,-0.0001229393447989846,1.88,-0.0014112666117841455,-0.2400000000000091,-0.0032817242206564234,4566
5,-0.9999999999999982,-2.4999999999999996,60,25,-0.8400000000000603,-0.004692990832440569,0.68,-0.0001229393447989846,1.88,-0.0014112666117841455,-0.2400000000000091,-0.0032817242206564234,4567
5,-0.9999999999999982,-2.3999999999999995,60,25,-0.8400000000000603,-0.004692990832440569,0.68,-0.0001229393447989846,1.88,-0.0014112666117841455,-0.2400000000000091,-0.0032817242206564234,4568
5,-0.9999999999999982,-2.2999999999999994,60,25,-0.8400000000000603,-0.004692990832440569,0.68,-0.0001229393447989846,1.88,-0.0014112666117841455,-0.2400000000000091,-0.0032817242206564234,4569
5,-0.9999999999999982,-2.1999999999999993,60,25,-0.8400000000000603,-0.004692990832440569,0.68,-0.0001229393447989846,1.88,-0.0014112666117841455,-0.2400000000000091,-0.0032817242206564234,4570
5,-0.9999999999999982,-2.099999999999999,60,25,-0.8400000000000603,-0.004692990832440569,0.68,-0.0001229393447989846,1.88,-0.0014112666117841455,-0.2400000000000091,-0.0032817242206564234,4571
5,-0.9999999999999982,-1.9999999999999991,60,25,-0.8400000000000603,-0.004692990832440569,0.68,-0.0001229393447989846,1.88,-0.0014112666117841455,-0.2400000000000091,-0.0032817242206564234,4572
5,-0.8999999999999981,-3.0,60,25,-0.8400000000000603,-0.004692990832440569,0.68,-0.0001229393447989846,1.88,-0.0014112666117841455,-0.2400000000000091,-0.0032817242206564234,4573
5,-0.8999999999999981,-2.9,60,25,-0.8400000000000603,-0.004692990832440569,0.68,-0.0001229393447989846,1.88,-0.0014112666117841455,-0.2400000000000091,-0.0032817242206564234,4574
5,-0.8999999999999981,-2.8,60,25,-0.8400000000000603,-0.004692990832440569,0.68,-0.0001229393447989846,1.88,-0.0014112666117841455,-0.2400000000000091,-0.0032817242206564234,4575
5,-0.8999999999999981,-2.6999999999999997,60,25,-0.8400000000000603,-0.004692990832440569,0.68,-0.0001229393447989846,1.88,-0.0014112666117841455,-0.2400000000000091,-0.0032817242206564234,4576
5,-0.8999999999999981,-2.5999999999999996,60,25,-0.8400000000000603,-0.004692990832440569,0.68,-0.0001229393447989846,1.88,-0.0014112666117841455,-0.2400000000000091,-0.0032817242206564234,4577
5,-0.8999999999999981,-2.4999999999999996,60,25,-0.8400000000000603,-0.004692990832440569,0.68,-0.0001229393447989846,1.88,-0.0014112666117841455,-0.2400000000000091,-0.0032817242206564234,4578
5,-0.8999999999999981,-2.3999999999999995,60,25,-0.8400000000000603,-0.004692990832440569,0.68,-0.0001229393447989846,1.88,-0.0014112666117841455,-0.2400000000000091,-0.0032817242206564234,4579
5,-0.8999999999999981,-2.2999999999999994,60,25,-0.8400000000000603,-0.004692990832440569,0.68,-0.0001229393447989846,1.88,-0.0014112666117841455,-0.2400000000000091,-0.0032817242206564234,4580
5,-0.8999999999999981,-2.1999999999999993,60,25,-0.8400000000000603,-0.004692990832440569,0.68,-0.0001229393447989846,1.88,-0.0014112666117841455,-0.2400000000000091,-0.0032817242206564234,4581
5,-0.8999999999999981,-2.099999999999999,60,25,-0.8400000000000603,-0.004692990832440569,0.68,-0.0001229393447989846,1.88,-0.0014112666117841455,-0.2400000000000091,-0.0032817242206564234,4582
5,-0.8999999999999981,-1.9999999999999991,60,25,-0.8400000000000603,-0.004692990832440569,0.68,-0.0001229393447989846,1.88,-0.0014112666117841455,-0.2400000000000091,-0.0032817242206564234,4583
5,-0.799999999999998,-3.0,60,25,-0.8400000000000603,-0.004692990832440569,0.68,-0.0001229393447989846,1.88,-0.0014112666117841455,-0.2400000000000091,-0.0032817242206564234,4584
5,-0.799999999999998,-2.9,60,25,-0.8400000000000603,-0.004692990832440569,0.68,-0.0001229393447989846,1.88,-0.0014112666117841455,-0.2400000000000091,-0.0032817242206564234,4585
5,-0.799999999999998,-2.8,60,25,-0.8400000000000603,-0.004692990832440569,0.68,-0.0001229393447989846,1.88,-0.0014112666117841455,-0.2400000000000091,-0.0032817242206564234,4586
5,-0.799999999999998,-2.6999999999999997,60,25,-0.8400000000000603,-0.004692990832440569,0.68,-0.0001229393447989846,1.88,-0.0014112666117841455,-0.2400000000000091,-0.0032817242206564234,4587
5,-0.799999999999998,-2.5999999999999996,60,25,-0.8400000000000603,-0.004692990832440569,0.68,-0.0001229393447989846,1.88,-0.0014112666117841455,-0.2400000000000091,-0.0032817242206564234,4588
5,-0.799999999999998,-2.4999999999999996,60,25,-0.8400000000000603,-0.004692990832440569,0.68,-0.0001229393447989846,1.88,-0.0014112666117841455,-0.2400000000000091,-0.0032817242206564234,4589
5,-0.799999999999998,-2.3999999999999995,60,25,-0.8400000000000603,-0.004692990832440569,0.68,-0.0001229393447989846,1.88,-0.0014112666117841455,-0.2400000000000091,-0.0032817242206564234,4590
5,-0.799999999999998,-2.2999999999999994,60,25,-0.8400000000000603,-0.004692990832440569,0.68,-0.0001229393447989846,1.88,-0.0014112666117841455,-0.2400000000000091,-0.0032817242206564234,4591
5,-0.799999999999998,-2.1999999999999993,60,25,-0.8400000000000603,-0.004692990832440569,0.68,-0.0001229393447989846,1.88,-0.0014112666117841455,-0.2400000000000091,-0.0032817242206564234,4592
5,-0.799999999999998,-2.099999999999999,60,25,-0.8400000000000603,-0.004692990832440569,0.68,-0.0001229393447989846,1.88,-0.0014112666117841455,-0.2400000000000091,-0.0032817242206564234,4593
5,-0.799999999999998,-1.9999999999999991,60,25,-0.8400000000000603,-0.004692990832440569,0.68,-0.0001229393447989846,1.88,-0.0014112666117841455,-0.2400000000000091,-0.0032817242206564234,4594
5,-0.699999999999998,-3.0,60,25,-0.8400000000000603,-0.004692990832440569,0.68,-0.0001229393447989846,1.88,-0.0014112666117841455,-0.2400000000000091,-0.0032817242206564234,4595
5,-0.699999999999998,-2.9,60,25,-0.8400000000000603,-0.004692990832440569,0.68,-0.0001229393447989846,1.88,-0.0014112666117841455,-0.2400000000000091,-0.0032817242206564234,4596
5,-0.699999999999998,-2.8,60,25,-0.8400000000000603,-0.004692990832440569,0.68,-0.0001229393447989846,1.88,-0.0014112666117841455,-0.2400000000000091,-0.0032817242206564234,4597
5,-0.699999999999998,-2.6999999999999997,60,25,-0.8400000000000603,-0.004692990832440569,0.68,-0.0001229393447989846,1.88,-0.0014112666117841455,-0.2400000000000091,-0.0032817242206564234,4598
5,-0.699999999999998,-2.5999999999999996,60,25,-0.8400000000000603,-0.004692990832440569,0.68,-0.0001229393447989846,1.88,-0.0014112666117841455,-0.2400000000000091,-0.0032817242206564234,4599
5,-0.699999999999998,-2.4999999999999996,60,25,-0.8400000000000603,-0.004692990832440569,0.68,-0.0001229393447989846,1.88,-0.0014112666117841455,-0.2400000000000091,-0.0032817242206564234,4600
5,-0.699999999999998,-2.3999999999999995,60,25,-0.8400000000000603,-0.004692990832440569,0.68,-0.0001229393447989846,1.88,-0.0014112666117841455,-0.2400000000000091,-0.0032817242206564234,4601
5,-0.699999999999998,-2.2999999999999994,60,25,-0.8400000000000603,-0.004692990832440569,0.68,-0.0001229393447989846,1.88,-0.0014112666117841455,-0.2400000000000091,-0.0032817242206564234,4602
5,-0.699999999999998,-2.1999999999999993,60,25,-0.8400000000000603,-0.004692990832440569,0.68,-0.0001229393447989846,1.88,-0.0014112666117841455,-0.2400000000000091,-0.0032817242206564234,4603
5,-0.699999999999998,-2.099999999999999,60,25,-0.8400000000000603,-0.004692990832440569,0.68,-0.0001229393447989846,1.88,-0.0014112666117841455,-0.2400000000000091,-0.0032817242206564234,4604
5,-0.699999999999998,-1.9999999999999991,60,25,-0.8400000000000603,-0.004692990832440569,0.68,-0.0001229393447989846,1.88,-0.0014112666117841455,-0.2400000000000091,-0.0032817242206564234,4605
5,-0.5999999999999979,-3.0,60,25,-0.8400000000000603,-0.004692990832440569,0.68,-0.0001229393447989846,1.88,-0.0014112666117841455,-0.2400000000000091,-0.0032817242206564234,4606
5,-0.5999999999999979,-2.9,60,25,-0.8400000000000603,-0.004692990832440569,0.68,-0.0001229393447989846,1.88,-0.0014112666117841455,-0.2400000000000091,-0.0032817242206564234,4607
5,-0.5999999999999979,-2.8,60,25,-0.8400000000000603,-0.004692990832440569,0.68,-0.0001229393447989846,1.88,-0.0014112666117841455,-0.2400000000000091,-0.0032817242206564234,4608
5,-0.5999999999999979,-2.6999999999999997,60,25,-0.8400000000000603,-0.004692990832440569,0.68,-0.0001229393447989846,1.88,-0.0014112666117841455,-0.2400000000000091,-0.0032817242206564234,4609
5,-0.5999999999999979,-2.5999999999999996,60,25,-0.8400000000000603,-0.004692990832440569,0.68,-0.0001229393447989846,1.88,-0.0014112666117841455,-0.2400000000000091,-0.0032817242206564234,4610
5,-0.5999999999999979,-2.4999999999999996,60,25,-0.8400000000000603,-0.004692990832440569,0.68,-0.0001229393447989846,1.88,-0.0014112666117841455,-0.2400000000000091,-0.0032817242206564234,4611
5,-0.5999999999999979,-2.3999999999999995,60,25,-0.8400000000000603,-0.004692990832440569,0.68,-0.0001229393447989846,1.88,-0.0014112666117841455,-0.2400000000000091,-0.0032817242206564234,4612
5,-0.5999999999999979,-2.2999999999999994,60,25,-0.8400000000000603,-0.004692990832440569,0.68,-0.0001229393447989846,1.88,-0.0014112666117841455,-0.2400000000000091,-0.0032817242206564234,4613
5,-0.5999999999999979,-2.1999999999999993,60,25,-0.8400000000000603,-0.004692990832440569,0.68,-0.0001229393447989846,1.88,-0.0014112666117841455,-0.2400000000000091,-0.0032817242206564234,4614
5,-0.5999999999999979,-2.099999999999999,60,25,-0.8400000000000603,-0.004692990832440569,0.68,-0.0001229393447989846,1.88,-0.0014112666117841455,-0.2400000000000091,-0.0032817242206564234,4615
5,-0.5999999999999979,-1.9999999999999991,60,25,-0.8400000000000603,-0.004692990832440569,0.68,-0.0001229393447989846,1.88,-0.0014112666117841455,-0.2400000000000091,-0.0032817242206564234,4616
10,1.600000000000004,-1.1999999999999984,55,4,-0.8600000000000136,-0.004800238140277635,0.75,-0.0008368050833124918,15.5,-0.007654999123473449,-1.3100000000000023,0.0028547609831958143,4617
22,0.9000000000000035,-1.2999999999999985,43,5,-0.8299999999999841,-0.004809847360946695,0.8,-0.0008005381613802376,10.6,-0.04541877459246779,-8.080000000000013,0.0406089272315211,4618
22,0.9000000000000035,-1.1999999999999984,43,5,-0.8299999999999841,-0.004809847360946695,0.8,-0.0008005381613802376,10.6,-0.04541877459246779,-8.080000000000013,0.0406089272315211,4619
22,1.0000000000000036,-1.2999999999999985,43,5,-0.8299999999999841,-0.004809847360946695,0.8,-0.0008005381613802376,10.6,-0.04541877459246779,-8.080000000000013,0.0406089272315211,4620
22,1.0000000000000036,-1.1999999999999984,43,5,-0.8299999999999841,-0.004809847360946695,0.8,-0.0008005381613802376,10.6,-0.04541877459246779,-8.080000000000013,0.0406089272315211,4621
10,-0.8999999999999981,-3.0,55,22,-0.75,-0.0048978916391760885,0.7272727272727273,-0.00014050864091580406,2.0454545454545454,-0.007654999123473449,-1.3100000000000023,0.002757107484297361,4622
10,-0.8999999999999981,-2.9,55,22,-0.75,-0.0048978916391760885,0.7272727272727273,-0.00014050864091580406,2.0454545454545454,-0.007654999123473449,-1.3100000000000023,0.002757107484297361,4623
10,-0.8999999999999981,-2.8,55,22,-0.75,-0.0048978916391760885,0.7272727272727273,-0.00014050864091580406,2.0454545454545454,-0.007654999123473449,-1.3100000000000023,0.002757107484297361,4624
10,-0.8999999999999981,-2.6999999999999997,55,22,-0.75,-0.0048978916391760885,0.7272727272727273,-0.00014050864091580406,2.0454545454545454,-0.007654999123473449,-1.3100000000000023,0.002757107484297361,4625
10,-0.8999999999999981,-2.5999999999999996,55,22,-0.75,-0.0048978916391760885,0.7272727272727273,-0.00014050864091580406,2.0454545454545454,-0.007654999123473449,-1.3100000000000023,0.002757107484297361,4626
10,-0.8999999999999981,-2.4999999999999996,55,22,-0.75,-0.0048978916391760885,0.7272727272727273,-0.00014050864091580406,2.0454545454545454,-0.007654999123473449,-1.3100000000000023,0.002757107484297361,4627
10,-0.799999999999998,-3.0,55,22,-0.75,-0.0048978916391760885,0.7272727272727273,-0.00014050864091580406,2.0454545454545454,-0.007654999123473449,-1.3100000000000023,0.002757107484297361,4628
10,-0.799999999999998,-2.9,55,22,-0.75,-0.0048978916391760885,0.7272727272727273,-0.00014050864091580406,2.0454545454545454,-0.007654999123473449,-1.3100000000000023,0.002757107484297361,4629
10,-0.799999999999998,-2.8,55,22,-0.75,-0.0048978916391760885,0.7272727272727273,-0.00014050864091580406,2.0454545454545454,-0.007654999123473449,-1.3100000000000023,0.002757107484297361,4630
10,-0.799999999999998,-2.6999999999999997,55,22,-0.75,-0.0048978916391760885,0.7272727272727273,-0.00014050864091580406,2.0454545454545454,-0.007654999123473449,-1.3100000000000023,0.002757107484297361,4631
10,-0.799999999999998,-2.5999999999999996,55,22,-0.75,-0.0048978916391760885,0.7272727272727273,-0.00014050864091580406,2.0454545454545454,-0.007654999123473449,-1.3100000000000023,0.002757107484297361,4632
10,-0.799999999999998,-2.4999999999999996,55,22,-0.75,-0.0048978916391760885,0.7272727272727273,-0.00014050864091580406,2.0454545454545454,-0.007654999123473449,-1.3100000000000023,0.002757107484297361,4633
10,1.900000000000004,-1.3999999999999986,55,2,-0.8400000000000034,-0.004974577270402736,0.5,-0.002374365382627197,35.5,-0.007654999123473449,-1.3100000000000023,0.0026804218530707136,4634
10,1.900000000000004,-1.2999999999999985,55,2,-0.8400000000000034,-0.004974577270402736,0.5,-0.002374365382627197,35.5,-0.007654999123473449,-1.3100000000000023,0.0026804218530707136,4635
10,1.900000000000004,-1.1999999999999984,55,2,-0.8400000000000034,-0.004974577270402736,0.5,-0.002374365382627197,35.5,-0.007654999123473449,-1.3100000000000023,0.0026804218530707136,4636
10,1.900000000000004,-1.0999999999999983,55,2,-0.8400000000000034,-0.004974577270402736,0.5,-0.002374365382627197,35.5,-0.007654999123473449,-1.3100000000000023,0.0026804218530707136,4637
10,2.0000000000000044,-1.3999999999999986,55,2,-0.8400000000000034,-0.004974577270402736,0.5,-0.002374365382627197,35.5,-0.007654999123473449,-1.3100000000000023,0.0026804218530707136,4638
10,2.0000000000000044,-1.2999999999999985,55,2,-0.8400000000000034,-0.004974577270402736,0.5,-0.002374365382627197,35.5,-0.007654999123473449,-1.3100000000000023,0.0026804218530707136,4639
10,2.0000000000000044,-1.1999999999999984,55,2,-0.8400000000000034,-0.004974577270402736,0.5,-0.002374365382627197,35.5,-0.007654999123473449,-1.3100000000000023,0.0026804218530707136,4640
10,2.0000000000000044,-1.0999999999999983,55,2,-0.8400000000000034,-0.004974577270402736,0.5,-0.002374365382627197,35.5,-0.007654999123473449,-1.3100000000000023,0.0026804218530707136,4641
5,-3.0,-0.4999999999999978,60,16,-0.8099999999999739,-0.0050200679567701245,0.5,-0.0002942253980458831,1.25,-0.0014112666117841455,-0.2400000000000091,-0.003608801344985979,4642
5,-2.9,-0.4999999999999978,60,16,-0.8099999999999739,-0.0050200679567701245,0.5,-0.0002942253980458831,1.25,-0.0014112666117841455,-0.2400000000000091,-0.003608801344985979,4643
5,-2.8,-0.4999999999999978,60,16,-0.8099999999999739,-0.0050200679567701245,0.5,-0.0002942253980458831,1.25,-0.0014112666117841455,-0.2400000000000091,-0.003608801344985979,4644
5,-2.6999999999999997,-0.4999999999999978,60,16,-0.8099999999999739,-0.0050200679567701245,0.5,-0.0002942253980458831,1.25,-0.0014112666117841455,-0.2400000000000091,-0.003608801344985979,4645
5,-2.5999999999999996,-0.4999999999999978,60,16,-0.8099999999999739,-0.0050200679567701245,0.5,-0.0002942253980458831,1.25,-0.0014112666117841455,-0.2400000000000091,-0.003608801344985979,4646
5,-2.4999999999999996,-0.4999999999999978,60,16,-0.8099999999999739,-0.0050200679567701245,0.5,-0.0002942253980458831,1.25,-0.0014112666117841455,-0.2400000000000091,-0.003608801344985979,4647
5,-2.3999999999999995,-0.4999999999999978,60,16,-0.8099999999999739,-0.0050200679567701245,0.5,-0.0002942253980458831,1.25,-0.0014112666117841455,-0.2400000000000091,-0.003608801344985979,4648
5,-2.2999999999999994,-0.4999999999999978,60,16,-0.8099999999999739,-0.0050200679567701245,0.5,-0.0002942253980458831,1.25,-0.0014112666117841455,-0.2400000000000091,-0.003608801344985979,4649
5,-2.1999999999999993,-0.4999999999999978,60,16,-0.8099999999999739,-0.0050200679567701245,0.5,-0.0002942253980458831,1.25,-0.0014112666117841455,-0.2400000000000091,-0.003608801344985979,4650
5,-2.099999999999999,-0.4999999999999978,60,16,-0.8099999999999739,-0.0050200679567701245,0.5,-0.0002942253980458831,1.25,-0.0014112666117841455,-0.2400000000000091,-0.003608801344985979,4651
5,-1.9999999999999991,-0.4999999999999978,60,16,-0.8099999999999739,-0.0050200679567701245,0.5,-0.0002942253980458831,1.25,-0.0014112666117841455,-0.2400000000000091,-0.003608801344985979,4652
5,-1.899999999999999,-0.4999999999999978,60,16,-0.8099999999999739,-0.0050200679567701245,0.5,-0.0002942253980458831,1.25,-0.0014112666117841455,-0.2400000000000091,-0.003608801344985979,4653
5,-1.799999999999999,-0.4999999999999978,60,16,-0.8099999999999739,-0.0050200679567701245,0.5,-0.0002942253980458831,1.25,-0.0014112666117841455,-0.2400000000000091,-0.003608801344985979,4654
5,-1.6999999999999988,-0.4999999999999978,60,16,-0.8099999999999739,-0.0050200679567701245,0.5,-0.0002942253980458831,1.25,-0.0014112666117841455,-0.2400000000000091,-0.003608801344985979,4655
10,1.600000000000004,-1.899999999999999,55,4,-0.8600000000000136,-0.005020875587514073,0.75,-0.0009791426289227911,18.25,-0.007654999123473449,-1.3100000000000023,0.002634123535959376,4656
10,1.600000000000004,-1.799999999999999,55,4,-0.8600000000000136,-0.005020875587514073,0.75,-0.0009791426289227911,18.25,-0.007654999123473449,-1.3100000000000023,0.002634123535959376,4657
10,1.600000000000004,-1.6999999999999988,55,4,-0.8600000000000136,-0.005020875587514073,0.75,-0.0009791426289227911,18.25,-0.007654999123473449,-1.3100000000000023,0.002634123535959376,4658
10,1.600000000000004,-1.5999999999999988,55,4,-0.8600000000000136,-0.005020875587514073,0.75,-0.0009791426289227911,18.25,-0.007654999123473449,-1.3100000000000023,0.002634123535959376,4659
5,1.1000000000000032,-0.9999999999999982,60,9,-0.8600000000000136,-0.005031545192008324,0.7777777777777778,-0.0003944584591368199,5.444444444444445,-0.0014112666117841455,-0.2400000000000091,-0.003620278580224179,4660
5,1.1000000000000032,-0.8999999999999981,60,9,-0.8600000000000136,-0.005031545192008324,0.7777777777777778,-0.0003944584591368199,5.444444444444445,-0.0014112666117841455,-0.2400000000000091,-0.003620278580224179,4661
10,1.400000000000004,-3.0,55,9,-0.8500000000000512,-0.005047271004546716,0.8888888888888888,-0.00031504294364368166,6.777777777777778,-0.007654999123473449,-1.3100000000000023,0.002607728118926733,4662
10,1.400000000000004,-2.9,55,9,-0.8500000000000512,-0.005047271004546716,0.8888888888888888,-0.00031504294364368166,6.777777777777778,-0.007654999123473449,-1.3100000000000023,0.002607728118926733,4663
10,1.400000000000004,-2.8,55,9,-0.8500000000000512,-0.005047271004546716,0.8888888888888888,-0.00031504294364368166,6.777777777777778,-0.007654999123473449,-1.3100000000000023,0.002607728118926733,4664
10,1.400000000000004,-2.6999999999999997,55,9,-0.8500000000000512,-0.005047271004546716,0.8888888888888888,-0.00031504294364368166,6.777777777777778,-0.007654999123473449,-1.3100000000000023,0.002607728118926733,4665
10,1.400000000000004,-2.5999999999999996,55,9,-0.8500000000000512,-0.005047271004546716,0.8888888888888888,-0.00031504294364368166,6.777777777777778,-0.007654999123473449,-1.3100000000000023,0.002607728118926733,4666
10,1.400000000000004,-2.4999999999999996,55,9,-0.8500000000000512,-0.005047271004546716,0.8888888888888888,-0.00031504294364368166,6.777777777777778,-0.007654999123473449,-1.3100000000000023,0.002607728118926733,4667
10,1.400000000000004,-2.3999999999999995,55,9,-0.8500000000000512,-0.005047271004546716,0.8888888888888888,-0.00031504294364368166,6.777777777777778,-0.007654999123473449,-1.3100000000000023,0.002607728118926733,4668
10,1.400000000000004,-2.2999999999999994,55,9,-0.8500000000000512,-0.005047271004546716,0.8888888888888888,-0.00031504294364368166,6.777777777777778,-0.007654999123473449,-1.3100000000000023,0.002607728118926733,4669
10,1.400000000000004,-2.1999999999999993,55,9,-0.8500000000000512,-0.005047271004546716,0.8888888888888888,-0.00031504294364368166,6.777777777777778,-0.007654999123473449,-1.3100000000000023,0.002607728118926733,4670
10,1.400000000000004,-2.099999999999999,55,9,-0.8500000000000512,-0.005047271004546716,0.8888888888888888,-0.00031504294364368166,6.777777777777778,-0.007654999123473449,-1.3100000000000023,0.002607728118926733,4671
5,-0.4999999999999978,-0.9999999999999982,60,15,-0.8100000000000307,-0.005065087794698053,0.7333333333333333,-0.00024214075217188953,2.466666666666667,-0.0014112666117841455,-0.2400000000000091,-0.003653821182913908,4672
5,-0.4999999999999978,-0.8999999999999981,60,15,-0.8100000000000307,-0.005065087794698053,0.7333333333333333,-0.00024214075217188953,2.466666666666667,-0.0014112666117841455,-0.2400000000000091,-0.003653821182913908,4673
5,0.10000000000000275,-0.799999999999998,60,10,-0.7600000000000477,-0.005079226365051426,0.8,-0.0003284662946455463,3.8,-0.0014112666117841455,-0.2400000000000091,-0.0036679597532672803,4674
5,-3.0,-0.5999999999999979,60,17,-0.8199999999999648,-0.005079794226776513,0.47058823529411764,-0.00028044905773152176,1.3529411764705883,-0.0014112666117841455,-0.2400000000000091,-0.0036685276149923673,4675
5,-2.9,-0.5999999999999979,60,17,-0.8199999999999648,-0.005079794226776513,0.47058823529411764,-0.00028044905773152176,1.3529411764705883,-0.0014112666117841455,-0.2400000000000091,-0.0036685276149923673,4676
5,-2.8,-0.5999999999999979,60,17,-0.8199999999999648,-0.005079794226776513,0.47058823529411764,-0.00028044905773152176,1.3529411764705883,-0.0014112666117841455,-0.2400000000000091,-0.0036685276149923673,4677
5,-2.6999999999999997,-0.5999999999999979,60,17,-0.8199999999999648,-0.005079794226776513,0.47058823529411764,-0.00028044905773152176,1.3529411764705883,-0.0014112666117841455,-0.2400000000000091,-0.0036685276149923673,4678
5,-2.5999999999999996,-0.5999999999999979,60,17,-0.8199999999999648,-0.005079794226776513,0.47058823529411764,-0.00028044905773152176,1.3529411764705883,-0.0014112666117841455,-0.2400000000000091,-0.0036685276149923673,4679
5,-2.4999999999999996,-0.5999999999999979,60,17,-0.8199999999999648,-0.005079794226776513,0.47058823529411764,-0.00028044905773152176,1.3529411764705883,-0.0014112666117841455,-0.2400000000000091,-0.0036685276149923673,4680
5,-2.3999999999999995,-0.5999999999999979,60,17,-0.8199999999999648,-0.005079794226776513,0.47058823529411764,-0.00028044905773152176,1.3529411764705883,-0.0014112666117841455,-0.2400000000000091,-0.0036685276149923673,4681
5,-2.2999999999999994,-0.5999999999999979,60,17,-0.8199999999999648,-0.005079794226776513,0.47058823529411764,-0.00028044905773152176,1.3529411764705883,-0.0014112666117841455,-0.2400000000000091,-0.0036685276149923673,4682
5,-2.1999999999999993,-0.5999999999999979,60,17,-0.8199999999999648,-0.005079794226776513,0.47058823529411764,-0.00028044905773152176,1.3529411764705883,-0.0014112666117841455,-0.2400000000000091,-0.0036685276149923673,4683
5,-2.099999999999999,-0.5999999999999979,60,17,-0.8199999999999648,-0.005079794226776513,0.47058823529411764,-0.00028044905773152176,1.3529411764705883,-0.0014112666117841455,-0.2400000000000091,-0.0036685276149923673,4684
5,-1.9999999999999991,-0.5999999999999979,60,17,-0.8199999999999648,-0.005079794226776513,0.47058823529411764,-0.00028044905773152176,1.3529411764705883,-0.0014112666117841455,-0.2400000000000091,-0.0036685276149923673,4685
5,-1.899999999999999,-0.5999999999999979,60,17,-0.8199999999999648,-0.005079794226776513,0.47058823529411764,-0.00028044905773152176,1.3529411764705883,-0.0014112666117841455,-0.2400000000000091,-0.0036685276149923673,4686
5,-1.799999999999999,-0.5999999999999979,60,17,-0.8199999999999648,-0.005079794226776513,0.47058823529411764,-0.00028044905773152176,1.3529411764705883,-0.0014112666117841455,-0.2400000000000091,-0.0036685276149923673,4687
5,-1.6999999999999988,-0.5999999999999979,60,17,-0.8199999999999648,-0.005079794226776513,0.47058823529411764,-0.00028044905773152176,1.3529411764705883,-0.0014112666117841455,-0.2400000000000091,-0.0036685276149923673,4688
5,1.1000000000000032,-1.5999999999999988,60,12,-0.8599999999999852,-0.00511793235909197,0.8333333333333334,-0.0002970337732718653,4.916666666666667,-0.0014112666117841455,-0.2400000000000091,-0.0037066657473078246,4689
10,-0.8999999999999981,-1.1999999999999984,55,15,-0.7699999999999818,-0.005122697208439275,0.7333333333333333,-0.000222839688112475,2.4,-0.007654999123473449,-1.3100000000000023,0.002532301915034174,4690
10,-0.799999999999998,-1.1999999999999984,55,15,-0.7699999999999818,-0.005122697208439275,0.7333333333333333,-0.000222839688112475,2.4,-0.007654999123473449,-1.3100000000000023,0.002532301915034174,4691
10,-0.8999999999999981,-0.9999999999999982,55,13,-0.8400000000000034,-0.005151605774443624,0.6923076923076923,-0.0002581586494636493,2.6153846153846154,-0.007654999123473449,-1.3100000000000023,0.0025033933490298255,4692
10,-0.799999999999998,-0.9999999999999982,55,13,-0.8400000000000034,-0.005151605774443624,0.6923076923076923,-0.0002581586494636493,2.6153846153846154,-0.007654999123473449,-1.3100000000000023,0.0025033933490298255,4693
5,1.3000000000000043,-1.2999999999999985,60,6,-0.7400000000000375,-0.005207390492132813,0.6666666666666666,-0.0006215039560563129,11.5,-0.0014112666117841455,-0.2400000000000091,-0.0037961238803486674,4694
5,0.10000000000000275,-3.0,60,20,-0.7100000000000364,-0.005208700699587232,0.65,-0.00016177961098723937,2.85,-0.0014112666117841455,-0.2400000000000091,-0.0037974340878030866,4695
5,0.10000000000000275,-2.9,60,20,-0.7100000000000364,-0.005208700699587232,0.65,-0.00016177961098723937,2.85,-0.0014112666117841455,-0.2400000000000091,-0.0037974340878030866,4696
5,0.10000000000000275,-2.8,60,20,-0.7100000000000364,-0.005208700699587232,0.65,-0.00016177961098723937,2.85,-0.0014112666117841455,-0.2400000000000091,-0.0037974340878030866,4697
5,0.10000000000000275,-2.6999999999999997,60,20,-0.7100000000000364,-0.005208700699587232,0.65,-0.00016177961098723937,2.85,-0.0014112666117841455,-0.2400000000000091,-0.0037974340878030866,4698
5,0.10000000000000275,-2.5999999999999996,60,20,-0.7100000000000364,-0.005208700699587232,0.65,-0.00016177961098723937,2.85,-0.0014112666117841455,-0.2400000000000091,-0.0037974340878030866,4699
5,0.10000000000000275,-2.4999999999999996,60,20,-0.7100000000000364,-0.005208700699587232,0.65,-0.00016177961098723937,2.85,-0.0014112666117841455,-0.2400000000000091,-0.0037974340878030866,4700
5,0.10000000000000275,-2.3999999999999995,60,20,-0.7100000000000364,-0.005208700699587232,0.65,-0.00016177961098723937,2.85,-0.0014112666117841455,-0.2400000000000091,-0.0037974340878030866,4701
5,0.10000000000000275,-2.2999999999999994,60,20,-0.7100000000000364,-0.005208700699587232,0.65,-0.00016177961098723937,2.85,-0.0014112666117841455,-0.2400000000000091,-0.0037974340878030866,4702
5,0.10000000000000275,-2.1999999999999993,60,20,-0.7100000000000364,-0.005208700699587232,0.65,-0.00016177961098723937,2.85,-0.0014112666117841455,-0.2400000000000091,-0.0037974340878030866,4703
5,0.10000000000000275,-2.099999999999999,60,20,-0.7100000000000364,-0.005208700699587232,0.65,-0.00016177961098723937,2.85,-0.0014112666117841455,-0.2400000000000091,-0.0037974340878030866,4704
5,0.10000000000000275,-1.9999999999999991,60,20,-0.7100000000000364,-0.005208700699587232,0.65,-0.00016177961098723937,2.85,-0.0014112666117841455,-0.2400000000000091,-0.0037974340878030866,4705
5,0.10000000000000275,-1.899999999999999,60,20,-0.7100000000000364,-0.005208700699587232,0.65,-0.00016177961098723937,2.85,-0.0014112666117841455,-0.2400000000000091,-0.0037974340878030866,4706
10,-2.2999999999999994,-1.899999999999999,55,25,-0.7199999999999704,-0.005210865548725407,0.64,-0.00014053898321455537,1.4,-0.007654999123473449,-1.3100000000000023,0.002444133574748042,4707
10,-2.1999999999999993,-1.899999999999999,55,25,-0.7199999999999704,-0.005210865548725407,0.64,-0.00014053898321455537,1.4,-0.007654999123473449,-1.3100000000000023,0.002444133574748042,4708
10,-2.099999999999999,-1.899999999999999,55,25,-0.7199999999999704,-0.005210865548725407,0.64,-0.00014053898321455537,1.4,-0.007654999123473449,-1.3100000000000023,0.002444133574748042,4709
10,-1.9999999999999991,-1.899999999999999,55,25,-0.7199999999999704,-0.005210865548725407,0.64,-0.00014053898321455537,1.4,-0.007654999123473449,-1.3100000000000023,0.002444133574748042,4710
22,0.9000000000000035,-0.699999999999998,43,3,-0.9300000000000068,-0.005220677455015754,0.6666666666666666,-0.0014827411782829165,15.666666666666666,-0.04541877459246779,-8.080000000000013,0.04019809713745204,4711
22,0.9000000000000035,-0.5999999999999979,43,3,-0.9300000000000068,-0.005220677455015754,0.6666666666666666,-0.0014827411782829165,15.666666666666666,-0.04541877459246779,-8.080000000000013,0.04019809713745204,4712
22,1.0000000000000036,-0.699999999999998,43,3,-0.9300000000000068,-0.005220677455015754,0.6666666666666666,-0.0014827411782829165,15.666666666666666,-0.04541877459246779,-8.080000000000013,0.04019809713745204,4713
22,1.0000000000000036,-0.5999999999999979,43,3,-0.9300000000000068,-0.005220677455015754,0.6666666666666666,-0.0014827411782829165,15.666666666666666,-0.04541877459246779,-8.080000000000013,0.04019809713745204,4714
10,-0.8999999999999981,-1.9999999999999991,55,21,-0.8000000000000398,-0.005267431819498958,0.6190476190476191,-0.00016196157668540724,2.0476190476190474,-0.007654999123473449,-1.3100000000000023,0.0023875673039744916,4715
10,-0.799999999999998,-1.9999999999999991,55,21,-0.8000000000000398,-0.005267431819498958,0.6190476190476191,-0.00016196157668540724,2.0476190476190474,-0.007654999123473449,-1.3100000000000023,0.0023875673039744916,4716
10,1.400000000000004,-1.1999999999999984,55,6,-0.9000000000000341,-0.005308738557781245,0.8333333333333334,-0.0005133859862907486,8.833333333333334,-0.007654999123473449,-1.3100000000000023,0.002346260565692204,4717
5,-1.3999999999999986,-1.899999999999999,60,27,-0.9000000000000625,-0.005452271936204678,0.5925925925925926,-0.00016182775062304025,1.5555555555555556,-0.0014112666117841455,-0.2400000000000091,-0.004041005324420532,4718
5,-1.3999999999999986,-1.799999999999999,60,27,-0.9000000000000625,-0.005452271936204678,0.5925925925925926,-0.00016182775062304025,1.5555555555555556,-0.0014112666117841455,-0.2400000000000091,-0.004041005324420532,4719
10,0.20000000000000284,-1.799999999999999,55,15,-0.7700000000000102,-0.005504698921051654,0.8,-0.0002463625478073587,3.466666666666667,-0.007654999123473449,-1.3100000000000023,0.0021503002024217954,4720
10,0.20000000000000284,-1.6999999999999988,55,15,-0.7700000000000102,-0.005504698921051654,0.8,-0.0002463625478073587,3.466666666666667,-0.007654999123473449,-1.3100000000000023,0.0021503002024217954,4721
22,-3.0,3.0000000000000053,43,1,-0.9199999999999875,-0.0055471811878202715,0.0,-0.0055471811878202715,1.0,-0.04541877459246779,-8.080000000000013,0.03987159340464752,4722
10,-3.0,2.400000000000005,55,1,-0.9199999999999875,-0.0055471811878202715,0.0,-0.0055471811878202715,1.0,-0.007654999123473449,-1.3100000000000023,0.002107817935653178,4723
10,-2.9,2.400000000000005,55,1,-0.9199999999999875,-0.0055471811878202715,0.0,-0.0055471811878202715,1.0,-0.007654999123473449,-1.3100000000000023,0.002107817935653178,4724
10,-2.8,2.400000000000005,55,1,-0.9199999999999875,-0.0055471811878202715,0.0,-0.0055471811878202715,1.0,-0.007654999123473449,-1.3100000000000023,0.002107817935653178,4725
10,-2.6999999999999997,2.400000000000005,55,1,-0.9199999999999875,-0.0055471811878202715,0.0,-0.0055471811878202715,1.0,-0.007654999123473449,-1.3100000000000023,0.002107817935653178,4726
10,-2.5999999999999996,2.400000000000005,55,1,-0.9199999999999875,-0.0055471811878202715,0.0,-0.0055471811878202715,1.0,-0.007654999123473449,-1.3100000000000023,0.002107817935653178,4727
10,-2.4999999999999996,2.400000000000005,55,1,-0.9199999999999875,-0.0055471811878202715,0.0,-0.0055471811878202715,1.0,-0.007654999123473449,-1.3100000000000023,0.002107817935653178,4728
10,-2.3999999999999995,2.400000000000005,55,1,-0.9199999999999875,-0.0055471811878202715,0.0,-0.0055471811878202715,1.0,-0.007654999123473449,-1.3100000000000023,0.002107817935653178,4729
10,-2.2999999999999994,2.400000000000005,55,1,-0.9199999999999875,-0.0055471811878202715,0.0,-0.0055471811878202715,1.0,-0.007654999123473449,-1.3100000000000023,0.002107817935653178,4730
10,-2.1999999999999993,2.400000000000005,55,1,-0.9199999999999875,-0.0055471811878202715,0.0,-0.0055471811878202715,1.0,-0.007654999123473449,-1.3100000000000023,0.002107817935653178,4731
10,-2.099999999999999,2.400000000000005,55,1,-0.9199999999999875,-0.0055471811878202715,0.0,-0.0055471811878202715,1.0,-0.007654999123473449,-1.3100000000000023,0.002107817935653178,4732
10,-1.9999999999999991,2.400000000000005,55,1,-0.9199999999999875,-0.0055471811878202715,0.0,-0.0055471811878202715,1.0,-0.007654999123473449,-1.3100000000000023,0.002107817935653178,4733
5,1.3000000000000043,-0.699999999999998,60,5,-0.9200000000000443,-0.005668510455625109,0.6,-0.0008444853095734394,9.8,-0.0014112666117841455,-0.2400000000000091,-0.004257243843840963,4734
10,1.600000000000004,-3.0,55,4,-0.9699999999999989,-0.005669416140283601,0.75,-0.0011444052054941367,18.5,-0.007654999123473449,-1.3100000000000023,0.0019855829831898486,4735
10,1.600000000000004,-2.9,55,4,-0.9699999999999989,-0.005669416140283601,0.75,-0.0011444052054941367,18.5,-0.007654999123473449,-1.3100000000000023,0.0019855829831898486,4736
10,1.600000000000004,-2.8,55,4,-0.9699999999999989,-0.005669416140283601,0.75,-0.0011444052054941367,18.5,-0.007654999123473449,-1.3100000000000023,0.0019855829831898486,4737
10,1.600000000000004,-2.6999999999999997,55,4,-0.9699999999999989,-0.005669416140283601,0.75,-0.0011444052054941367,18.5,-0.007654999123473449,-1.3100000000000023,0.0019855829831898486,4738
10,1.600000000000004,-2.5999999999999996,55,4,-0.9699999999999989,-0.005669416140283601,0.75,-0.0011444052054941367,18.5,-0.007654999123473449,-1.3100000000000023,0.0019855829831898486,4739
10,1.600000000000004,-2.4999999999999996,55,4,-0.9699999999999989,-0.005669416140283601,0.75,-0.0011444052054941367,18.5,-0.007654999123473449,-1.3100000000000023,0.0019855829831898486,4740
10,1.600000000000004,-2.3999999999999995,55,4,-0.9699999999999989,-0.005669416140283601,0.75,-0.0011444052054941367,18.5,-0.007654999123473449,-1.3100000000000023,0.0019855829831898486,4741
10,1.600000000000004,-2.2999999999999994,55,4,-0.9699999999999989,-0.005669416140283601,0.75,-0.0011444052054941367,18.5,-0.007654999123473449,-1.3100000000000023,0.0019855829831898486,4742
10,1.600000000000004,-2.1999999999999993,55,4,-0.9699999999999989,-0.005669416140283601,0.75,-0.0011444052054941367,18.5,-0.007654999123473449,-1.3100000000000023,0.0019855829831898486,4743
10,1.600000000000004,-2.099999999999999,55,4,-0.9699999999999989,-0.005669416140283601,0.75,-0.0011444052054941367,18.5,-0.007654999123473449,-1.3100000000000023,0.0019855829831898486,4744
10,1.600000000000004,-1.9999999999999991,55,4,-0.9699999999999989,-0.005669416140283601,0.75,-0.0011444052054941367,18.5,-0.007654999123473449,-1.3100000000000023,0.0019855829831898486,4745
5,0.20000000000000284,-0.799999999999998,60,9,-0.8600000000000421,-0.005678071178844002,0.7777777777777778,-0.0004485018765491011,4.333333333333333,-0.0014112666117841455,-0.2400000000000091,-0.0042668045670598564,4746
5,0.30000000000000293,-0.799999999999998,60,9,-0.8600000000000421,-0.005678071178844002,0.7777777777777778,-0.0004485018765491011,4.333333333333333,-0.0014112666117841455,-0.2400000000000091,-0.0042668045670598564,4747
22,0.400000000000003,-0.699999999999998,43,5,-0.9900000000000091,-0.005805570070361643,0.8,-0.0010760357198168924,8.2,-0.04541877459246779,-8.080000000000013,0.03961320452210615,4748
22,0.400000000000003,-0.5999999999999979,43,5,-0.9900000000000091,-0.005805570070361643,0.8,-0.0010760357198168924,8.2,-0.04541877459246779,-8.080000000000013,0.03961320452210615,4749
22,0.5000000000000031,-0.699999999999998,43,5,-0.9900000000000091,-0.005805570070361643,0.8,-0.0010760357198168924,8.2,-0.04541877459246779,-8.080000000000013,0.03961320452210615,4750
22,0.5000000000000031,-0.5999999999999979,43,5,-0.9900000000000091,-0.005805570070361643,0.8,-0.0010760357198168924,8.2,-0.04541877459246779,-8.080000000000013,0.03961320452210615,4751
5,0.20000000000000284,-3.0,60,19,-0.8100000000000307,-0.005807467582517822,0.631578947368421,-0.00020986558748585442,3.0526315789473686,-0.0014112666117841455,-0.2400000000000091,-0.004396200970733677,4752
5,0.20000000000000284,-2.9,60,19,-0.8100000000000307,-0.005807467582517822,0.631578947368421,-0.00020986558748585442,3.0526315789473686,-0.0014112666117841455,-0.2400000000000091,-0.004396200970733677,4753
5,0.20000000000000284,-2.8,60,19,-0.8100000000000307,-0.005807467582517822,0.631578947368421,-0.00020986558748585442,3.0526315789473686,-0.0014112666117841455,-0.2400000000000091,-0.004396200970733677,4754
5,0.20000000000000284,-2.6999999999999997,60,19,-0.8100000000000307,-0.005807467582517822,0.631578947368421,-0.00020986558748585442,3.0526315789473686,-0.0014112666117841455,-0.2400000000000091,-0.004396200970733677,4755
5,0.20000000000000284,-2.5999999999999996,60,19,-0.8100000000000307,-0.005807467582517822,0.631578947368421,-0.00020986558748585442,3.0526315789473686,-0.0014112666117841455,-0.2400000000000091,-0.004396200970733677,4756
5,0.20000000000000284,-2.4999999999999996,60,19,-0.8100000000000307,-0.005807467582517822,0.631578947368421,-0.00020986558748585442,3.0526315789473686,-0.0014112666117841455,-0.2400000000000091,-0.004396200970733677,4757
5,0.20000000000000284,-2.3999999999999995,60,19,-0.8100000000000307,-0.005807467582517822,0.631578947368421,-0.00020986558748585442,3.0526315789473686,-0.0014112666117841455,-0.2400000000000091,-0.004396200970733677,4758
5,0.20000000000000284,-2.2999999999999994,60,19,-0.8100000000000307,-0.005807467582517822,0.631578947368421,-0.00020986558748585442,3.0526315789473686,-0.0014112666117841455,-0.2400000000000091,-0.004396200970733677,4759
5,0.20000000000000284,-2.1999999999999993,60,19,-0.8100000000000307,-0.005807467582517822,0.631578947368421,-0.00020986558748585442,3.0526315789473686,-0.0014112666117841455,-0.2400000000000091,-0.004396200970733677,4760
5,0.20000000000000284,-2.099999999999999,60,19,-0.8100000000000307,-0.005807467582517822,0.631578947368421,-0.00020986558748585442,3.0526315789473686,-0.0014112666117841455,-0.2400000000000091,-0.004396200970733677,4761
5,0.20000000000000284,-1.9999999999999991,60,19,-0.8100000000000307,-0.005807467582517822,0.631578947368421,-0.00020986558748585442,3.0526315789473686,-0.0014112666117841455,-0.2400000000000091,-0.004396200970733677,4762
5,0.20000000000000284,-1.899999999999999,60,19,-0.8100000000000307,-0.005807467582517822,0.631578947368421,-0.00020986558748585442,3.0526315789473686,-0.0014112666117841455,-0.2400000000000091,-0.004396200970733677,4763
5,0.30000000000000293,-3.0,60,19,-0.8100000000000307,-0.005807467582517822,0.631578947368421,-0.00020986558748585442,3.0526315789473686,-0.0014112666117841455,-0.2400000000000091,-0.004396200970733677,4764
5,0.30000000000000293,-2.9,60,19,-0.8100000000000307,-0.005807467582517822,0.631578947368421,-0.00020986558748585442,3.0526315789473686,-0.0014112666117841455,-0.2400000000000091,-0.004396200970733677,4765
5,0.30000000000000293,-2.8,60,19,-0.8100000000000307,-0.005807467582517822,0.631578947368421,-0.00020986558748585442,3.0526315789473686,-0.0014112666117841455,-0.2400000000000091,-0.004396200970733677,4766
5,0.30000000000000293,-2.6999999999999997,60,19,-0.8100000000000307,-0.005807467582517822,0.631578947368421,-0.00020986558748585442,3.0526315789473686,-0.0014112666117841455,-0.2400000000000091,-0.004396200970733677,4767
5,0.30000000000000293,-2.5999999999999996,60,19,-0.8100000000000307,-0.005807467582517822,0.631578947368421,-0.00020986558748585442,3.0526315789473686,-0.0014112666117841455,-0.2400000000000091,-0.004396200970733677,4768
5,0.30000000000000293,-2.4999999999999996,60,19,-0.8100000000000307,-0.005807467582517822,0.631578947368421,-0.00020986558748585442,3.0526315789473686,-0.0014112666117841455,-0.2400000000000091,-0.004396200970733677,4769
5,0.30000000000000293,-2.3999999999999995,60,19,-0.8100000000000307,-0.005807467582517822,0.631578947368421,-0.00020986558748585442,3.0526315789473686,-0.0014112666117841455,-0.2400000000000091,-0.004396200970733677,4770
5,0.30000000000000293,-2.2999999999999994,60,19,-0.8100000000000307,-0.005807467582517822,0.631578947368421,-0.00020986558748585442,3.0526315789473686,-0.0014112666117841455,-0.2400000000000091,-0.004396200970733677,4771
5,0.30000000000000293,-2.1999999999999993,60,19,-0.8100000000000307,-0.005807467582517822,0.631578947368421,-0.00020986558748585442,3.0526315789473686,-0.0014112666117841455,-0.2400000000000091,-0.004396200970733677,4772
5,0.30000000000000293,-2.099999999999999,60,19,-0.8100000000000307,-0.005807467582517822,0.631578947368421,-0.00020986558748585442,3.0526315789473686,-0.0014112666117841455,-0.2400000000000091,-0.004396200970733677,4773
5,0.30000000000000293,-1.9999999999999991,60,19,-0.8100000000000307,-0.005807467582517822,0.631578947368421,-0.00020986558748585442,3.0526315789473686,-0.0014112666117841455,-0.2400000000000091,-0.004396200970733677,4774
5,0.30000000000000293,-1.899999999999999,60,19,-0.8100000000000307,-0.005807467582517822,0.631578947368421,-0.00020986558748585442,3.0526315789473686,-0.0014112666117841455,-0.2400000000000091,-0.004396200970733677,4775
10,-0.3999999999999977,-1.4999999999999987,55,15,-0.9099999999999966,-0.005827797786526312,0.7333333333333333,-0.00028335273118862414,2.8666666666666667,-0.007654999123473449,-1.3100000000000023,0.0018272013369471374,4776
10,-0.9999999999999982,-1.9999999999999991,55,22,-0.8600000000000421,-0.005845764965453304,0.5909090909090909,-0.00017971135781822109,1.8636363636363635,-0.007654999123473449,-1.3100000000000023,0.0018092341580201454,4777
5,1.3000000000000043,-1.3999999999999986,60,6,-0.8500000000000227,-0.005855809472020912,0.6666666666666666,-0.0007316790071038767,11.666666666666666,-0.0014112666117841455,-0.2400000000000091,-0.0044445428602367665,4778
5,-0.8999999999999981,-1.3999999999999986,60,23,-0.900000000000091,-0.005886567857443126,0.5652173913043478,-0.00018269836976040875,1.9565217391304348,-0.0014112666117841455,-0.2400000000000091,-0.00447530124565898,4779
5,-0.799999999999998,-1.3999999999999986,60,23,-0.900000000000091,-0.005886567857443126,0.5652173913043478,-0.00018269836976040875,1.9565217391304348,-0.0014112666117841455,-0.2400000000000091,-0.00447530124565898,4780
5,-0.699999999999998,-1.3999999999999986,60,23,-0.900000000000091,-0.005886567857443126,0.5652173913043478,-0.00018269836976040875,1.9565217391304348,-0.0014112666117841455,-0.2400000000000091,-0.00447530124565898,4781
5,-0.5999999999999979,-1.3999999999999986,60,23,-0.900000000000091,-0.005886567857443126,0.5652173913043478,-0.00018269836976040875,1.9565217391304348,-0.0014112666117841455,-0.2400000000000091,-0.00447530124565898,4782
22,-1.1999999999999984,-3.0,43,17,-0.9900000000000091,-0.005943512721822919,0.7058823529411765,-0.00028177913051507424,1.9411764705882353,-0.04541877459246779,-8.080000000000013,0.03947526187064487,4783
22,-1.1999999999999984,-2.9,43,17,-0.9900000000000091,-0.005943512721822919,0.7058823529411765,-0.00028177913051507424,1.9411764705882353,-0.04541877459246779,-8.080000000000013,0.03947526187064487,4784
22,-1.1999999999999984,-2.8,43,17,-0.9900000000000091,-0.005943512721822919,0.7058823529411765,-0.00028177913051507424,1.9411764705882353,-0.04541877459246779,-8.080000000000013,0.03947526187064487,4785
22,-1.1999999999999984,-2.6999999999999997,43,17,-0.9900000000000091,-0.005943512721822919,0.7058823529411765,-0.00028177913051507424,1.9411764705882353,-0.04541877459246779,-8.080000000000013,0.03947526187064487,4786
22,-1.1999999999999984,-2.5999999999999996,43,17,-0.9900000000000091,-0.005943512721822919,0.7058823529411765,-0.00028177913051507424,1.9411764705882353,-0.04541877459246779,-8.080000000000013,0.03947526187064487,4787
22,-1.1999999999999984,-2.4999999999999996,43,17,-0.9900000000000091,-0.005943512721822919,0.7058823529411765,-0.00028177913051507424,1.9411764705882353,-0.04541877459246779,-8.080000000000013,0.03947526187064487,4788
22,-1.1999999999999984,-2.3999999999999995,43,17,-0.9900000000000091,-0.005943512721822919,0.7058823529411765,-0.00028177913051507424,1.9411764705882353,-0.04541877459246779,-8.080000000000013,0.03947526187064487,4789
22,-1.1999999999999984,-2.2999999999999994,43,17,-0.9900000000000091,-0.005943512721822919,0.7058823529411765,-0.00028177913051507424,1.9411764705882353,-0.04541877459246779,-8.080000000000013,0.03947526187064487,4790
22,-1.1999999999999984,-2.1999999999999993,43,17,-0.9900000000000091,-0.005943512721822919,0.7058823529411765,-0.00028177913051507424,1.9411764705882353,-0.04541877459246779,-8.080000000000013,0.03947526187064487,4791
22,-1.1999999999999984,-2.099999999999999,43,17,-0.9900000000000091,-0.005943512721822919,0.7058823529411765,-0.00028177913051507424,1.9411764705882353,-0.04541877459246779,-8.080000000000013,0.03947526187064487,4792
22,-1.1999999999999984,-1.9999999999999991,43,17,-0.9900000000000091,-0.005943512721822919,0.7058823529411765,-0.00028177913051507424,1.9411764705882353,-0.04541877459246779,-8.080000000000013,0.03947526187064487,4793
22,-1.1999999999999984,-1.899999999999999,43,17,-0.9900000000000091,-0.005943512721822919,0.7058823529411765,-0.00028177913051507424,1.9411764705882353,-0.04541877459246779,-8.080000000000013,0.03947526187064487,4794
22,-1.1999999999999984,-1.799999999999999,43,17,-0.9900000000000091,-0.005943512721822919,0.7058823529411765,-0.00028177913051507424,1.9411764705882353,-0.04541877459246779,-8.080000000000013,0.03947526187064487,4795
22,-1.1999999999999984,-1.6999999999999988,43,17,-0.9900000000000091,-0.005943512721822919,0.7058823529411765,-0.00028177913051507424,1.9411764705882353,-0.04541877459246779,-8.080000000000013,0.03947526187064487,4796
22,-1.1999999999999984,-1.5999999999999988,43,17,-0.9900000000000091,-0.005943512721822919,0.7058823529411765,-0.00028177913051507424,1.9411764705882353,-0.04541877459246779,-8.080000000000013,0.03947526187064487,4797
22,-1.1999999999999984,-1.4999999999999987,43,17,-0.9900000000000091,-0.005943512721822919,0.7058823529411765,-0.00028177913051507424,1.9411764705882353,-0.04541877459246779,-8.080000000000013,0.03947526187064487,4798
22,-1.1999999999999984,-1.3999999999999986,43,17,-0.9900000000000091,-0.005943512721822919,0.7058823529411765,-0.00028177913051507424,1.9411764705882353,-0.04541877459246779,-8.080000000000013,0.03947526187064487,4799
22,-1.1999999999999984,-1.2999999999999985,43,17,-0.9900000000000091,-0.005943512721822919,0.7058823529411765,-0.00028177913051507424,1.9411764705882353,-0.04541877459246779,-8.080000000000013,0.03947526187064487,4800
22,-1.1999999999999984,-1.1999999999999984,43,17,-0.9900000000000091,-0.005943512721822919,0.7058823529411765,-0.00028177913051507424,1.9411764705882353,-0.04541877459246779,-8.080000000000013,0.03947526187064487,4801
5,0.5000000000000031,-0.699999999999998,60,7,-0.9900000000000375,-0.005999268426777782,0.7142857142857143,-0.0006148774759448924,5.714285714285714,-0.0014112666117841455,-0.2400000000000091,-0.004588001814993636,4802
5,0.6000000000000032,-0.699999999999998,60,7,-1.0000000000000284,-0.006058935917718,0.7142857142857143,-0.0006230063676517952,6.142857142857143,-0.0014112666117841455,-0.2400000000000091,-0.004647669305933855,4803
5,0.7000000000000033,-0.699999999999998,60,7,-1.0000000000000284,-0.006058935917718,0.7142857142857143,-0.0006230063676517952,6.142857142857143,-0.0014112666117841455,-0.2400000000000091,-0.004647669305933855,4804
5,0.8000000000000034,-0.699999999999998,60,7,-1.0000000000000284,-0.006058935917718,0.7142857142857143,-0.0006230063676517952,6.142857142857143,-0.0014112666117841455,-0.2400000000000091,-0.004647669305933855,4805
5,0.9000000000000035,-0.699999999999998,60,7,-1.0000000000000284,-0.006058935917718,0.7142857142857143,-0.0006230063676517952,6.142857142857143,-0.0014112666117841455,-0.2400000000000091,-0.004647669305933855,4806
5,-1.5999999999999988,-1.2999999999999985,60,25,-0.8800000000000523,-0.006106293152984943,0.6,-0.00020414627158634957,1.52,-0.0014112666117841455,-0.2400000000000091,-0.004695026541200797,4807
5,-1.4999999999999987,-1.2999999999999985,60,25,-0.8800000000000523,-0.006106293152984943,0.6,-0.00020414627158634957,1.52,-0.0014112666117841455,-0.2400000000000091,-0.004695026541200797,4808
10,-1.899999999999999,-1.4999999999999987,55,22,-0.8900000000000148,-0.006147302694110679,0.6363636363636364,-0.00022725040579405195,1.5,-0.007654999123473449,-1.3100000000000023,0.0015076964293627704,4809
5,1.900000000000004,-1.4999999999999987,60,1,-1.0700000000000216,-0.006216954273429942,0.0,-0.006216954273429942,65.0,-0.0014112666117841455,-0.2400000000000091,-0.004805687661645797,4810
5,1.900000000000004,-1.3999999999999986,60,1,-1.0700000000000216,-0.006216954273429942,0.0,-0.006216954273429942,65.0,-0.0014112666117841455,-0.2400000000000091,-0.004805687661645797,4811
5,1.900000000000004,-1.2999999999999985,60,1,-1.0700000000000216,-0.006216954273429942,0.0,-0.006216954273429942,65.0,-0.0014112666117841455,-0.2400000000000091,-0.004805687661645797,4812
5,1.900000000000004,-1.1999999999999984,60,1,-1.0700000000000216,-0.006216954273429942,0.0,-0.006216954273429942,65.0,-0.0014112666117841455,-0.2400000000000091,-0.004805687661645797,4813
10,0.30000000000000293,-1.4999999999999987,55,11,-0.9900000000000091,-0.006242159440179362,0.8181818181818182,-0.00039602575003675177,4.636363636363637,-0.007654999123473449,-1.3100000000000023,0.001412839683294087,4814
10,1.900000000000004,-0.9999999999999982,55,2,-1.0600000000000023,-0.006268192640929371,0.5,-0.003032753433894808,35.0,-0.007654999123473449,-1.3100000000000023,0.0013868064825440785,4815
10,2.0000000000000044,-0.9999999999999982,55,2,-1.0600000000000023,-0.006268192640929371,0.5,-0.003032753433894808,35.0,-0.007654999123473449,-1.3100000000000023,0.0013868064825440785,4816
5,-0.8999999999999981,-1.4999999999999987,60,23,-0.9800000000001035,-0.006272660807439712,0.6521739130434783,-0.00020153703167668103,1.8695652173913044,-0.0014112666117841455,-0.2400000000000091,-0.004861394195655566,4817
5,-0.799999999999998,-1.4999999999999987,60,23,-0.9800000000001035,-0.006272660807439712,0.6521739130434783,-0.00020153703167668103,1.8695652173913044,-0.0014112666117841455,-0.2400000000000091,-0.004861394195655566,4818
5,-0.699999999999998,-1.4999999999999987,60,23,-0.9800000000001035,-0.006272660807439712,0.6521739130434783,-0.00020153703167668103,1.8695652173913044,-0.0014112666117841455,-0.2400000000000091,-0.004861394195655566,4819
5,-0.5999999999999979,-1.4999999999999987,60,23,-0.9800000000001035,-0.006272660807439712,0.6521739130434783,-0.00020153703167668103,1.8695652173913044,-0.0014112666117841455,-0.2400000000000091,-0.004861394195655566,4820
5,1.900000000000004,-1.0999999999999983,60,1,-1.0999999999999943,-0.006390147554316217,0.0,-0.006390147554316217,64.0,-0.0014112666117841455,-0.2400000000000091,-0.004978880942532071,4821
5,1.900000000000004,-0.9999999999999982,60,1,-1.0999999999999943,-0.006390147554316217,0.0,-0.006390147554316217,64.0,-0.0014112666117841455,-0.2400000000000091,-0.004978880942532071,4822
5,1.900000000000004,-0.8999999999999981,60,1,-1.0999999999999943,-0.006390147554316217,0.0,-0.006390147554316217,64.0,-0.0014112666117841455,-0.2400000000000091,-0.004978880942532071,4823
10,-0.9999999999999982,-1.899999999999999,55,21,-0.960000000000008,-0.006444925435782567,0.7142857142857143,-0.00022113887740756363,1.9523809523809523,-0.007654999123473449,-1.3100000000000023,0.0012100736876908824,4824
10,1.0000000000000036,-1.899999999999999,55,11,-1.0400000000000205,-0.006446701200657379,0.8181818181818182,-0.00047680968721754776,5.0,-0.007654999123473449,-1.3100000000000023,0.0012082979228160706,4825
10,1.0000000000000036,-1.799999999999999,55,11,-1.0400000000000205,-0.006446701200657379,0.8181818181818182,-0.00047680968721754776,5.0,-0.007654999123473449,-1.3100000000000023,0.0012082979228160706,4826
10,1.0000000000000036,-1.6999999999999988,55,11,-1.0400000000000205,-0.006446701200657379,0.8181818181818182,-0.00047680968721754776,5.0,-0.007654999123473449,-1.3100000000000023,0.0012082979228160706,4827
10,1.1000000000000032,-1.899999999999999,55,11,-1.0400000000000205,-0.006446701200657379,0.8181818181818182,-0.00047680968721754776,5.0,-0.007654999123473449,-1.3100000000000023,0.0012082979228160706,4828
10,1.1000000000000032,-1.799999999999999,55,11,-1.0400000000000205,-0.006446701200657379,0.8181818181818182,-0.00047680968721754776,5.0,-0.007654999123473449,-1.3100000000000023,0.0012082979228160706,4829
10,1.1000000000000032,-1.6999999999999988,55,11,-1.0400000000000205,-0.006446701200657379,0.8181818181818182,-0.00047680968721754776,5.0,-0.007654999123473449,-1.3100000000000023,0.0012082979228160706,4830
5,0.400000000000003,2.6645352591003757e-15,60,6,-1.080000000000041,-0.006565479270770336,0.6666666666666666,-0.0008107007822592919,6.0,-0.0014112666117841455,-0.2400000000000091,-0.00515421265898619,4831
22,0.5000000000000031,-1.2999999999999985,43,8,-1.0999999999999943,-0.006565597128043943,0.625,-0.0007659836724994568,5.875,-0.04541877459246779,-8.080000000000013,0.03885317746442385,4832
22,0.5000000000000031,-1.1999999999999984,43,8,-1.0999999999999943,-0.006565597128043943,0.625,-0.0007659836724994568,5.875,-0.04541877459246779,-8.080000000000013,0.03885317746442385,4833
10,1.5000000000000036,-3.0,55,6,-1.1300000000000239,-0.006615687014744576,0.8333333333333334,-0.0008374360167278291,11.5,-0.007654999123473449,-1.3100000000000023,0.0010393121087288737,4834
10,1.5000000000000036,-2.9,55,6,-1.1300000000000239,-0.006615687014744576,0.8333333333333334,-0.0008374360167278291,11.5,-0.007654999123473449,-1.3100000000000023,0.0010393121087288737,4835
10,1.5000000000000036,-2.8,55,6,-1.1300000000000239,-0.006615687014744576,0.8333333333333334,-0.0008374360167278291,11.5,-0.007654999123473449,-1.3100000000000023,0.0010393121087288737,4836
10,1.5000000000000036,-2.6999999999999997,55,6,-1.1300000000000239,-0.006615687014744576,0.8333333333333334,-0.0008374360167278291,11.5,-0.007654999123473449,-1.3100000000000023,0.0010393121087288737,4837
10,1.5000000000000036,-2.5999999999999996,55,6,-1.1300000000000239,-0.006615687014744576,0.8333333333333334,-0.0008374360167278291,11.5,-0.007654999123473449,-1.3100000000000023,0.0010393121087288737,4838
10,1.5000000000000036,-2.4999999999999996,55,6,-1.1300000000000239,-0.006615687014744576,0.8333333333333334,-0.0008374360167278291,11.5,-0.007654999123473449,-1.3100000000000023,0.0010393121087288737,4839
10,1.5000000000000036,-2.3999999999999995,55,6,-1.1300000000000239,-0.006615687014744576,0.8333333333333334,-0.0008374360167278291,11.5,-0.007654999123473449,-1.3100000000000023,0.0010393121087288737,4840
10,1.5000000000000036,-2.2999999999999994,55,6,-1.1300000000000239,-0.006615687014744576,0.8333333333333334,-0.0008374360167278291,11.5,-0.007654999123473449,-1.3100000000000023,0.0010393121087288737,4841
10,1.5000000000000036,-2.1999999999999993,55,6,-1.1300000000000239,-0.006615687014744576,0.8333333333333334,-0.0008374360167278291,11.5,-0.007654999123473449,-1.3100000000000023,0.0010393121087288737,4842
10,1.5000000000000036,-2.099999999999999,55,6,-1.1300000000000239,-0.006615687014744576,0.8333333333333334,-0.0008374360167278291,11.5,-0.007654999123473449,-1.3100000000000023,0.0010393121087288737,4843
5,1.400000000000004,-0.5999999999999979,60,4,-1.080000000000041,-0.006617383771940211,0.75,-0.0012990236613839579,12.0,-0.0014112666117841455,-0.2400000000000091,-0.005206117160156065,4844
5,1.400000000000004,-0.4999999999999978,60,4,-1.080000000000041,-0.006617383771940211,0.75,-0.0012990236613839579,12.0,-0.0014112666117841455,-0.2400000000000091,-0.005206117160156065,4845
5,1.400000000000004,-0.3999999999999977,60,4,-1.080000000000041,-0.006617383771940211,0.75,-0.0012990236613839579,12.0,-0.0014112666117841455,-0.2400000000000091,-0.005206117160156065,4846
5,1.400000000000004,-0.2999999999999976,60,4,-1.080000000000041,-0.006617383771940211,0.75,-0.0012990236613839579,12.0,-0.0014112666117841455,-0.2400000000000091,-0.005206117160156065,4847
5,1.400000000000004,-0.1999999999999975,60,4,-1.080000000000041,-0.006617383771940211,0.75,-0.0012990236613839579,12.0,-0.0014112666117841455,-0.2400000000000091,-0.005206117160156065,4848
5,1.400000000000004,-0.09999999999999742,60,4,-1.080000000000041,-0.006617383771940211,0.75,-0.0012990236613839579,12.0,-0.0014112666117841455,-0.2400000000000091,-0.005206117160156065,4849
5,1.400000000000004,2.6645352591003757e-15,60,4,-1.080000000000041,-0.006617383771940211,0.75,-0.0012990236613839579,12.0,-0.0014112666117841455,-0.2400000000000091,-0.005206117160156065,4850
5,1.5000000000000036,1.400000000000004,60,2,-1.2200000000000273,-0.006666566418091935,0.5,-0.003117286774674266,22.0,-0.0014112666117841455,-0.2400000000000091,-0.005255299806307789,4851
5,1.600000000000004,1.400000000000004,60,2,-1.2200000000000273,-0.006666566418091935,0.5,-0.003117286774674266,22.0,-0.0014112666117841455,-0.2400000000000091,-0.005255299806307789,4852
5,1.7000000000000046,1.400000000000004,60,2,-1.2200000000000273,-0.006666566418091935,0.5,-0.003117286774674266,22.0,-0.0014112666117841455,-0.2400000000000091,-0.005255299806307789,4853
5,1.8000000000000043,1.400000000000004,60,2,-1.2200000000000273,-0.006666566418091935,0.5,-0.003117286774674266,22.0,-0.0014112666117841455,-0.2400000000000091,-0.005255299806307789,4854
5,1.1000000000000032,-0.699999999999998,60,6,-1.1800000000000352,-0.006673373692835716,0.6666666666666666,-0.0008570916858644714,7.5,-0.0014112666117841455,-0.2400000000000091,-0.00526210708105157,4855
5,-0.4999999999999978,-0.699999999999998,60,12,-1.1300000000000523,-0.00670686094582984,0.6666666666666666,-0.00043537793879448267,2.75,-0.0014112666117841455,-0.2400000000000091,-0.005295594334045695,4856
22,0.9000000000000035,-0.799999999999998,43,3,-1.2700000000000102,-0.007128104534111723,0.6666666666666666,-0.002100435255052028,16.0,-0.04541877459246779,-8.080000000000013,0.03829067005835607,4857
22,1.0000000000000036,-0.799999999999998,43,3,-1.2700000000000102,-0.007128104534111723,0.6666666666666666,-0.002100435255052028,16.0,-0.04541877459246779,-8.080000000000013,0.03829067005835607,4858
10,-1.799999999999999,0.400000000000003,55,10,-1.1800000000000352,-0.0071408048354498765,0.6,-0.0006717700887422185,1.9,-0.007654999123473449,-1.3100000000000023,0.0005141942880235728,4859
10,-1.799999999999999,0.5000000000000031,55,10,-1.1800000000000352,-0.0071408048354498765,0.6,-0.0006717700887422185,1.9,-0.007654999123473449,-1.3100000000000023,0.0005141942880235728,4860
22,0.7000000000000033,-3.0,43,8,-1.2000000000000455,-0.007159509771122341,0.5,-0.0008235333323801247,5.875,-0.04541877459246779,-8.080000000000013,0.03825926482134545,4861
22,0.7000000000000033,-2.9,43,8,-1.2000000000000455,-0.007159509771122341,0.5,-0.0008235333323801247,5.875,-0.04541877459246779,-8.080000000000013,0.03825926482134545,4862
22,0.7000000000000033,-2.8,43,8,-1.2000000000000455,-0.007159509771122341,0.5,-0.0008235333323801247,5.875,-0.04541877459246779,-8.080000000000013,0.03825926482134545,4863
22,0.7000000000000033,-2.6999999999999997,43,8,-1.2000000000000455,-0.007159509771122341,0.5,-0.0008235333323801247,5.875,-0.04541877459246779,-8.080000000000013,0.03825926482134545,4864
22,0.7000000000000033,-2.5999999999999996,43,8,-1.2000000000000455,-0.007159509771122341,0.5,-0.0008235333323801247,5.875,-0.04541877459246779,-8.080000000000013,0.03825926482134545,4865
22,0.7000000000000033,-2.4999999999999996,43,8,-1.2000000000000455,-0.007159509771122341,0.5,-0.0008235333323801247,5.875,-0.04541877459246779,-8.080000000000013,0.03825926482134545,4866
22,0.7000000000000033,-2.3999999999999995,43,8,-1.2000000000000455,-0.007159509771122341,0.5,-0.0008235333323801247,5.875,-0.04541877459246779,-8.080000000000013,0.03825926482134545,4867
22,0.7000000000000033,-2.2999999999999994,43,8,-1.2000000000000455,-0.007159509771122341,0.5,-0.0008235333323801247,5.875,-0.04541877459246779,-8.080000000000013,0.03825926482134545,4868
22,0.7000000000000033,-2.1999999999999993,43,8,-1.2000000000000455,-0.007159509771122341,0.5,-0.0008235333323801247,5.875,-0.04541877459246779,-8.080000000000013,0.03825926482134545,4869
22,0.7000000000000033,-2.099999999999999,43,8,-1.2000000000000455,-0.007159509771122341,0.5,-0.0008235333323801247,5.875,-0.04541877459246779,-8.080000000000013,0.03825926482134545,4870
22,0.7000000000000033,-1.9999999999999991,43,8,-1.2000000000000455,-0.007159509771122341,0.5,-0.0008235333323801247,5.875,-0.04541877459246779,-8.080000000000013,0.03825926482134545,4871
22,0.7000000000000033,-1.899999999999999,43,8,-1.2000000000000455,-0.007159509771122341,0.5,-0.0008235333323801247,5.875,-0.04541877459246779,-8.080000000000013,0.03825926482134545,4872
22,0.7000000000000033,-1.799999999999999,43,8,-1.2000000000000455,-0.007159509771122341,0.5,-0.0008235333323801247,5.875,-0.04541877459246779,-8.080000000000013,0.03825926482134545,4873
22,0.7000000000000033,-1.6999999999999988,43,8,-1.2000000000000455,-0.007159509771122341,0.5,-0.0008235333323801247,5.875,-0.04541877459246779,-8.080000000000013,0.03825926482134545,4874
22,0.7000000000000033,-1.5999999999999988,43,8,-1.2000000000000455,-0.007159509771122341,0.5,-0.0008235333323801247,5.875,-0.04541877459246779,-8.080000000000013,0.03825926482134545,4875
22,0.7000000000000033,-1.4999999999999987,43,8,-1.2000000000000455,-0.007159509771122341,0.5,-0.0008235333323801247,5.875,-0.04541877459246779,-8.080000000000013,0.03825926482134545,4876
22,0.7000000000000033,-1.3999999999999986,43,8,-1.2000000000000455,-0.007159509771122341,0.5,-0.0008235333323801247,5.875,-0.04541877459246779,-8.080000000000013,0.03825926482134545,4877
5,0.10000000000000275,-0.9999999999999982,60,12,-1.1100000000000136,-0.007177888363820606,0.8333333333333334,-0.0004552021956199988,3.4166666666666665,-0.0014112666117841455,-0.2400000000000091,-0.0057666217520364604,4878
5,0.10000000000000275,-0.8999999999999981,60,12,-1.1100000000000136,-0.007177888363820606,0.8333333333333334,-0.0004552021956199988,3.4166666666666665,-0.0014112666117841455,-0.2400000000000091,-0.0057666217520364604,4879
10,0.400000000000003,-1.899999999999999,55,12,-1.170000000000016,-0.007212837129692673,0.8333333333333334,-0.0005028582235741633,4.5,-0.007654999123473449,-1.3100000000000023,0.00044216199378077636,4880
10,0.5000000000000031,-1.899999999999999,55,12,-1.170000000000016,-0.007212837129692673,0.8333333333333334,-0.0005028582235741633,4.5,-0.007654999123473449,-1.3100000000000023,0.00044216199378077636,4881
10,0.6000000000000032,-1.899999999999999,55,12,-1.170000000000016,-0.007212837129692673,0.8333333333333334,-0.0005028582235741633,4.5,-0.007654999123473449,-1.3100000000000023,0.00044216199378077636,4882
10,0.7000000000000033,-1.899999999999999,55,12,-1.170000000000016,-0.007212837129692673,0.8333333333333334,-0.0005028582235741633,4.5,-0.007654999123473449,-1.3100000000000023,0.00044216199378077636,4883
10,0.8000000000000034,-1.899999999999999,55,12,-1.170000000000016,-0.007212837129692673,0.8333333333333334,-0.0005028582235741633,4.5,-0.007654999123473449,-1.3100000000000023,0.00044216199378077636,4884
10,0.9000000000000035,-1.899999999999999,55,12,-1.170000000000016,-0.007212837129692673,0.8333333333333334,-0.0005028582235741633,4.5,-0.007654999123473449,-1.3100000000000023,0.00044216199378077636,4885
5,0.5000000000000031,-0.5999999999999979,60,6,-1.2100000000000364,-0.007291551614025837,0.6666666666666666,-0.0009343195799238665,6.5,-0.0014112666117841455,-0.2400000000000091,-0.005880285002241692,4886
5,0.5000000000000031,-0.4999999999999978,60,6,-1.2100000000000364,-0.007291551614025837,0.6666666666666666,-0.0009343195799238665,6.5,-0.0014112666117841455,-0.2400000000000091,-0.005880285002241692,4887
5,0.5000000000000031,-0.3999999999999977,60,6,-1.2100000000000364,-0.007291551614025837,0.6666666666666666,-0.0009343195799238665,6.5,-0.0014112666117841455,-0.2400000000000091,-0.005880285002241692,4888
5,0.5000000000000031,-0.2999999999999976,60,6,-1.2100000000000364,-0.007291551614025837,0.6666666666666666,-0.0009343195799238665,6.5,-0.0014112666117841455,-0.2400000000000091,-0.005880285002241692,4889
5,0.5000000000000031,-0.1999999999999975,60,6,-1.2100000000000364,-0.007291551614025837,0.6666666666666666,-0.0009343195799238665,6.5,-0.0014112666117841455,-0.2400000000000091,-0.005880285002241692,4890
5,0.5000000000000031,-0.09999999999999742,60,6,-1.2100000000000364,-0.007291551614025837,0.6666666666666666,-0.0009343195799238665,6.5,-0.0014112666117841455,-0.2400000000000091,-0.005880285002241692,4891
5,0.5000000000000031,2.6645352591003757e-15,60,6,-1.2100000000000364,-0.007291551614025837,0.6666666666666666,-0.0009343195799238665,6.5,-0.0014112666117841455,-0.2400000000000091,-0.005880285002241692,4892
10,-0.5999999999999979,-2.3999999999999995,55,19,-1.1200000000000045,-0.007298372729983682,0.7368421052631579,-0.00030111520568321115,2.3157894736842106,-0.007654999123473449,-1.3100000000000023,0.0003566263934897673,4893
10,-0.5999999999999979,-2.2999999999999994,55,19,-1.1200000000000045,-0.007298372729983682,0.7368421052631579,-0.00030111520568321115,2.3157894736842106,-0.007654999123473449,-1.3100000000000023,0.0003566263934897673,4894
10,-0.5999999999999979,-2.1999999999999993,55,19,-1.1200000000000045,-0.007298372729983682,0.7368421052631579,-0.00030111520568321115,2.3157894736842106,-0.007654999123473449,-1.3100000000000023,0.0003566263934897673,4895
10,-0.5999999999999979,-2.099999999999999,55,19,-1.1200000000000045,-0.007298372729983682,0.7368421052631579,-0.00030111520568321115,2.3157894736842106,-0.007654999123473449,-1.3100000000000023,0.0003566263934897673,4896
10,-2.2999999999999994,-1.4999999999999987,55,23,-1.089999999999975,-0.007317271193850283,0.6086956521739131,-0.0002450028531613956,1.434782608695652,-0.007654999123473449,-1.3100000000000023,0.0003377279296231661,4897
10,-2.1999999999999993,-1.4999999999999987,55,23,-1.089999999999975,-0.007317271193850283,0.6086956521739131,-0.0002450028531613956,1.434782608695652,-0.007654999123473449,-1.3100000000000023,0.0003377279296231661,4898
10,-2.099999999999999,-1.4999999999999987,55,23,-1.089999999999975,-0.007317271193850283,0.6086956521739131,-0.0002450028531613956,1.434782608695652,-0.007654999123473449,-1.3100000000000023,0.0003377279296231661,4899
10,-1.9999999999999991,-1.4999999999999987,55,23,-1.089999999999975,-0.007317271193850283,0.6086956521739131,-0.0002450028531613956,1.434782608695652,-0.007654999123473449,-1.3100000000000023,0.0003377279296231661,4900
5,0.9000000000000035,-1.4999999999999987,60,12,-1.170000000000016,-0.00733725436743371,0.8333333333333334,-0.0004698762763349444,4.583333333333333,-0.0014112666117841455,-0.2400000000000091,-0.005925987755649564,4901
5,0.6000000000000032,-0.5999999999999979,60,6,-1.2200000000000273,-0.007351141532291328,0.6666666666666666,-0.0009438032869152532,7.0,-0.0014112666117841455,-0.2400000000000091,-0.005939874920507182,4902
5,0.6000000000000032,-0.4999999999999978,60,6,-1.2200000000000273,-0.007351141532291328,0.6666666666666666,-0.0009438032869152532,7.0,-0.0014112666117841455,-0.2400000000000091,-0.005939874920507182,4903
5,0.6000000000000032,-0.3999999999999977,60,6,-1.2200000000000273,-0.007351141532291328,0.6666666666666666,-0.0009438032869152532,7.0,-0.0014112666117841455,-0.2400000000000091,-0.005939874920507182,4904
5,0.6000000000000032,-0.2999999999999976,60,6,-1.2200000000000273,-0.007351141532291328,0.6666666666666666,-0.0009438032869152532,7.0,-0.0014112666117841455,-0.2400000000000091,-0.005939874920507182,4905
5,0.6000000000000032,-0.1999999999999975,60,6,-1.2200000000000273,-0.007351141532291328,0.6666666666666666,-0.0009438032869152532,7.0,-0.0014112666117841455,-0.2400000000000091,-0.005939874920507182,4906
5,0.6000000000000032,-0.09999999999999742,60,6,-1.2200000000000273,-0.007351141532291328,0.6666666666666666,-0.0009438032869152532,7.0,-0.0014112666117841455,-0.2400000000000091,-0.005939874920507182,4907
5,0.6000000000000032,2.6645352591003757e-15,60,6,-1.2200000000000273,-0.007351141532291328,0.6666666666666666,-0.0009438032869152532,7.0,-0.0014112666117841455,-0.2400000000000091,-0.005939874920507182,4908
5,0.7000000000000033,-0.5999999999999979,60,6,-1.2200000000000273,-0.007351141532291328,0.6666666666666666,-0.0009438032869152532,7.0,-0.0014112666117841455,-0.2400000000000091,-0.005939874920507182,4909
5,0.7000000000000033,-0.4999999999999978,60,6,-1.2200000000000273,-0.007351141532291328,0.6666666666666666,-0.0009438032869152532,7.0,-0.0014112666117841455,-0.2400000000000091,-0.005939874920507182,4910
5,0.7000000000000033,-0.3999999999999977,60,6,-1.2200000000000273,-0.007351141532291328,0.6666666666666666,-0.0009438032869152532,7.0,-0.0014112666117841455,-0.2400000000000091,-0.005939874920507182,4911
5,0.7000000000000033,-0.2999999999999976,60,6,-1.2200000000000273,-0.007351141532291328,0.6666666666666666,-0.0009438032869152532,7.0,-0.0014112666117841455,-0.2400000000000091,-0.005939874920507182,4912
5,0.7000000000000033,-0.1999999999999975,60,6,-1.2200000000000273,-0.007351141532291328,0.6666666666666666,-0.0009438032869152532,7.0,-0.0014112666117841455,-0.2400000000000091,-0.005939874920507182,4913
5,0.7000000000000033,-0.09999999999999742,60,6,-1.2200000000000273,-0.007351141532291328,0.6666666666666666,-0.0009438032869152532,7.0,-0.0014112666117841455,-0.2400000000000091,-0.005939874920507182,4914
5,0.7000000000000033,2.6645352591003757e-15,60,6,-1.2200000000000273,-0.007351141532291328,0.6666666666666666,-0.0009438032869152532,7.0,-0.0014112666117841455,-0.2400000000000091,-0.005939874920507182,4915
5,0.8000000000000034,-0.5999999999999979,60,6,-1.2200000000000273,-0.007351141532291328,0.6666666666666666,-0.0009438032869152532,7.0,-0.0014112666117841455,-0.2400000000000091,-0.005939874920507182,4916
5,0.8000000000000034,-0.4999999999999978,60,6,-1.2200000000000273,-0.007351141532291328,0.6666666666666666,-0.0009438032869152532,7.0,-0.0014112666117841455,-0.2400000000000091,-0.005939874920507182,4917
5,0.8000000000000034,-0.3999999999999977,60,6,-1.2200000000000273,-0.007351141532291328,0.6666666666666666,-0.0009438032869152532,7.0,-0.0014112666117841455,-0.2400000000000091,-0.005939874920507182,4918
5,0.8000000000000034,-0.2999999999999976,60,6,-1.2200000000000273,-0.007351141532291328,0.6666666666666666,-0.0009438032869152532,7.0,-0.0014112666117841455,-0.2400000000000091,-0.005939874920507182,4919
5,0.8000000000000034,-0.1999999999999975,60,6,-1.2200000000000273,-0.007351141532291328,0.6666666666666666,-0.0009438032869152532,7.0,-0.0014112666117841455,-0.2400000000000091,-0.005939874920507182,4920
5,0.8000000000000034,-0.09999999999999742,60,6,-1.2200000000000273,-0.007351141532291328,0.6666666666666666,-0.0009438032869152532,7.0,-0.0014112666117841455,-0.2400000000000091,-0.005939874920507182,4921
5,0.8000000000000034,2.6645352591003757e-15,60,6,-1.2200000000000273,-0.007351141532291328,0.6666666666666666,-0.0009438032869152532,7.0,-0.0014112666117841455,-0.2400000000000091,-0.005939874920507182,4922
5,0.9000000000000035,-0.5999999999999979,60,6,-1.2200000000000273,-0.007351141532291328,0.6666666666666666,-0.0009438032869152532,7.0,-0.0014112666117841455,-0.2400000000000091,-0.005939874920507182,4923
5,0.9000000000000035,-0.4999999999999978,60,6,-1.2200000000000273,-0.007351141532291328,0.6666666666666666,-0.0009438032869152532,7.0,-0.0014112666117841455,-0.2400000000000091,-0.005939874920507182,4924
5,0.9000000000000035,-0.3999999999999977,60,6,-1.2200000000000273,-0.007351141532291328,0.6666666666666666,-0.0009438032869152532,7.0,-0.0014112666117841455,-0.2400000000000091,-0.005939874920507182,4925
5,0.9000000000000035,-0.2999999999999976,60,6,-1.2200000000000273,-0.007351141532291328,0.6666666666666666,-0.0009438032869152532,7.0,-0.0014112666117841455,-0.2400000000000091,-0.005939874920507182,4926
5,0.9000000000000035,-0.1999999999999975,60,6,-1.2200000000000273,-0.007351141532291328,0.6666666666666666,-0.0009438032869152532,7.0,-0.0014112666117841455,-0.2400000000000091,-0.005939874920507182,4927
5,0.9000000000000035,-0.09999999999999742,60,6,-1.2200000000000273,-0.007351141532291328,0.6666666666666666,-0.0009438032869152532,7.0,-0.0014112666117841455,-0.2400000000000091,-0.005939874920507182,4928
5,0.9000000000000035,2.6645352591003757e-15,60,6,-1.2200000000000273,-0.007351141532291328,0.6666666666666666,-0.0009438032869152532,7.0,-0.0014112666117841455,-0.2400000000000091,-0.005939874920507182,4929
10,1.7000000000000046,-0.8999999999999981,55,2,-1.25,-0.007382702076016989,0.5,-0.0035999851720180387,33.5,-0.007654999123473449,-1.3100000000000023,0.0002722970474564601,4930
10,1.7000000000000046,-0.799999999999998,55,2,-1.25,-0.007382702076016989,0.5,-0.0035999851720180387,33.5,-0.007654999123473449,-1.3100000000000023,0.0002722970474564601,4931
10,1.8000000000000043,-0.8999999999999981,55,2,-1.25,-0.007382702076016989,0.5,-0.0035999851720180387,33.5,-0.007654999123473449,-1.3100000000000023,0.0002722970474564601,4932
10,1.8000000000000043,-0.799999999999998,55,2,-1.25,-0.007382702076016989,0.5,-0.0035999851720180387,33.5,-0.007654999123473449,-1.3100000000000023,0.0002722970474564601,4933
10,1.900000000000004,-0.8999999999999981,55,2,-1.25,-0.007382702076016989,0.5,-0.0035999851720180387,33.5,-0.007654999123473449,-1.3100000000000023,0.0002722970474564601,4934
10,1.900000000000004,-0.799999999999998,55,2,-1.25,-0.007382702076016989,0.5,-0.0035999851720180387,33.5,-0.007654999123473449,-1.3100000000000023,0.0002722970474564601,4935
10,2.0000000000000044,-0.8999999999999981,55,2,-1.25,-0.007382702076016989,0.5,-0.0035999851720180387,33.5,-0.007654999123473449,-1.3100000000000023,0.0002722970474564601,4936
10,2.0000000000000044,-0.799999999999998,55,2,-1.25,-0.007382702076016989,0.5,-0.0035999851720180387,33.5,-0.007654999123473449,-1.3100000000000023,0.0002722970474564601,4937
10,-0.3999999999999977,-1.799999999999999,55,18,-1.1900000000000261,-0.007426316987080184,0.7222222222222222,-0.00032183535093493413,2.5555555555555554,-0.007654999123473449,-1.3100000000000023,0.00022868213639326562,4938
10,-0.3999999999999977,-1.6999999999999988,55,18,-1.1900000000000261,-0.007426316987080184,0.7222222222222222,-0.00032183535093493413,2.5555555555555554,-0.007654999123473449,-1.3100000000000023,0.00022868213639326562,4939
5,0.400000000000003,-1.3999999999999986,60,15,-1.150000000000034,-0.007654407486575532,0.7333333333333333,-0.00039432446301534974,3.6,-0.0014112666117841455,-0.2400000000000091,-0.006243140874791386,4940
5,0.5000000000000031,-1.0999999999999983,60,10,-1.2699999999999818,-0.007705124586382506,0.8,-0.0006087850339669187,4.4,-0.0014112666117841455,-0.2400000000000091,-0.00629385797459836,4941
5,0.400000000000003,-1.1999999999999984,60,12,-1.210000000000008,-0.007705991748572227,0.8333333333333334,-0.0005086686873249924,4.0,-0.0014112666117841455,-0.2400000000000091,-0.006294725136788082,4942
5,0.6000000000000032,-1.0999999999999983,60,10,-1.2799999999999727,-0.007764689678849912,0.8,-0.0006144752581617507,4.7,-0.0014112666117841455,-0.2400000000000091,-0.0063534230670657665,4943
5,0.7000000000000033,-1.0999999999999983,60,10,-1.2799999999999727,-0.007764689678849912,0.8,-0.0006144752581617507,4.7,-0.0014112666117841455,-0.2400000000000091,-0.0063534230670657665,4944
5,0.6000000000000032,-1.5999999999999988,60,14,-1.259999999999991,-0.007769735862513505,0.8571428571428571,-0.000433032069226997,4.142857142857143,-0.0014112666117841455,-0.2400000000000091,-0.006358469250729359,4945
5,0.7000000000000033,-1.5999999999999988,60,14,-1.259999999999991,-0.007769735862513505,0.8571428571428571,-0.000433032069226997,4.142857142857143,-0.0014112666117841455,-0.2400000000000091,-0.006358469250729359,4946
5,0.20000000000000284,-0.9999999999999982,60,11,-1.210000000000008,-0.007775469988737127,0.8181818181818182,-0.0005649345718114939,3.8181818181818183,-0.0014112666117841455,-0.2400000000000091,-0.0063642033769529816,4947
5,0.20000000000000284,-0.8999999999999981,60,11,-1.210000000000008,-0.007775469988737127,0.8181818181818182,-0.0005649345718114939,3.8181818181818183,-0.0014112666117841455,-0.2400000000000091,-0.0063642033769529816,4948
5,0.30000000000000293,-0.9999999999999982,60,11,-1.210000000000008,-0.007775469988737127,0.8181818181818182,-0.0005649345718114939,3.8181818181818183,-0.0014112666117841455,-0.2400000000000091,-0.0063642033769529816,4949
5,0.30000000000000293,-0.8999999999999981,60,11,-1.210000000000008,-0.007775469988737127,0.8181818181818182,-0.0005649345718114939,3.8181818181818183,-0.0014112666117841455,-0.2400000000000091,-0.0063642033769529816,4950
22,-0.1999999999999975,-1.2999999999999985,43,12,-1.3100000000000023,-0.007878598750781562,0.5833333333333334,-0.0005713705217947526,3.5,-0.04541877459246779,-8.080000000000013,0.03754017584168623,4951
22,-0.1999999999999975,-1.1999999999999984,43,12,-1.3100000000000023,-0.007878598750781562,0.5833333333333334,-0.0005713705217947526,3.5,-0.04541877459246779,-8.080000000000013,0.03754017584168623,4952
5,1.1000000000000032,-1.4999999999999987,60,11,-1.3500000000000227,-0.007950901907423424,0.8181818181818182,-0.0005836382597857813,5.181818181818182,-0.0014112666117841455,-0.2400000000000091,-0.006539635295639279,4953
10,-0.699999999999998,-1.899999999999999,55,19,-1.2299999999999898,-0.007953566884087437,0.7368421052631579,-0.0003356788803514994,2.210526315789474,-0.007654999123473449,-1.3100000000000023,-0.00029856776061398804,4954
10,1.5000000000000036,-1.3999999999999986,55,4,-1.3800000000000239,-0.007969631085414819,0.75,-0.001595819018529815,15.25,-0.007654999123473449,-1.3100000000000023,-0.00031463196194136955,4955
10,1.5000000000000036,-1.2999999999999985,55,4,-1.3800000000000239,-0.007969631085414819,0.75,-0.001595819018529815,15.25,-0.007654999123473449,-1.3100000000000023,-0.00031463196194136955,4956
5,-0.4999999999999978,-0.5999999999999979,60,11,-1.3500000000000512,-0.007998224204262105,0.6363636363636364,-0.0005933009466784312,2.909090909090909,-0.0014112666117841455,-0.2400000000000091,-0.00658695759247796,4957
5,-0.4999999999999978,-0.4999999999999978,60,11,-1.3500000000000512,-0.007998224204262105,0.6363636363636364,-0.0005933009466784312,2.909090909090909,-0.0014112666117841455,-0.2400000000000091,-0.00658695759247796,4958
10,-0.3999999999999977,-1.1999999999999984,55,12,-1.2699999999999818,-0.008037211493283625,0.75,-0.0005383497126600911,3.1666666666666665,-0.007654999123473449,-1.3100000000000023,-0.00038221236981017537,4959
5,0.400000000000003,-1.4999999999999987,60,15,-1.2300000000000466,-0.008039813844483601,0.8666666666666667,-0.00042321041128696725,3.466666666666667,-0.0014112666117841455,-0.2400000000000091,-0.0066285472326994554,4960
10,-0.3999999999999977,-0.9999999999999982,55,10,-1.3400000000000034,-0.008066035371027014,0.7,-0.000647366367326141,3.6,-0.007654999123473449,-1.3100000000000023,-0.0004110362475535645,4961
5,-3.0,-0.3999999999999977,60,15,-1.3599999999999852,-0.008107087691114234,0.4666666666666667,-0.0005218112239865125,1.2666666666666666,-0.0014112666117841455,-0.2400000000000091,-0.006695821079330089,4962
5,-2.9,-0.3999999999999977,60,15,-1.3599999999999852,-0.008107087691114234,0.4666666666666667,-0.0005218112239865125,1.2666666666666666,-0.0014112666117841455,-0.2400000000000091,-0.006695821079330089,4963
5,-2.8,-0.3999999999999977,60,15,-1.3599999999999852,-0.008107087691114234,0.4666666666666667,-0.0005218112239865125,1.2666666666666666,-0.0014112666117841455,-0.2400000000000091,-0.006695821079330089,4964
5,-2.6999999999999997,-0.3999999999999977,60,15,-1.3599999999999852,-0.008107087691114234,0.4666666666666667,-0.0005218112239865125,1.2666666666666666,-0.0014112666117841455,-0.2400000000000091,-0.006695821079330089,4965
5,-2.5999999999999996,-0.3999999999999977,60,15,-1.3599999999999852,-0.008107087691114234,0.4666666666666667,-0.0005218112239865125,1.2666666666666666,-0.0014112666117841455,-0.2400000000000091,-0.006695821079330089,4966
5,-2.4999999999999996,-0.3999999999999977,60,15,-1.3599999999999852,-0.008107087691114234,0.4666666666666667,-0.0005218112239865125,1.2666666666666666,-0.0014112666117841455,-0.2400000000000091,-0.006695821079330089,4967
5,-2.3999999999999995,-0.3999999999999977,60,15,-1.3599999999999852,-0.008107087691114234,0.4666666666666667,-0.0005218112239865125,1.2666666666666666,-0.0014112666117841455,-0.2400000000000091,-0.006695821079330089,4968
5,-2.2999999999999994,-0.3999999999999977,60,15,-1.3599999999999852,-0.008107087691114234,0.4666666666666667,-0.0005218112239865125,1.2666666666666666,-0.0014112666117841455,-0.2400000000000091,-0.006695821079330089,4969
5,-2.1999999999999993,-0.3999999999999977,60,15,-1.3599999999999852,-0.008107087691114234,0.4666666666666667,-0.0005218112239865125,1.2666666666666666,-0.0014112666117841455,-0.2400000000000091,-0.006695821079330089,4970
5,-2.099999999999999,-0.3999999999999977,60,15,-1.3599999999999852,-0.008107087691114234,0.4666666666666667,-0.0005218112239865125,1.2666666666666666,-0.0014112666117841455,-0.2400000000000091,-0.006695821079330089,4971
5,-1.9999999999999991,-0.3999999999999977,60,15,-1.3599999999999852,-0.008107087691114234,0.4666666666666667,-0.0005218112239865125,1.2666666666666666,-0.0014112666117841455,-0.2400000000000091,-0.006695821079330089,4972
5,-1.899999999999999,-0.3999999999999977,60,15,-1.3599999999999852,-0.008107087691114234,0.4666666666666667,-0.0005218112239865125,1.2666666666666666,-0.0014112666117841455,-0.2400000000000091,-0.006695821079330089,4973
5,-1.799999999999999,-0.3999999999999977,60,15,-1.3599999999999852,-0.008107087691114234,0.4666666666666667,-0.0005218112239865125,1.2666666666666666,-0.0014112666117841455,-0.2400000000000091,-0.006695821079330089,4974
5,-1.6999999999999988,-0.3999999999999977,60,15,-1.3599999999999852,-0.008107087691114234,0.4666666666666667,-0.0005218112239865125,1.2666666666666666,-0.0014112666117841455,-0.2400000000000091,-0.006695821079330089,4975
10,1.0000000000000036,-1.3999999999999986,55,7,-1.3700000000000045,-0.008125046674623548,0.8571428571428571,-0.0009869239402057989,7.142857142857143,-0.007654999123473449,-1.3100000000000023,-0.000470047551150099,4976
10,1.0000000000000036,-1.2999999999999985,55,7,-1.3700000000000045,-0.008125046674623548,0.8571428571428571,-0.0009869239402057989,7.142857142857143,-0.007654999123473449,-1.3100000000000023,-0.000470047551150099,4977
10,1.1000000000000032,-1.3999999999999986,55,7,-1.3700000000000045,-0.008125046674623548,0.8571428571428571,-0.0009869239402057989,7.142857142857143,-0.007654999123473449,-1.3100000000000023,-0.000470047551150099,4978
10,1.1000000000000032,-1.2999999999999985,55,7,-1.3700000000000045,-0.008125046674623548,0.8571428571428571,-0.0009869239402057989,7.142857142857143,-0.007654999123473449,-1.3100000000000023,-0.000470047551150099,4979
5,-1.3999999999999986,-1.5999999999999988,60,26,-1.299999999999983,-0.008344596594507925,0.5769230769230769,-0.0002801985823550111,1.5384615384615385,-0.0014112666117841455,-0.2400000000000091,-0.006933329982723779,4980
10,-1.899999999999999,-1.1999999999999984,55,19,-1.25,-0.008356006344279576,0.631578947368421,-0.0003794428690295197,1.4736842105263157,-0.007654999123473449,-1.3100000000000023,-0.0007010072208061269,4981
10,-1.899999999999999,-0.9999999999999982,55,17,-1.3200000000000216,-0.008384820958667327,0.5882352941176471,-0.0004248753901706583,1.5294117647058822,-0.007654999123473449,-1.3100000000000023,-0.0007298218351938779,4982
5,-0.4999999999999978,-1.899999999999999,60,22,-1.3200000000000784,-0.008398662667405521,0.6818181818181818,-0.00030744007040189365,2.1363636363636362,-0.0014112666117841455,-0.2400000000000091,-0.0069873960556213754,4983
5,-0.4999999999999978,-1.0999999999999983,60,15,-1.4099999999999966,-0.008411502769248735,0.7333333333333333,-0.00046721621823924884,2.466666666666667,-0.0014112666117841455,-0.2400000000000091,-0.00700023615746459,4984
5,1.0000000000000036,-1.799999999999999,60,13,-1.420000000000016,-0.008429182460205076,0.8461538461538461,-0.0005334555541436103,4.384615384615385,-0.0014112666117841455,-0.2400000000000091,-0.00701791584842093,4985
10,0.30000000000000293,-1.1999999999999984,55,8,-1.3499999999999943,-0.008450652284016313,0.875,-0.0008207736043120001,5.75,-0.007654999123473449,-1.3100000000000023,-0.0007956531605428641,4986
10,0.30000000000000293,-0.9999999999999982,55,6,-1.420000000000016,-0.008479464148237859,0.8333333333333334,-0.0010966093259727194,7.333333333333333,-0.007654999123473449,-1.3100000000000023,-0.0008244650247644092,4987
10,-1.899999999999999,-2.3999999999999995,55,25,-1.3000000000000398,-0.008508083653301579,0.56,-0.00029283982433619737,1.64,-0.007654999123473449,-1.3100000000000023,-0.0008530845298281298,4988
10,-1.899999999999999,-2.2999999999999994,55,25,-1.3000000000000398,-0.008508083653301579,0.56,-0.00029283982433619737,1.64,-0.007654999123473449,-1.3100000000000023,-0.0008530845298281298,4989
10,-1.899999999999999,-2.1999999999999993,55,25,-1.3000000000000398,-0.008508083653301579,0.56,-0.00029283982433619737,1.64,-0.007654999123473449,-1.3100000000000023,-0.0008530845298281298,4990
10,-1.899999999999999,-2.099999999999999,55,25,-1.3000000000000398,-0.008508083653301579,0.56,-0.00029283982433619737,1.64,-0.007654999123473449,-1.3100000000000023,-0.0008530845298281298,4991
10,-1.899999999999999,-1.9999999999999991,55,25,-1.3000000000000398,-0.008508083653301579,0.56,-0.00029283982433619737,1.64,-0.007654999123473449,-1.3100000000000023,-0.0008530845298281298,4992
10,-0.9999999999999982,-1.4999999999999987,55,19,-1.3300000000000125,-0.00854871803395818,0.6842105263157895,-0.00035607934041616057,2.0526315789473686,-0.007654999123473449,-1.3100000000000023,-0.000893718910484731,4993
22,-1.9999999999999991,-3.0,43,19,-1.4300000000000068,-0.008569424661964309,0.631578947368421,-0.0003867464071779631,1.631578947368421,-0.04541877459246779,-8.080000000000013,0.03684934993050348,4994
22,-1.9999999999999991,-2.9,43,19,-1.4300000000000068,-0.008569424661964309,0.631578947368421,-0.0003867464071779631,1.631578947368421,-0.04541877459246779,-8.080000000000013,0.03684934993050348,4995
22,-1.9999999999999991,-2.8,43,19,-1.4300000000000068,-0.008569424661964309,0.631578947368421,-0.0003867464071779631,1.631578947368421,-0.04541877459246779,-8.080000000000013,0.03684934993050348,4996
22,-1.9999999999999991,-2.6999999999999997,43,19,-1.4300000000000068,-0.008569424661964309,0.631578947368421,-0.0003867464071779631,1.631578947368421,-0.04541877459246779,-8.080000000000013,0.03684934993050348,4997
22,-1.9999999999999991,-2.5999999999999996,43,19,-1.4300000000000068,-0.008569424661964309,0.631578947368421,-0.0003867464071779631,1.631578947368421,-0.04541877459246779,-8.080000000000013,0.03684934993050348,4998
22,-1.9999999999999991,-2.4999999999999996,43,19,-1.4300000000000068,-0.008569424661964309,0.631578947368421,-0.0003867464071779631,1.631578947368421,-0.04541877459246779,-8.080000000000013,0.03684934993050348,4999
22,-1.9999999999999991,-2.3999999999999995,43,19,-1.4300000000000068,-0.008569424661964309,0.631578947368421,-0.0003867464071779631,1.631578947368421,-0.04541877459246779,-8.080000000000013,0.03684934993050348,5000
22,-1.9999999999999991,-2.2999999999999994,43,19,-1.4300000000000068,-0.008569424661964309,0.631578947368421,-0.0003867464071779631,1.631578947368421,-0.04541877459246779,-8.080000000000013,0.03684934993050348,5001
22,-1.9999999999999991,-2.1999999999999993,43,19,-1.4300000000000068,-0.008569424661964309,0.631578947368421,-0.0003867464071779631,1.631578947368421,-0.04541877459246779,-8.080000000000013,0.03684934993050348,5002
22,-1.9999999999999991,-2.099999999999999,43,19,-1.4300000000000068,-0.008569424661964309,0.631578947368421,-0.0003867464071779631,1.631578947368421,-0.04541877459246779,-8.080000000000013,0.03684934993050348,5003
22,-1.9999999999999991,-1.9999999999999991,43,19,-1.4300000000000068,-0.008569424661964309,0.631578947368421,-0.0003867464071779631,1.631578947368421,-0.04541877459246779,-8.080000000000013,0.03684934993050348,5004
22,-1.9999999999999991,-1.899999999999999,43,19,-1.4300000000000068,-0.008569424661964309,0.631578947368421,-0.0003867464071779631,1.631578947368421,-0.04541877459246779,-8.080000000000013,0.03684934993050348,5005
22,-1.9999999999999991,-1.799999999999999,43,19,-1.4300000000000068,-0.008569424661964309,0.631578947368421,-0.0003867464071779631,1.631578947368421,-0.04541877459246779,-8.080000000000013,0.03684934993050348,5006
22,-1.9999999999999991,-1.6999999999999988,43,19,-1.4300000000000068,-0.008569424661964309,0.631578947368421,-0.0003867464071779631,1.631578947368421,-0.04541877459246779,-8.080000000000013,0.03684934993050348,5007
22,-1.9999999999999991,-1.5999999999999988,43,19,-1.4300000000000068,-0.008569424661964309,0.631578947368421,-0.0003867464071779631,1.631578947368421,-0.04541877459246779,-8.080000000000013,0.03684934993050348,5008
22,-1.9999999999999991,-1.4999999999999987,43,19,-1.4300000000000068,-0.008569424661964309,0.631578947368421,-0.0003867464071779631,1.631578947368421,-0.04541877459246779,-8.080000000000013,0.03684934993050348,5009
22,-1.9999999999999991,-1.3999999999999986,43,19,-1.4300000000000068,-0.008569424661964309,0.631578947368421,-0.0003867464071779631,1.631578947368421,-0.04541877459246779,-8.080000000000013,0.03684934993050348,5010
22,-1.9999999999999991,-1.2999999999999985,43,19,-1.4300000000000068,-0.008569424661964309,0.631578947368421,-0.0003867464071779631,1.631578947368421,-0.04541877459246779,-8.080000000000013,0.03684934993050348,5011
22,-1.9999999999999991,-1.1999999999999984,43,19,-1.4300000000000068,-0.008569424661964309,0.631578947368421,-0.0003867464071779631,1.631578947368421,-0.04541877459246779,-8.080000000000013,0.03684934993050348,5012
5,0.10000000000000275,-1.4999999999999987,60,17,-1.3100000000000307,-0.008632071592318935,0.7058823529411765,-0.00039676302196370793,3.2941176470588234,-0.0014112666117841455,-0.2400000000000091,-0.00722080498053479,5013
10,-3.0,0.5000000000000031,55,11,-1.4599999999999795,-0.008778059244161862,0.45454545454545453,-0.000775887321491011,1.3636363636363635,-0.007654999123473449,-1.3100000000000023,-0.0011230601206884128,5014
10,-2.9,0.5000000000000031,55,11,-1.4599999999999795,-0.008778059244161862,0.45454545454545453,-0.000775887321491011,1.3636363636363635,-0.007654999123473449,-1.3100000000000023,-0.0011230601206884128,5015
10,-2.8,0.5000000000000031,55,11,-1.4599999999999795,-0.008778059244161862,0.45454545454545453,-0.000775887321491011,1.3636363636363635,-0.007654999123473449,-1.3100000000000023,-0.0011230601206884128,5016
10,-2.6999999999999997,0.5000000000000031,55,11,-1.4599999999999795,-0.008778059244161862,0.45454545454545453,-0.000775887321491011,1.3636363636363635,-0.007654999123473449,-1.3100000000000023,-0.0011230601206884128,5017
10,-2.5999999999999996,0.5000000000000031,55,11,-1.4599999999999795,-0.008778059244161862,0.45454545454545453,-0.000775887321491011,1.3636363636363635,-0.007654999123473449,-1.3100000000000023,-0.0011230601206884128,5018
10,-2.4999999999999996,0.5000000000000031,55,11,-1.4599999999999795,-0.008778059244161862,0.45454545454545453,-0.000775887321491011,1.3636363636363635,-0.007654999123473449,-1.3100000000000023,-0.0011230601206884128,5019
10,-2.3999999999999995,0.5000000000000031,55,11,-1.4599999999999795,-0.008778059244161862,0.45454545454545453,-0.000775887321491011,1.3636363636363635,-0.007654999123473449,-1.3100000000000023,-0.0011230601206884128,5020
10,-1.2999999999999985,-1.799999999999999,55,23,-1.370000000000033,-0.008804298260930876,0.6521739130434783,-0.0003132316205185986,1.7391304347826086,-0.007654999123473449,-1.3100000000000023,-0.0011492991374574268,5021
10,-1.2999999999999985,-1.6999999999999988,55,23,-1.370000000000033,-0.008804298260930876,0.6521739130434783,-0.0003132316205185986,1.7391304347826086,-0.007654999123473449,-1.3100000000000023,-0.0011492991374574268,5022
10,-1.1999999999999984,-1.799999999999999,55,23,-1.370000000000033,-0.008804298260930876,0.6521739130434783,-0.0003132316205185986,1.7391304347826086,-0.007654999123473449,-1.3100000000000023,-0.0011492991374574268,5023
10,-1.1999999999999984,-1.6999999999999988,55,23,-1.370000000000033,-0.008804298260930876,0.6521739130434783,-0.0003132316205185986,1.7391304347826086,-0.007654999123473449,-1.3100000000000023,-0.0011492991374574268,5024
5,-3.0,2.6645352591003757e-15,60,13,-1.4599999999999795,-0.008809702888669335,0.5384615384615384,-0.0006579798104264875,1.3076923076923077,-0.0014112666117841455,-0.2400000000000091,-0.00739843627688519,5025
5,-2.9,2.6645352591003757e-15,60,13,-1.4599999999999795,-0.008809702888669335,0.5384615384615384,-0.0006579798104264875,1.3076923076923077,-0.0014112666117841455,-0.2400000000000091,-0.00739843627688519,5026
5,-2.8,2.6645352591003757e-15,60,13,-1.4599999999999795,-0.008809702888669335,0.5384615384615384,-0.0006579798104264875,1.3076923076923077,-0.0014112666117841455,-0.2400000000000091,-0.00739843627688519,5027
5,-2.6999999999999997,2.6645352591003757e-15,60,13,-1.4599999999999795,-0.008809702888669335,0.5384615384615384,-0.0006579798104264875,1.3076923076923077,-0.0014112666117841455,-0.2400000000000091,-0.00739843627688519,5028
5,-2.5999999999999996,2.6645352591003757e-15,60,13,-1.4599999999999795,-0.008809702888669335,0.5384615384615384,-0.0006579798104264875,1.3076923076923077,-0.0014112666117841455,-0.2400000000000091,-0.00739843627688519,5029
5,-2.4999999999999996,2.6645352591003757e-15,60,13,-1.4599999999999795,-0.008809702888669335,0.5384615384615384,-0.0006579798104264875,1.3076923076923077,-0.0014112666117841455,-0.2400000000000091,-0.00739843627688519,5030
5,-2.3999999999999995,2.6645352591003757e-15,60,13,-1.4599999999999795,-0.008809702888669335,0.5384615384615384,-0.0006579798104264875,1.3076923076923077,-0.0014112666117841455,-0.2400000000000091,-0.00739843627688519,5031
5,-2.2999999999999994,2.6645352591003757e-15,60,13,-1.4599999999999795,-0.008809702888669335,0.5384615384615384,-0.0006579798104264875,1.3076923076923077,-0.0014112666117841455,-0.2400000000000091,-0.00739843627688519,5032
5,-2.1999999999999993,2.6645352591003757e-15,60,13,-1.4599999999999795,-0.008809702888669335,0.5384615384615384,-0.0006579798104264875,1.3076923076923077,-0.0014112666117841455,-0.2400000000000091,-0.00739843627688519,5033
5,-2.099999999999999,2.6645352591003757e-15,60,13,-1.4599999999999795,-0.008809702888669335,0.5384615384615384,-0.0006579798104264875,1.3076923076923077,-0.0014112666117841455,-0.2400000000000091,-0.00739843627688519,5034
5,-1.9999999999999991,2.6645352591003757e-15,60,13,-1.4599999999999795,-0.008809702888669335,0.5384615384615384,-0.0006579798104264875,1.3076923076923077,-0.0014112666117841455,-0.2400000000000091,-0.00739843627688519,5035
5,-1.899999999999999,2.6645352591003757e-15,60,13,-1.4599999999999795,-0.008809702888669335,0.5384615384615384,-0.0006579798104264875,1.3076923076923077,-0.0014112666117841455,-0.2400000000000091,-0.00739843627688519,5036
5,-1.799999999999999,2.6645352591003757e-15,60,13,-1.4599999999999795,-0.008809702888669335,0.5384615384615384,-0.0006579798104264875,1.3076923076923077,-0.0014112666117841455,-0.2400000000000091,-0.00739843627688519,5037
5,-1.6999999999999988,2.6645352591003757e-15,60,13,-1.4599999999999795,-0.008809702888669335,0.5384615384615384,-0.0006579798104264875,1.3076923076923077,-0.0014112666117841455,-0.2400000000000091,-0.00739843627688519,5038
5,0.10000000000000275,-0.699999999999998,60,9,-1.4300000000000352,-0.008816175116791447,0.7777777777777778,-0.000783872258932826,4.111111111111111,-0.0014112666117841455,-0.2400000000000091,-0.007404908505007302,5039
10,1.400000000000004,-1.899999999999999,55,8,-1.4900000000000375,-0.008820497755892331,0.875,-0.0008302738945161064,7.5,-0.007654999123473449,-1.3100000000000023,-0.001165498632418882,5040
10,1.400000000000004,-1.799999999999999,55,8,-1.4900000000000375,-0.008820497755892331,0.875,-0.0008302738945161064,7.5,-0.007654999123473449,-1.3100000000000023,-0.001165498632418882,5041
10,1.400000000000004,-1.6999999999999988,55,8,-1.4900000000000375,-0.008820497755892331,0.875,-0.0008302738945161064,7.5,-0.007654999123473449,-1.3100000000000023,-0.001165498632418882,5042
10,1.400000000000004,-1.5999999999999988,55,8,-1.4900000000000375,-0.008820497755892331,0.875,-0.0008302738945161064,7.5,-0.007654999123473449,-1.3100000000000023,-0.001165498632418882,5043
10,1.0000000000000036,-1.5999999999999988,55,10,-1.460000000000008,-0.008837090504671186,0.9,-0.0007644357131143976,5.6,-0.007654999123473449,-1.3100000000000023,-0.0011820913811977363,5044
10,1.1000000000000032,-1.5999999999999988,55,10,-1.460000000000008,-0.008837090504671186,0.9,-0.0007644357131143976,5.6,-0.007654999123473449,-1.3100000000000023,-0.0011820913811977363,5045
10,-3.0,0.400000000000003,55,12,-1.4699999999999704,-0.008837559930922945,0.4166666666666667,-0.0007162323457585718,1.5,-0.007654999123473449,-1.3100000000000023,-0.0011825608074494953,5046
10,-2.9,0.400000000000003,55,12,-1.4699999999999704,-0.008837559930922945,0.4166666666666667,-0.0007162323457585718,1.5,-0.007654999123473449,-1.3100000000000023,-0.0011825608074494953,5047
10,-2.8,0.400000000000003,55,12,-1.4699999999999704,-0.008837559930922945,0.4166666666666667,-0.0007162323457585718,1.5,-0.007654999123473449,-1.3100000000000023,-0.0011825608074494953,5048
10,-2.6999999999999997,0.400000000000003,55,12,-1.4699999999999704,-0.008837559930922945,0.4166666666666667,-0.0007162323457585718,1.5,-0.007654999123473449,-1.3100000000000023,-0.0011825608074494953,5049
10,-2.5999999999999996,0.400000000000003,55,12,-1.4699999999999704,-0.008837559930922945,0.4166666666666667,-0.0007162323457585718,1.5,-0.007654999123473449,-1.3100000000000023,-0.0011825608074494953,5050
10,-2.4999999999999996,0.400000000000003,55,12,-1.4699999999999704,-0.008837559930922945,0.4166666666666667,-0.0007162323457585718,1.5,-0.007654999123473449,-1.3100000000000023,-0.0011825608074494953,5051
10,-2.3999999999999995,0.400000000000003,55,12,-1.4699999999999704,-0.008837559930922945,0.4166666666666667,-0.0007162323457585718,1.5,-0.007654999123473449,-1.3100000000000023,-0.0011825608074494953,5052
22,1.2000000000000037,-0.3999999999999977,43,2,-1.5900000000000318,-0.008849973797292243,0.5,-0.004239463926684672,24.0,-0.04541877459246779,-8.080000000000013,0.03656880079517555,5053
22,1.3000000000000043,-0.3999999999999977,43,2,-1.5900000000000318,-0.008849973797292243,0.5,-0.004239463926684672,24.0,-0.04541877459246779,-8.080000000000013,0.03656880079517555,5054
22,-1.9999999999999991,-0.9999999999999982,43,17,-1.5700000000000216,-0.008914507469311883,0.5294117647058824,-0.0004876912662657277,1.5294117647058822,-0.04541877459246779,-8.080000000000013,0.03650426712315591,5055
22,-1.9999999999999991,-0.8999999999999981,43,17,-1.5700000000000216,-0.008914507469311883,0.5294117647058824,-0.0004876912662657277,1.5294117647058822,-0.04541877459246779,-8.080000000000013,0.03650426712315591,5056
22,1.2000000000000037,-3.0,43,3,-1.5700000000000216,-0.009000195087060847,0.6666666666666666,-0.00289454783480129,18.666666666666668,-0.04541877459246779,-8.080000000000013,0.036418579505406945,5057
22,1.2000000000000037,-2.9,43,3,-1.5700000000000216,-0.009000195087060847,0.6666666666666666,-0.00289454783480129,18.666666666666668,-0.04541877459246779,-8.080000000000013,0.036418579505406945,5058
22,1.2000000000000037,-2.8,43,3,-1.5700000000000216,-0.009000195087060847,0.6666666666666666,-0.00289454783480129,18.666666666666668,-0.04541877459246779,-8.080000000000013,0.036418579505406945,5059
22,1.2000000000000037,-2.6999999999999997,43,3,-1.5700000000000216,-0.009000195087060847,0.6666666666666666,-0.00289454783480129,18.666666666666668,-0.04541877459246779,-8.080000000000013,0.036418579505406945,5060
22,1.2000000000000037,-2.5999999999999996,43,3,-1.5700000000000216,-0.009000195087060847,0.6666666666666666,-0.00289454783480129,18.666666666666668,-0.04541877459246779,-8.080000000000013,0.036418579505406945,5061
22,1.2000000000000037,-2.4999999999999996,43,3,-1.5700000000000216,-0.009000195087060847,0.6666666666666666,-0.00289454783480129,18.666666666666668,-0.04541877459246779,-8.080000000000013,0.036418579505406945,5062
22,1.2000000000000037,-2.3999999999999995,43,3,-1.5700000000000216,-0.009000195087060847,0.6666666666666666,-0.00289454783480129,18.666666666666668,-0.04541877459246779,-8.080000000000013,0.036418579505406945,5063
22,1.2000000000000037,-2.2999999999999994,43,3,-1.5700000000000216,-0.009000195087060847,0.6666666666666666,-0.00289454783480129,18.666666666666668,-0.04541877459246779,-8.080000000000013,0.036418579505406945,5064
22,1.2000000000000037,-2.1999999999999993,43,3,-1.5700000000000216,-0.009000195087060847,0.6666666666666666,-0.00289454783480129,18.666666666666668,-0.04541877459246779,-8.080000000000013,0.036418579505406945,5065
22,1.2000000000000037,-2.099999999999999,43,3,-1.5700000000000216,-0.009000195087060847,0.6666666666666666,-0.00289454783480129,18.666666666666668,-0.04541877459246779,-8.080000000000013,0.036418579505406945,5066
22,1.2000000000000037,-1.9999999999999991,43,3,-1.5700000000000216,-0.009000195087060847,0.6666666666666666,-0.00289454783480129,18.666666666666668,-0.04541877459246779,-8.080000000000013,0.036418579505406945,5067
22,1.2000000000000037,-1.899999999999999,43,3,-1.5700000000000216,-0.009000195087060847,0.6666666666666666,-0.00289454783480129,18.666666666666668,-0.04541877459246779,-8.080000000000013,0.036418579505406945,5068
22,1.2000000000000037,-1.799999999999999,43,3,-1.5700000000000216,-0.009000195087060847,0.6666666666666666,-0.00289454783480129,18.666666666666668,-0.04541877459246779,-8.080000000000013,0.036418579505406945,5069
22,1.2000000000000037,-1.6999999999999988,43,3,-1.5700000000000216,-0.009000195087060847,0.6666666666666666,-0.00289454783480129,18.666666666666668,-0.04541877459246779,-8.080000000000013,0.036418579505406945,5070
22,1.2000000000000037,-1.5999999999999988,43,3,-1.5700000000000216,-0.009000195087060847,0.6666666666666666,-0.00289454783480129,18.666666666666668,-0.04541877459246779,-8.080000000000013,0.036418579505406945,5071
22,1.2000000000000037,-1.4999999999999987,43,3,-1.5700000000000216,-0.009000195087060847,0.6666666666666666,-0.00289454783480129,18.666666666666668,-0.04541877459246779,-8.080000000000013,0.036418579505406945,5072
22,1.2000000000000037,-1.3999999999999986,43,3,-1.5700000000000216,-0.009000195087060847,0.6666666666666666,-0.00289454783480129,18.666666666666668,-0.04541877459246779,-8.080000000000013,0.036418579505406945,5073
22,1.2000000000000037,-1.2999999999999985,43,3,-1.5700000000000216,-0.009000195087060847,0.6666666666666666,-0.00289454783480129,18.666666666666668,-0.04541877459246779,-8.080000000000013,0.036418579505406945,5074
22,1.2000000000000037,-1.1999999999999984,43,3,-1.5700000000000216,-0.009000195087060847,0.6666666666666666,-0.00289454783480129,18.666666666666668,-0.04541877459246779,-8.080000000000013,0.036418579505406945,5075
22,1.3000000000000043,-3.0,43,3,-1.5700000000000216,-0.009000195087060847,0.6666666666666666,-0.00289454783480129,18.666666666666668,-0.04541877459246779,-8.080000000000013,0.036418579505406945,5076
22,1.3000000000000043,-2.9,43,3,-1.5700000000000216,-0.009000195087060847,0.6666666666666666,-0.00289454783480129,18.666666666666668,-0.04541877459246779,-8.080000000000013,0.036418579505406945,5077
22,1.3000000000000043,-2.8,43,3,-1.5700000000000216,-0.009000195087060847,0.6666666666666666,-0.00289454783480129,18.666666666666668,-0.04541877459246779,-8.080000000000013,0.036418579505406945,5078
22,1.3000000000000043,-2.6999999999999997,43,3,-1.5700000000000216,-0.009000195087060847,0.6666666666666666,-0.00289454783480129,18.666666666666668,-0.04541877459246779,-8.080000000000013,0.036418579505406945,5079
22,1.3000000000000043,-2.5999999999999996,43,3,-1.5700000000000216,-0.009000195087060847,0.6666666666666666,-0.00289454783480129,18.666666666666668,-0.04541877459246779,-8.080000000000013,0.036418579505406945,5080
22,1.3000000000000043,-2.4999999999999996,43,3,-1.5700000000000216,-0.009000195087060847,0.6666666666666666,-0.00289454783480129,18.666666666666668,-0.04541877459246779,-8.080000000000013,0.036418579505406945,5081
22,1.3000000000000043,-2.3999999999999995,43,3,-1.5700000000000216,-0.009000195087060847,0.6666666666666666,-0.00289454783480129,18.666666666666668,-0.04541877459246779,-8.080000000000013,0.036418579505406945,5082
22,1.3000000000000043,-2.2999999999999994,43,3,-1.5700000000000216,-0.009000195087060847,0.6666666666666666,-0.00289454783480129,18.666666666666668,-0.04541877459246779,-8.080000000000013,0.036418579505406945,5083
22,1.3000000000000043,-2.1999999999999993,43,3,-1.5700000000000216,-0.009000195087060847,0.6666666666666666,-0.00289454783480129,18.666666666666668,-0.04541877459246779,-8.080000000000013,0.036418579505406945,5084
22,1.3000000000000043,-2.099999999999999,43,3,-1.5700000000000216,-0.009000195087060847,0.6666666666666666,-0.00289454783480129,18.666666666666668,-0.04541877459246779,-8.080000000000013,0.036418579505406945,5085
22,1.3000000000000043,-1.9999999999999991,43,3,-1.5700000000000216,-0.009000195087060847,0.6666666666666666,-0.00289454783480129,18.666666666666668,-0.04541877459246779,-8.080000000000013,0.036418579505406945,5086
22,1.3000000000000043,-1.899999999999999,43,3,-1.5700000000000216,-0.009000195087060847,0.6666666666666666,-0.00289454783480129,18.666666666666668,-0.04541877459246779,-8.080000000000013,0.036418579505406945,5087
22,1.3000000000000043,-1.799999999999999,43,3,-1.5700000000000216,-0.009000195087060847,0.6666666666666666,-0.00289454783480129,18.666666666666668,-0.04541877459246779,-8.080000000000013,0.036418579505406945,5088
22,1.3000000000000043,-1.6999999999999988,43,3,-1.5700000000000216,-0.009000195087060847,0.6666666666666666,-0.00289454783480129,18.666666666666668,-0.04541877459246779,-8.080000000000013,0.036418579505406945,5089
22,1.3000000000000043,-1.5999999999999988,43,3,-1.5700000000000216,-0.009000195087060847,0.6666666666666666,-0.00289454783480129,18.666666666666668,-0.04541877459246779,-8.080000000000013,0.036418579505406945,5090
22,1.3000000000000043,-1.4999999999999987,43,3,-1.5700000000000216,-0.009000195087060847,0.6666666666666666,-0.00289454783480129,18.666666666666668,-0.04541877459246779,-8.080000000000013,0.036418579505406945,5091
22,1.3000000000000043,-1.3999999999999986,43,3,-1.5700000000000216,-0.009000195087060847,0.6666666666666666,-0.00289454783480129,18.666666666666668,-0.04541877459246779,-8.080000000000013,0.036418579505406945,5092
22,1.3000000000000043,-1.2999999999999985,43,3,-1.5700000000000216,-0.009000195087060847,0.6666666666666666,-0.00289454783480129,18.666666666666668,-0.04541877459246779,-8.080000000000013,0.036418579505406945,5093
22,1.3000000000000043,-1.1999999999999984,43,3,-1.5700000000000216,-0.009000195087060847,0.6666666666666666,-0.00289454783480129,18.666666666666668,-0.04541877459246779,-8.080000000000013,0.036418579505406945,5094
22,1.1000000000000032,-0.3999999999999977,43,2,-1.620000000000033,-0.00902378861453701,0.5,-0.004325046171221647,23.5,-0.04541877459246779,-8.080000000000013,0.03639498597793078,5095
5,1.5000000000000036,1.2000000000000037,60,2,-1.620000000000033,-0.00902378861453701,0.5,-0.004325046171221647,23.5,-0.0014112666117841455,-0.2400000000000091,-0.007612522002752864,5096
5,1.5000000000000036,1.3000000000000043,60,2,-1.620000000000033,-0.00902378861453701,0.5,-0.004325046171221647,23.5,-0.0014112666117841455,-0.2400000000000091,-0.007612522002752864,5097
5,1.600000000000004,1.2000000000000037,60,2,-1.620000000000033,-0.00902378861453701,0.5,-0.004325046171221647,23.5,-0.0014112666117841455,-0.2400000000000091,-0.007612522002752864,5098
5,1.600000000000004,1.3000000000000043,60,2,-1.620000000000033,-0.00902378861453701,0.5,-0.004325046171221647,23.5,-0.0014112666117841455,-0.2400000000000091,-0.007612522002752864,5099
5,1.7000000000000046,1.2000000000000037,60,2,-1.620000000000033,-0.00902378861453701,0.5,-0.004325046171221647,23.5,-0.0014112666117841455,-0.2400000000000091,-0.007612522002752864,5100
5,1.7000000000000046,1.3000000000000043,60,2,-1.620000000000033,-0.00902378861453701,0.5,-0.004325046171221647,23.5,-0.0014112666117841455,-0.2400000000000091,-0.007612522002752864,5101
5,1.8000000000000043,1.2000000000000037,60,2,-1.620000000000033,-0.00902378861453701,0.5,-0.004325046171221647,23.5,-0.0014112666117841455,-0.2400000000000091,-0.007612522002752864,5102
5,1.8000000000000043,1.3000000000000043,60,2,-1.620000000000033,-0.00902378861453701,0.5,-0.004325046171221647,23.5,-0.0014112666117841455,-0.2400000000000091,-0.007612522002752864,5103
22,1.2000000000000037,-0.1999999999999975,43,2,-1.660000000000025,-0.009149380377356797,0.5,-0.004336863789892953,18.5,-0.04541877459246779,-8.080000000000013,0.036269394215110995,5104
22,1.2000000000000037,-0.09999999999999742,43,2,-1.660000000000025,-0.009149380377356797,0.5,-0.004336863789892953,18.5,-0.04541877459246779,-8.080000000000013,0.036269394215110995,5105
22,1.2000000000000037,2.6645352591003757e-15,43,2,-1.660000000000025,-0.009149380377356797,0.5,-0.004336863789892953,18.5,-0.04541877459246779,-8.080000000000013,0.036269394215110995,5106
22,1.3000000000000043,-0.1999999999999975,43,2,-1.660000000000025,-0.009149380377356797,0.5,-0.004336863789892953,18.5,-0.04541877459246779,-8.080000000000013,0.036269394215110995,5107
22,1.3000000000000043,-0.09999999999999742,43,2,-1.660000000000025,-0.009149380377356797,0.5,-0.004336863789892953,18.5,-0.04541877459246779,-8.080000000000013,0.036269394215110995,5108
22,1.3000000000000043,2.6645352591003757e-15,43,2,-1.660000000000025,-0.009149380377356797,0.5,-0.004336863789892953,18.5,-0.04541877459246779,-8.080000000000013,0.036269394215110995,5109
22,1.1000000000000032,-1.2999999999999985,43,3,-1.6000000000000227,-0.009173983560477494,0.6666666666666666,-0.0029516026644926066,18.333333333333332,-0.04541877459246779,-8.080000000000013,0.0362447910319903,5110
22,1.1000000000000032,-1.1999999999999984,43,3,-1.6000000000000227,-0.009173983560477494,0.6666666666666666,-0.0029516026644926066,18.333333333333332,-0.04541877459246779,-8.080000000000013,0.0362447910319903,5111
5,1.2000000000000037,-1.6999999999999988,60,10,-1.4700000000000273,-0.009183831463263292,0.8,-0.0007921706712727295,6.4,-0.0014112666117841455,-0.2400000000000091,-0.007772564851479147,5112
22,0.8000000000000034,-0.699999999999998,43,3,-1.6400000000000148,-0.009191517501155877,0.6666666666666666,-0.002833038814311147,14.666666666666666,-0.04541877459246779,-8.080000000000013,0.036227257091311915,5113
22,0.8000000000000034,-0.5999999999999979,43,3,-1.6400000000000148,-0.009191517501155877,0.6666666666666666,-0.002833038814311147,14.666666666666666,-0.04541877459246779,-8.080000000000013,0.036227257091311915,5114
22,2.6645352591003757e-15,-0.699999999999998,43,7,-1.5699999999999932,-0.009225266519943487,0.7142857142857143,-0.0012041463429089644,5.285714285714286,-0.04541877459246779,-8.080000000000013,0.036193508072524305,5115
22,2.6645352591003757e-15,-0.5999999999999979,43,7,-1.5699999999999932,-0.009225266519943487,0.7142857142857143,-0.0012041463429089644,5.285714285714286,-0.04541877459246779,-8.080000000000013,0.036193508072524305,5116
22,-1.5999999999999988,-3.0,43,18,-1.5400000000000205,-0.009225408802037816,0.6666666666666666,-0.0004418238648904511,1.7777777777777777,-0.04541877459246779,-8.080000000000013,0.03619336579042998,5117
22,-1.5999999999999988,-2.9,43,18,-1.5400000000000205,-0.009225408802037816,0.6666666666666666,-0.0004418238648904511,1.7777777777777777,-0.04541877459246779,-8.080000000000013,0.03619336579042998,5118
22,-1.5999999999999988,-2.8,43,18,-1.5400000000000205,-0.009225408802037816,0.6666666666666666,-0.0004418238648904511,1.7777777777777777,-0.04541877459246779,-8.080000000000013,0.03619336579042998,5119
22,-1.5999999999999988,-2.6999999999999997,43,18,-1.5400000000000205,-0.009225408802037816,0.6666666666666666,-0.0004418238648904511,1.7777777777777777,-0.04541877459246779,-8.080000000000013,0.03619336579042998,5120
22,-1.5999999999999988,-2.5999999999999996,43,18,-1.5400000000000205,-0.009225408802037816,0.6666666666666666,-0.0004418238648904511,1.7777777777777777,-0.04541877459246779,-8.080000000000013,0.03619336579042998,5121
22,-1.5999999999999988,-2.4999999999999996,43,18,-1.5400000000000205,-0.009225408802037816,0.6666666666666666,-0.0004418238648904511,1.7777777777777777,-0.04541877459246779,-8.080000000000013,0.03619336579042998,5122
22,-1.5999999999999988,-2.3999999999999995,43,18,-1.5400000000000205,-0.009225408802037816,0.6666666666666666,-0.0004418238648904511,1.7777777777777777,-0.04541877459246779,-8.080000000000013,0.03619336579042998,5123
22,-1.5999999999999988,-2.2999999999999994,43,18,-1.5400000000000205,-0.009225408802037816,0.6666666666666666,-0.0004418238648904511,1.7777777777777777,-0.04541877459246779,-8.080000000000013,0.03619336579042998,5124
22,-1.5999999999999988,-2.1999999999999993,43,18,-1.5400000000000205,-0.009225408802037816,0.6666666666666666,-0.0004418238648904511,1.7777777777777777,-0.04541877459246779,-8.080000000000013,0.03619336579042998,5125
22,-1.5999999999999988,-2.099999999999999,43,18,-1.5400000000000205,-0.009225408802037816,0.6666666666666666,-0.0004418238648904511,1.7777777777777777,-0.04541877459246779,-8.080000000000013,0.03619336579042998,5126
22,-1.5999999999999988,-1.9999999999999991,43,18,-1.5400000000000205,-0.009225408802037816,0.6666666666666666,-0.0004418238648904511,1.7777777777777777,-0.04541877459246779,-8.080000000000013,0.03619336579042998,5127
22,-1.5999999999999988,-1.899999999999999,43,18,-1.5400000000000205,-0.009225408802037816,0.6666666666666666,-0.0004418238648904511,1.7777777777777777,-0.04541877459246779,-8.080000000000013,0.03619336579042998,5128
22,-1.5999999999999988,-1.799999999999999,43,18,-1.5400000000000205,-0.009225408802037816,0.6666666666666666,-0.0004418238648904511,1.7777777777777777,-0.04541877459246779,-8.080000000000013,0.03619336579042998,5129
22,-1.5999999999999988,-1.6999999999999988,43,18,-1.5400000000000205,-0.009225408802037816,0.6666666666666666,-0.0004418238648904511,1.7777777777777777,-0.04541877459246779,-8.080000000000013,0.03619336579042998,5130
22,-1.5999999999999988,-1.5999999999999988,43,18,-1.5400000000000205,-0.009225408802037816,0.6666666666666666,-0.0004418238648904511,1.7777777777777777,-0.04541877459246779,-8.080000000000013,0.03619336579042998,5131
22,-1.5999999999999988,-1.4999999999999987,43,18,-1.5400000000000205,-0.009225408802037816,0.6666666666666666,-0.0004418238648904511,1.7777777777777777,-0.04541877459246779,-8.080000000000013,0.03619336579042998,5132
22,-1.5999999999999988,-1.3999999999999986,43,18,-1.5400000000000205,-0.009225408802037816,0.6666666666666666,-0.0004418238648904511,1.7777777777777777,-0.04541877459246779,-8.080000000000013,0.03619336579042998,5133
22,-1.5999999999999988,-1.2999999999999985,43,18,-1.5400000000000205,-0.009225408802037816,0.6666666666666666,-0.0004418238648904511,1.7777777777777777,-0.04541877459246779,-8.080000000000013,0.03619336579042998,5134
22,-1.5999999999999988,-1.1999999999999984,43,18,-1.5400000000000205,-0.009225408802037816,0.6666666666666666,-0.0004418238648904511,1.7777777777777777,-0.04541877459246779,-8.080000000000013,0.03619336579042998,5135
5,0.20000000000000284,-1.4999999999999987,60,16,-1.410000000000025,-0.009228777941426736,0.6875,-0.0004685515822418426,3.5625,-0.0014112666117841455,-0.2400000000000091,-0.00781751132964259,5136
5,0.30000000000000293,-1.4999999999999987,60,16,-1.410000000000025,-0.009228777941426736,0.6875,-0.0004685515822418426,3.5625,-0.0014112666117841455,-0.2400000000000091,-0.00781751132964259,5137
10,-0.4999999999999978,-1.899999999999999,55,18,-1.4499999999999886,-0.009234091429074276,0.7222222222222222,-0.00042795185916333356,2.611111111111111,-0.007654999123473449,-1.3100000000000023,-0.0015790923056008266,5138
10,0.400000000000003,-1.4999999999999987,55,10,-1.5400000000000205,-0.009315003721440451,0.8,-0.0008155889725238175,5.2,-0.007654999123473449,-1.3100000000000023,-0.001660004597967002,5139
10,0.5000000000000031,-1.4999999999999987,55,10,-1.5400000000000205,-0.009315003721440451,0.8,-0.0008155889725238175,5.2,-0.007654999123473449,-1.3100000000000023,-0.001660004597967002,5140
10,0.6000000000000032,-1.4999999999999987,55,10,-1.5400000000000205,-0.009315003721440451,0.8,-0.0008155889725238175,5.2,-0.007654999123473449,-1.3100000000000023,-0.001660004597967002,5141
10,0.7000000000000033,-1.4999999999999987,55,10,-1.5400000000000205,-0.009315003721440451,0.8,-0.0008155889725238175,5.2,-0.007654999123473449,-1.3100000000000023,-0.001660004597967002,5142
10,0.8000000000000034,-1.4999999999999987,55,10,-1.5400000000000205,-0.009315003721440451,0.8,-0.0008155889725238175,5.2,-0.007654999123473449,-1.3100000000000023,-0.001660004597967002,5143
10,0.9000000000000035,-1.4999999999999987,55,10,-1.5400000000000205,-0.009315003721440451,0.8,-0.0008155889725238175,5.2,-0.007654999123473449,-1.3100000000000023,-0.001660004597967002,5144
22,0.6000000000000032,-0.1999999999999975,43,2,-1.6900000000000261,-0.009323142688625219,0.5,-0.0044222171528154886,18.0,-0.04541877459246779,-8.080000000000013,0.03609563190384257,5145
22,0.6000000000000032,-0.09999999999999742,43,2,-1.6900000000000261,-0.009323142688625219,0.5,-0.0044222171528154886,18.0,-0.04541877459246779,-8.080000000000013,0.03609563190384257,5146
22,0.6000000000000032,2.6645352591003757e-15,43,2,-1.6900000000000261,-0.009323142688625219,0.5,-0.0044222171528154886,18.0,-0.04541877459246779,-8.080000000000013,0.03609563190384257,5147
22,0.7000000000000033,-0.1999999999999975,43,2,-1.6900000000000261,-0.009323142688625219,0.5,-0.0044222171528154886,18.0,-0.04541877459246779,-8.080000000000013,0.03609563190384257,5148
22,0.7000000000000033,-0.09999999999999742,43,2,-1.6900000000000261,-0.009323142688625219,0.5,-0.0044222171528154886,18.0,-0.04541877459246779,-8.080000000000013,0.03609563190384257,5149
22,0.7000000000000033,2.6645352591003757e-15,43,2,-1.6900000000000261,-0.009323142688625219,0.5,-0.0044222171528154886,18.0,-0.04541877459246779,-8.080000000000013,0.03609563190384257,5150
22,0.8000000000000034,-0.1999999999999975,43,2,-1.6900000000000261,-0.009323142688625219,0.5,-0.0044222171528154886,18.0,-0.04541877459246779,-8.080000000000013,0.03609563190384257,5151
22,0.8000000000000034,-0.09999999999999742,43,2,-1.6900000000000261,-0.009323142688625219,0.5,-0.0044222171528154886,18.0,-0.04541877459246779,-8.080000000000013,0.03609563190384257,5152
22,0.8000000000000034,2.6645352591003757e-15,43,2,-1.6900000000000261,-0.009323142688625219,0.5,-0.0044222171528154886,18.0,-0.04541877459246779,-8.080000000000013,0.03609563190384257,5153
22,0.9000000000000035,-0.1999999999999975,43,2,-1.6900000000000261,-0.009323142688625219,0.5,-0.0044222171528154886,18.0,-0.04541877459246779,-8.080000000000013,0.03609563190384257,5154
22,0.9000000000000035,-0.09999999999999742,43,2,-1.6900000000000261,-0.009323142688625219,0.5,-0.0044222171528154886,18.0,-0.04541877459246779,-8.080000000000013,0.03609563190384257,5155
22,0.9000000000000035,2.6645352591003757e-15,43,2,-1.6900000000000261,-0.009323142688625219,0.5,-0.0044222171528154886,18.0,-0.04541877459246779,-8.080000000000013,0.03609563190384257,5156
22,1.0000000000000036,-0.1999999999999975,43,2,-1.6900000000000261,-0.009323142688625219,0.5,-0.0044222171528154886,18.0,-0.04541877459246779,-8.080000000000013,0.03609563190384257,5157
22,1.0000000000000036,-0.09999999999999742,43,2,-1.6900000000000261,-0.009323142688625219,0.5,-0.0044222171528154886,18.0,-0.04541877459246779,-8.080000000000013,0.03609563190384257,5158
22,1.0000000000000036,2.6645352591003757e-15,43,2,-1.6900000000000261,-0.009323142688625219,0.5,-0.0044222171528154886,18.0,-0.04541877459246779,-8.080000000000013,0.03609563190384257,5159
22,1.1000000000000032,-0.1999999999999975,43,2,-1.6900000000000261,-0.009323142688625219,0.5,-0.0044222171528154886,18.0,-0.04541877459246779,-8.080000000000013,0.03609563190384257,5160
22,1.1000000000000032,-0.09999999999999742,43,2,-1.6900000000000261,-0.009323142688625219,0.5,-0.0044222171528154886,18.0,-0.04541877459246779,-8.080000000000013,0.03609563190384257,5161
22,1.1000000000000032,2.6645352591003757e-15,43,2,-1.6900000000000261,-0.009323142688625219,0.5,-0.0044222171528154886,18.0,-0.04541877459246779,-8.080000000000013,0.03609563190384257,5162
5,-0.1999999999999975,-0.799999999999998,60,10,-1.520000000000067,-0.009333416687784535,0.7,-0.0007570699490556665,3.7,-0.0014112666117841455,-0.2400000000000091,-0.00792215007600039,5163
5,-0.09999999999999742,-0.799999999999998,60,10,-1.520000000000067,-0.009333416687784535,0.7,-0.0007570699490556665,3.7,-0.0014112666117841455,-0.2400000000000091,-0.00792215007600039,5164
5,2.6645352591003757e-15,-0.799999999999998,60,10,-1.520000000000067,-0.009333416687784535,0.7,-0.0007570699490556665,3.7,-0.0014112666117841455,-0.2400000000000091,-0.00792215007600039,5165
5,0.20000000000000284,-0.699999999999998,60,8,-1.5300000000000296,-0.009412770653617786,0.75,-0.0009758380341102352,4.75,-0.0014112666117841455,-0.2400000000000091,-0.00800150404183364,5166
5,0.30000000000000293,-0.699999999999998,60,8,-1.5300000000000296,-0.009412770653617786,0.75,-0.0009758380341102352,4.75,-0.0014112666117841455,-0.2400000000000091,-0.00800150404183364,5167
10,-0.8999999999999981,-1.799999999999999,55,20,-1.5200000000000387,-0.00942469193117812,0.7,-0.00038206434989017656,2.0,-0.007654999123473449,-1.3100000000000023,-0.0017696928077046703,5168
10,-0.8999999999999981,-1.6999999999999988,55,20,-1.5200000000000387,-0.00942469193117812,0.7,-0.00038206434989017656,2.0,-0.007654999123473449,-1.3100000000000023,-0.0017696928077046703,5169
10,-0.799999999999998,-1.799999999999999,55,20,-1.5200000000000387,-0.00942469193117812,0.7,-0.00038206434989017656,2.0,-0.007654999123473449,-1.3100000000000023,-0.0017696928077046703,5170
10,-0.799999999999998,-1.6999999999999988,55,20,-1.5200000000000387,-0.00942469193117812,0.7,-0.00038206434989017656,2.0,-0.007654999123473449,-1.3100000000000023,-0.0017696928077046703,5171
5,-1.3999999999999986,-1.2999999999999985,60,24,-1.4500000000000455,-0.00944999943894309,0.5833333333333334,-0.0003537014379992644,1.5833333333333333,-0.0014112666117841455,-0.2400000000000091,-0.008038732827158945,5172
10,-2.2999999999999994,-1.1999999999999984,55,20,-1.4499999999999602,-0.009523374746737923,0.6,-0.0003922485603401915,1.4,-0.007654999123473449,-1.3100000000000023,-0.0018683756232644733,5173
10,-2.1999999999999993,-1.1999999999999984,55,20,-1.4499999999999602,-0.009523374746737923,0.6,-0.0003922485603401915,1.4,-0.007654999123473449,-1.3100000000000023,-0.0018683756232644733,5174
10,-2.099999999999999,-1.1999999999999984,55,20,-1.4499999999999602,-0.009523374746737923,0.6,-0.0003922485603401915,1.4,-0.007654999123473449,-1.3100000000000023,-0.0018683756232644733,5175
10,-1.9999999999999991,-1.1999999999999984,55,20,-1.4499999999999602,-0.009523374746737923,0.6,-0.0003922485603401915,1.4,-0.007654999123473449,-1.3100000000000023,-0.0018683756232644733,5176
10,-2.2999999999999994,-0.9999999999999982,55,18,-1.5199999999999818,-0.009552155440413879,0.5555555555555556,-0.0004365799071191192,1.4444444444444444,-0.007654999123473449,-1.3100000000000023,-0.0018971563169404293,5177
10,-2.1999999999999993,-0.9999999999999982,55,18,-1.5199999999999818,-0.009552155440413879,0.5555555555555556,-0.0004365799071191192,1.4444444444444444,-0.007654999123473449,-1.3100000000000023,-0.0018971563169404293,5178
10,-2.099999999999999,-0.9999999999999982,55,18,-1.5199999999999818,-0.009552155440413879,0.5555555555555556,-0.0004365799071191192,1.4444444444444444,-0.007654999123473449,-1.3100000000000023,-0.0018971563169404293,5179
10,-1.9999999999999991,-0.9999999999999982,55,18,-1.5199999999999818,-0.009552155440413879,0.5555555555555556,-0.0004365799071191192,1.4444444444444444,-0.007654999123473449,-1.3100000000000023,-0.0018971563169404293,5180
22,-1.5999999999999988,-0.9999999999999982,43,16,-1.6800000000000352,-0.009570263283918412,0.5625,-0.0005572581382995365,1.6875,-0.04541877459246779,-8.080000000000013,0.03584851130854938,5181
22,-1.5999999999999988,-0.8999999999999981,43,16,-1.6800000000000352,-0.009570263283918412,0.5625,-0.0005572581382995365,1.6875,-0.04541877459246779,-8.080000000000013,0.03584851130854938,5182
5,0.7000000000000033,-1.3999999999999986,60,13,-1.5600000000000307,-0.009629990971251723,0.7692307692307693,-0.0006057615498746411,4.384615384615385,-0.0014112666117841455,-0.2400000000000091,-0.008218724359467577,5183
10,0.20000000000000284,-1.3999999999999986,55,10,-1.5099999999999625,-0.009635220345202478,0.9,-0.0007929962999242201,4.5,-0.007654999123473449,-1.3100000000000023,-0.0019802212217290283,5184
10,0.20000000000000284,-1.2999999999999985,55,10,-1.5099999999999625,-0.009635220345202478,0.9,-0.0007929962999242201,4.5,-0.007654999123473449,-1.3100000000000023,-0.0019802212217290283,5185
22,0.9000000000000035,-1.0999999999999983,43,4,-1.6999999999999886,-0.00965302816754754,0.75,-0.002223269666312172,13.0,-0.04541877459246779,-8.080000000000013,0.03576574642492025,5186
22,0.9000000000000035,-0.9999999999999982,43,4,-1.6999999999999886,-0.00965302816754754,0.75,-0.002223269666312172,13.0,-0.04541877459246779,-8.080000000000013,0.03576574642492025,5187
22,0.9000000000000035,-0.8999999999999981,43,4,-1.6999999999999886,-0.00965302816754754,0.75,-0.002223269666312172,13.0,-0.04541877459246779,-8.080000000000013,0.03576574642492025,5188
22,1.0000000000000036,-1.0999999999999983,43,4,-1.6999999999999886,-0.00965302816754754,0.75,-0.002223269666312172,13.0,-0.04541877459246779,-8.080000000000013,0.03576574642492025,5189
22,1.0000000000000036,-0.9999999999999982,43,4,-1.6999999999999886,-0.00965302816754754,0.75,-0.002223269666312172,13.0,-0.04541877459246779,-8.080000000000013,0.03576574642492025,5190
22,1.0000000000000036,-0.8999999999999981,43,4,-1.6999999999999886,-0.00965302816754754,0.75,-0.002223269666312172,13.0,-0.04541877459246779,-8.080000000000013,0.03576574642492025,5191
5,0.6000000000000032,-1.6999999999999988,60,14,-1.6099999999999568,-0.009664326897636077,0.8571428571428571,-0.0005715080078000923,4.285714285714286,-0.0014112666117841455,-0.2400000000000091,-0.008253060285851932,5192
5,0.7000000000000033,-1.6999999999999988,60,14,-1.6099999999999568,-0.009664326897636077,0.8571428571428571,-0.0005715080078000923,4.285714285714286,-0.0014112666117841455,-0.2400000000000091,-0.008253060285851932,5193
10,1.5000000000000036,-1.1999999999999984,55,4,-1.6900000000000261,-0.009713489403325393,0.75,-0.002013442452181241,14.5,-0.007654999123473449,-1.3100000000000023,-0.0020584902798519433,5194
5,-1.0999999999999983,-0.9999999999999982,60,18,-1.6099999999999852,-0.009725537274735019,0.6666666666666666,-0.00045773044710360907,1.8333333333333333,-0.0014112666117841455,-0.2400000000000091,-0.008314270662950873,5195
5,-1.0999999999999983,-0.8999999999999981,60,18,-1.6099999999999852,-0.009725537274735019,0.6666666666666666,-0.00045773044710360907,1.8333333333333333,-0.0014112666117841455,-0.2400000000000091,-0.008314270662950873,5196
5,-0.9999999999999982,-0.9999999999999982,60,18,-1.6099999999999852,-0.009725537274735019,0.6666666666666666,-0.00045773044710360907,1.8333333333333333,-0.0014112666117841455,-0.2400000000000091,-0.008314270662950873,5197
5,-0.9999999999999982,-0.8999999999999981,60,18,-1.6099999999999852,-0.009725537274735019,0.6666666666666666,-0.00045773044710360907,1.8333333333333333,-0.0014112666117841455,-0.2400000000000091,-0.008314270662950873,5198
5,-1.1999999999999984,-3.0,60,25,-1.700000000000074,-0.009749082391540376,0.68,-0.0003261537835471584,1.88,-0.0014112666117841455,-0.2400000000000091,-0.00833781577975623,5199
5,-1.1999999999999984,-2.9,60,25,-1.700000000000074,-0.009749082391540376,0.68,-0.0003261537835471584,1.88,-0.0014112666117841455,-0.2400000000000091,-0.00833781577975623,5200
5,-1.1999999999999984,-2.8,60,25,-1.700000000000074,-0.009749082391540376,0.68,-0.0003261537835471584,1.88,-0.0014112666117841455,-0.2400000000000091,-0.00833781577975623,5201
5,-1.1999999999999984,-2.6999999999999997,60,25,-1.700000000000074,-0.009749082391540376,0.68,-0.0003261537835471584,1.88,-0.0014112666117841455,-0.2400000000000091,-0.00833781577975623,5202
5,-1.1999999999999984,-2.5999999999999996,60,25,-1.700000000000074,-0.009749082391540376,0.68,-0.0003261537835471584,1.88,-0.0014112666117841455,-0.2400000000000091,-0.00833781577975623,5203
5,-1.1999999999999984,-2.4999999999999996,60,25,-1.700000000000074,-0.009749082391540376,0.68,-0.0003261537835471584,1.88,-0.0014112666117841455,-0.2400000000000091,-0.00833781577975623,5204
5,-1.1999999999999984,-2.3999999999999995,60,25,-1.700000000000074,-0.009749082391540376,0.68,-0.0003261537835471584,1.88,-0.0014112666117841455,-0.2400000000000091,-0.00833781577975623,5205
5,-1.1999999999999984,-2.2999999999999994,60,25,-1.700000000000074,-0.009749082391540376,0.68,-0.0003261537835471584,1.88,-0.0014112666117841455,-0.2400000000000091,-0.00833781577975623,5206
5,-1.1999999999999984,-2.1999999999999993,60,25,-1.700000000000074,-0.009749082391540376,0.68,-0.0003261537835471584,1.88,-0.0014112666117841455,-0.2400000000000091,-0.00833781577975623,5207
5,-1.1999999999999984,-2.099999999999999,60,25,-1.700000000000074,-0.009749082391540376,0.68,-0.0003261537835471584,1.88,-0.0014112666117841455,-0.2400000000000091,-0.00833781577975623,5208
5,-1.1999999999999984,-1.9999999999999991,60,25,-1.700000000000074,-0.009749082391540376,0.68,-0.0003261537835471584,1.88,-0.0014112666117841455,-0.2400000000000091,-0.00833781577975623,5209
10,0.30000000000000293,-1.9999999999999991,55,13,-1.5900000000000034,-0.009831755608638693,0.6923076923076923,-0.0006134182281830774,4.3076923076923075,-0.007654999123473449,-1.3100000000000023,-0.0021767564851652432,5210
10,-1.6999999999999988,-1.4999999999999987,55,21,-1.5500000000000114,-0.009901768839276293,0.6666666666666666,-0.00039822728899612566,1.619047619047619,-0.007654999123473449,-1.3100000000000023,-0.0022467697158028432,5211
10,-1.5999999999999988,-1.4999999999999987,55,21,-1.5500000000000114,-0.009901768839276293,0.6666666666666666,-0.00039822728899612566,1.619047619047619,-0.007654999123473449,-1.3100000000000023,-0.0022467697158028432,5212
10,-1.4999999999999987,-1.4999999999999987,55,21,-1.5500000000000114,-0.009901768839276293,0.6666666666666666,-0.00039822728899612566,1.619047619047619,-0.007654999123473449,-1.3100000000000023,-0.0022467697158028432,5213
10,-1.3999999999999986,-1.4999999999999987,55,21,-1.5500000000000114,-0.009901768839276293,0.6666666666666666,-0.00039822728899612566,1.619047619047619,-0.007654999123473449,-1.3100000000000023,-0.0022467697158028432,5214
10,-1.2999999999999985,-1.4999999999999987,55,21,-1.5500000000000114,-0.009901768839276293,0.6666666666666666,-0.00039822728899612566,1.619047619047619,-0.007654999123473449,-1.3100000000000023,-0.0022467697158028432,5215
10,-1.1999999999999984,-1.4999999999999987,55,21,-1.5500000000000114,-0.009901768839276293,0.6666666666666666,-0.00039822728899612566,1.619047619047619,-0.007654999123473449,-1.3100000000000023,-0.0022467697158028432,5216
10,-0.9999999999999982,-1.799999999999999,55,21,-1.580000000000041,-0.010000608064363314,0.6666666666666666,-0.0003901782742576592,1.8095238095238095,-0.007654999123473449,-1.3100000000000023,-0.002345608940889865,5217
10,-0.9999999999999982,-1.6999999999999988,55,21,-1.580000000000041,-0.010000608064363314,0.6666666666666666,-0.0003901782742576592,1.8095238095238095,-0.007654999123473449,-1.3100000000000023,-0.002345608940889865,5218
22,1.2000000000000037,-0.799999999999998,43,2,-1.7900000000000205,-0.010024600517134052,0.5,-0.004841196624371824,25.0,-0.04541877459246779,-8.080000000000013,0.03539417407533374,5219
22,1.2000000000000037,-0.699999999999998,43,2,-1.7900000000000205,-0.010024600517134052,0.5,-0.004841196624371824,25.0,-0.04541877459246779,-8.080000000000013,0.03539417407533374,5220
22,1.2000000000000037,-0.5999999999999979,43,2,-1.7900000000000205,-0.010024600517134052,0.5,-0.004841196624371824,25.0,-0.04541877459246779,-8.080000000000013,0.03539417407533374,5221
22,1.2000000000000037,-0.4999999999999978,43,2,-1.7900000000000205,-0.010024600517134052,0.5,-0.004841196624371824,25.0,-0.04541877459246779,-8.080000000000013,0.03539417407533374,5222
22,1.3000000000000043,-0.799999999999998,43,2,-1.7900000000000205,-0.010024600517134052,0.5,-0.004841196624371824,25.0,-0.04541877459246779,-8.080000000000013,0.03539417407533374,5223
22,1.3000000000000043,-0.699999999999998,43,2,-1.7900000000000205,-0.010024600517134052,0.5,-0.004841196624371824,25.0,-0.04541877459246779,-8.080000000000013,0.03539417407533374,5224
22,1.3000000000000043,-0.5999999999999979,43,2,-1.7900000000000205,-0.010024600517134052,0.5,-0.004841196624371824,25.0,-0.04541877459246779,-8.080000000000013,0.03539417407533374,5225
22,1.3000000000000043,-0.4999999999999978,43,2,-1.7900000000000205,-0.010024600517134052,0.5,-0.004841196624371824,25.0,-0.04541877459246779,-8.080000000000013,0.03539417407533374,5226
10,-0.699999999999998,-1.4999999999999987,55,17,-1.5999999999999943,-0.010054165025515371,0.7058823529411765,-0.0004999699864133354,2.3529411764705883,-0.007654999123473449,-1.3100000000000023,-0.002399165902041922,5227
22,0.400000000000003,-0.4999999999999978,43,4,-1.7500000000000284,-0.010056654613776583,0.75,-0.0024186122845321345,10.0,-0.04541877459246779,-8.080000000000013,0.03536211997869121,5228
22,0.5000000000000031,-0.4999999999999978,43,4,-1.7500000000000284,-0.010056654613776583,0.75,-0.0024186122845321345,10.0,-0.04541877459246779,-8.080000000000013,0.03536211997869121,5229
5,0.10000000000000275,-0.5999999999999979,60,8,-1.650000000000034,-0.010104796092292645,0.75,-0.0010445781847905483,4.5,-0.0014112666117841455,-0.2400000000000091,-0.0086935294805085,5230
5,0.10000000000000275,-0.4999999999999978,60,8,-1.650000000000034,-0.010104796092292645,0.75,-0.0010445781847905483,4.5,-0.0014112666117841455,-0.2400000000000091,-0.0086935294805085,5231
5,0.10000000000000275,-0.3999999999999977,60,8,-1.650000000000034,-0.010104796092292645,0.75,-0.0010445781847905483,4.5,-0.0014112666117841455,-0.2400000000000091,-0.0086935294805085,5232
5,0.10000000000000275,-0.2999999999999976,60,8,-1.650000000000034,-0.010104796092292645,0.75,-0.0010445781847905483,4.5,-0.0014112666117841455,-0.2400000000000091,-0.0086935294805085,5233
5,0.10000000000000275,-0.1999999999999975,60,8,-1.650000000000034,-0.010104796092292645,0.75,-0.0010445781847905483,4.5,-0.0014112666117841455,-0.2400000000000091,-0.0086935294805085,5234
5,0.10000000000000275,-0.09999999999999742,60,8,-1.650000000000034,-0.010104796092292645,0.75,-0.0010445781847905483,4.5,-0.0014112666117841455,-0.2400000000000091,-0.0086935294805085,5235
22,1.1000000000000032,-0.799999999999998,43,2,-1.8200000000000216,-0.010198209343839415,0.5,-0.004926778868908799,24.5,-0.04541877459246779,-8.080000000000013,0.03522056524862838,5236
22,1.1000000000000032,-0.699999999999998,43,2,-1.8200000000000216,-0.010198209343839415,0.5,-0.004926778868908799,24.5,-0.04541877459246779,-8.080000000000013,0.03522056524862838,5237
22,1.1000000000000032,-0.5999999999999979,43,2,-1.8200000000000216,-0.010198209343839415,0.5,-0.004926778868908799,24.5,-0.04541877459246779,-8.080000000000013,0.03522056524862838,5238
22,1.1000000000000032,-0.4999999999999978,43,2,-1.8200000000000216,-0.010198209343839415,0.5,-0.004926778868908799,24.5,-0.04541877459246779,-8.080000000000013,0.03522056524862838,5239
5,1.5000000000000036,1.0000000000000036,60,2,-1.8200000000000216,-0.010198209343839415,0.5,-0.004926778868908799,24.5,-0.0014112666117841455,-0.2400000000000091,-0.00878694273205527,5240
5,1.5000000000000036,1.1000000000000032,60,2,-1.8200000000000216,-0.010198209343839415,0.5,-0.004926778868908799,24.5,-0.0014112666117841455,-0.2400000000000091,-0.00878694273205527,5241
5,1.600000000000004,1.0000000000000036,60,2,-1.8200000000000216,-0.010198209343839415,0.5,-0.004926778868908799,24.5,-0.0014112666117841455,-0.2400000000000091,-0.00878694273205527,5242
5,1.600000000000004,1.1000000000000032,60,2,-1.8200000000000216,-0.010198209343839415,0.5,-0.004926778868908799,24.5,-0.0014112666117841455,-0.2400000000000091,-0.00878694273205527,5243
5,1.7000000000000046,1.0000000000000036,60,2,-1.8200000000000216,-0.010198209343839415,0.5,-0.004926778868908799,24.5,-0.0014112666117841455,-0.2400000000000091,-0.00878694273205527,5244
5,1.7000000000000046,1.1000000000000032,60,2,-1.8200000000000216,-0.010198209343839415,0.5,-0.004926778868908799,24.5,-0.0014112666117841455,-0.2400000000000091,-0.00878694273205527,5245
5,1.8000000000000043,1.0000000000000036,60,2,-1.8200000000000216,-0.010198209343839415,0.5,-0.004926778868908799,24.5,-0.0014112666117841455,-0.2400000000000091,-0.00878694273205527,5246
5,1.8000000000000043,1.1000000000000032,60,2,-1.8200000000000216,-0.010198209343839415,0.5,-0.004926778868908799,24.5,-0.0014112666117841455,-0.2400000000000091,-0.00878694273205527,5247
5,-0.2999999999999976,-0.799999999999998,60,11,-1.6800000000000637,-0.010216944065135292,0.7272727272727273,-0.0007729118552343453,3.1818181818181817,-0.0014112666117841455,-0.2400000000000091,-0.008805677453351146,5248
10,1.0000000000000036,-1.0999999999999983,55,5,-1.7500000000000284,-0.010258644711119147,0.8,-0.0018126972783550689,9.2,-0.007654999123473449,-1.3100000000000023,-0.0026036455876456976,5249
10,1.1000000000000032,-1.0999999999999983,55,5,-1.7500000000000284,-0.010258644711119147,0.8,-0.0018126972783550689,9.2,-0.007654999123473449,-1.3100000000000023,-0.0026036455876456976,5250
22,-1.1999999999999984,-0.699999999999998,43,12,-1.7600000000000193,-0.010275767018296467,0.75,-0.0007693649593750093,2.3333333333333335,-0.04541877459246779,-8.080000000000013,0.035143007574171325,5251
22,-1.1999999999999984,-0.5999999999999979,43,12,-1.7600000000000193,-0.010275767018296467,0.75,-0.0007693649593750093,2.3333333333333335,-0.04541877459246779,-8.080000000000013,0.035143007574171325,5252
5,-0.2999999999999976,-3.0,60,21,-1.6300000000000523,-0.01034574980112768,0.6190476190476191,-0.0004025218895651011,2.5714285714285716,-0.0014112666117841455,-0.2400000000000091,-0.008934483189343534,5253
5,-0.2999999999999976,-2.9,60,21,-1.6300000000000523,-0.01034574980112768,0.6190476190476191,-0.0004025218895651011,2.5714285714285716,-0.0014112666117841455,-0.2400000000000091,-0.008934483189343534,5254
5,-0.2999999999999976,-2.8,60,21,-1.6300000000000523,-0.01034574980112768,0.6190476190476191,-0.0004025218895651011,2.5714285714285716,-0.0014112666117841455,-0.2400000000000091,-0.008934483189343534,5255
5,-0.2999999999999976,-2.6999999999999997,60,21,-1.6300000000000523,-0.01034574980112768,0.6190476190476191,-0.0004025218895651011,2.5714285714285716,-0.0014112666117841455,-0.2400000000000091,-0.008934483189343534,5256
5,-0.2999999999999976,-2.5999999999999996,60,21,-1.6300000000000523,-0.01034574980112768,0.6190476190476191,-0.0004025218895651011,2.5714285714285716,-0.0014112666117841455,-0.2400000000000091,-0.008934483189343534,5257
5,-0.2999999999999976,-2.4999999999999996,60,21,-1.6300000000000523,-0.01034574980112768,0.6190476190476191,-0.0004025218895651011,2.5714285714285716,-0.0014112666117841455,-0.2400000000000091,-0.008934483189343534,5258
5,-0.2999999999999976,-2.3999999999999995,60,21,-1.6300000000000523,-0.01034574980112768,0.6190476190476191,-0.0004025218895651011,2.5714285714285716,-0.0014112666117841455,-0.2400000000000091,-0.008934483189343534,5259
5,-0.2999999999999976,-2.2999999999999994,60,21,-1.6300000000000523,-0.01034574980112768,0.6190476190476191,-0.0004025218895651011,2.5714285714285716,-0.0014112666117841455,-0.2400000000000091,-0.008934483189343534,5260
5,-0.2999999999999976,-2.1999999999999993,60,21,-1.6300000000000523,-0.01034574980112768,0.6190476190476191,-0.0004025218895651011,2.5714285714285716,-0.0014112666117841455,-0.2400000000000091,-0.008934483189343534,5261
5,-0.2999999999999976,-2.099999999999999,60,21,-1.6300000000000523,-0.01034574980112768,0.6190476190476191,-0.0004025218895651011,2.5714285714285716,-0.0014112666117841455,-0.2400000000000091,-0.008934483189343534,5262
5,-0.2999999999999976,-1.9999999999999991,60,21,-1.6300000000000523,-0.01034574980112768,0.6190476190476191,-0.0004025218895651011,2.5714285714285716,-0.0014112666117841455,-0.2400000000000091,-0.008934483189343534,5263
5,-0.2999999999999976,-1.899999999999999,60,21,-1.6300000000000523,-0.01034574980112768,0.6190476190476191,-0.0004025218895651011,2.5714285714285716,-0.0014112666117841455,-0.2400000000000091,-0.008934483189343534,5264
10,1.5000000000000036,-1.899999999999999,55,5,-1.7700000000000102,-0.010382965755622475,0.8,-0.0017662841527405382,13.6,-0.007654999123473449,-1.3100000000000023,-0.002727966632149026,5265
10,1.5000000000000036,-1.799999999999999,55,5,-1.7700000000000102,-0.010382965755622475,0.8,-0.0017662841527405382,13.6,-0.007654999123473449,-1.3100000000000023,-0.002727966632149026,5266
10,1.5000000000000036,-1.6999999999999988,55,5,-1.7700000000000102,-0.010382965755622475,0.8,-0.0017662841527405382,13.6,-0.007654999123473449,-1.3100000000000023,-0.002727966632149026,5267
10,1.5000000000000036,-1.5999999999999988,55,5,-1.7700000000000102,-0.010382965755622475,0.8,-0.0017662841527405382,13.6,-0.007654999123473449,-1.3100000000000023,-0.002727966632149026,5268
5,1.2000000000000037,-1.5999999999999988,60,9,-1.6900000000000261,-0.010430463695908165,0.7777777777777778,-0.0010198775971256414,7.111111111111111,-0.0014112666117841455,-0.2400000000000091,-0.00901919708412402,5269
5,0.10000000000000275,-1.0999999999999983,60,12,-1.7099999999999795,-0.010517197036867487,0.8333333333333334,-0.000736546528204198,3.4166666666666665,-0.0014112666117841455,-0.2400000000000091,-0.009105930425083342,5270
5,1.0000000000000036,-1.899999999999999,60,14,-1.8000000000000398,-0.010546460179063688,0.7857142857142857,-0.0006480375454671299,4.071428571428571,-0.0014112666117841455,-0.2400000000000091,-0.009135193567279543,5271
10,1.600000000000004,-0.8999999999999981,55,3,-1.8200000000000216,-0.010610817896275493,0.6666666666666666,-0.003181290877511437,16.666666666666668,-0.007654999123473449,-1.3100000000000023,-0.0029558187728020435,5272
10,1.600000000000004,-0.799999999999998,55,3,-1.8200000000000216,-0.010610817896275493,0.6666666666666666,-0.003181290877511437,16.666666666666668,-0.007654999123473449,-1.3100000000000023,-0.0029558187728020435,5273
10,-1.799999999999999,-0.8999999999999981,55,15,-1.7300000000000182,-0.010687771890363407,0.5333333333333333,-0.0006762011938977445,1.6,-0.007654999123473449,-1.3100000000000023,-0.0030327727668899573,5274
10,-1.799999999999999,-0.799999999999998,55,15,-1.7300000000000182,-0.010687771890363407,0.5333333333333333,-0.0006762011938977445,1.6,-0.007654999123473449,-1.3100000000000023,-0.0030327727668899573,5275
5,0.20000000000000284,-0.5999999999999979,60,7,-1.7500000000000284,-0.010700616005563157,0.7142857142857143,-0.0013012113458301191,5.285714285714286,-0.0014112666117841455,-0.2400000000000091,-0.009289349393779012,5276
5,0.20000000000000284,-0.4999999999999978,60,7,-1.7500000000000284,-0.010700616005563157,0.7142857142857143,-0.0013012113458301191,5.285714285714286,-0.0014112666117841455,-0.2400000000000091,-0.009289349393779012,5277
5,0.20000000000000284,-0.3999999999999977,60,7,-1.7500000000000284,-0.010700616005563157,0.7142857142857143,-0.0013012113458301191,5.285714285714286,-0.0014112666117841455,-0.2400000000000091,-0.009289349393779012,5278
5,0.20000000000000284,-0.2999999999999976,60,7,-1.7500000000000284,-0.010700616005563157,0.7142857142857143,-0.0013012113458301191,5.285714285714286,-0.0014112666117841455,-0.2400000000000091,-0.009289349393779012,5279
5,0.20000000000000284,-0.1999999999999975,60,7,-1.7500000000000284,-0.010700616005563157,0.7142857142857143,-0.0013012113458301191,5.285714285714286,-0.0014112666117841455,-0.2400000000000091,-0.009289349393779012,5280
5,0.20000000000000284,-0.09999999999999742,60,7,-1.7500000000000284,-0.010700616005563157,0.7142857142857143,-0.0013012113458301191,5.285714285714286,-0.0014112666117841455,-0.2400000000000091,-0.009289349393779012,5281
5,0.30000000000000293,-0.5999999999999979,60,7,-1.7500000000000284,-0.010700616005563157,0.7142857142857143,-0.0013012113458301191,5.285714285714286,-0.0014112666117841455,-0.2400000000000091,-0.009289349393779012,5282
5,0.30000000000000293,-0.4999999999999978,60,7,-1.7500000000000284,-0.010700616005563157,0.7142857142857143,-0.0013012113458301191,5.285714285714286,-0.0014112666117841455,-0.2400000000000091,-0.009289349393779012,5283
5,0.30000000000000293,-0.3999999999999977,60,7,-1.7500000000000284,-0.010700616005563157,0.7142857142857143,-0.0013012113458301191,5.285714285714286,-0.0014112666117841455,-0.2400000000000091,-0.009289349393779012,5284
5,0.30000000000000293,-0.2999999999999976,60,7,-1.7500000000000284,-0.010700616005563157,0.7142857142857143,-0.0013012113458301191,5.285714285714286,-0.0014112666117841455,-0.2400000000000091,-0.009289349393779012,5285
5,0.30000000000000293,-0.1999999999999975,60,7,-1.7500000000000284,-0.010700616005563157,0.7142857142857143,-0.0013012113458301191,5.285714285714286,-0.0014112666117841455,-0.2400000000000091,-0.009289349393779012,5286
5,0.30000000000000293,-0.09999999999999742,60,7,-1.7500000000000284,-0.010700616005563157,0.7142857142857143,-0.0013012113458301191,5.285714285714286,-0.0014112666117841455,-0.2400000000000091,-0.009289349393779012,5287
5,-3.0,-0.09999999999999742,60,14,-1.799999999999983,-0.01071024823616451,0.5,-0.0007479410669180485,1.2857142857142858,-0.0014112666117841455,-0.2400000000000091,-0.009298981624380365,5288
5,-2.9,-0.09999999999999742,60,14,-1.799999999999983,-0.01071024823616451,0.5,-0.0007479410669180485,1.2857142857142858,-0.0014112666117841455,-0.2400000000000091,-0.009298981624380365,5289
5,-2.8,-0.09999999999999742,60,14,-1.799999999999983,-0.01071024823616451,0.5,-0.0007479410669180485,1.2857142857142858,-0.0014112666117841455,-0.2400000000000091,-0.009298981624380365,5290
5,-2.6999999999999997,-0.09999999999999742,60,14,-1.799999999999983,-0.01071024823616451,0.5,-0.0007479410669180485,1.2857142857142858,-0.0014112666117841455,-0.2400000000000091,-0.009298981624380365,5291
5,-2.5999999999999996,-0.09999999999999742,60,14,-1.799999999999983,-0.01071024823616451,0.5,-0.0007479410669180485,1.2857142857142858,-0.0014112666117841455,-0.2400000000000091,-0.009298981624380365,5292
5,-2.4999999999999996,-0.09999999999999742,60,14,-1.799999999999983,-0.01071024823616451,0.5,-0.0007479410669180485,1.2857142857142858,-0.0014112666117841455,-0.2400000000000091,-0.009298981624380365,5293
5,-2.3999999999999995,-0.09999999999999742,60,14,-1.799999999999983,-0.01071024823616451,0.5,-0.0007479410669180485,1.2857142857142858,-0.0014112666117841455,-0.2400000000000091,-0.009298981624380365,5294
5,-2.2999999999999994,-0.09999999999999742,60,14,-1.799999999999983,-0.01071024823616451,0.5,-0.0007479410669180485,1.2857142857142858,-0.0014112666117841455,-0.2400000000000091,-0.009298981624380365,5295
5,-2.1999999999999993,-0.09999999999999742,60,14,-1.799999999999983,-0.01071024823616451,0.5,-0.0007479410669180485,1.2857142857142858,-0.0014112666117841455,-0.2400000000000091,-0.009298981624380365,5296
5,-2.099999999999999,-0.09999999999999742,60,14,-1.799999999999983,-0.01071024823616451,0.5,-0.0007479410669180485,1.2857142857142858,-0.0014112666117841455,-0.2400000000000091,-0.009298981624380365,5297
5,-1.9999999999999991,-0.09999999999999742,60,14,-1.799999999999983,-0.01071024823616451,0.5,-0.0007479410669180485,1.2857142857142858,-0.0014112666117841455,-0.2400000000000091,-0.009298981624380365,5298
5,-1.899999999999999,-0.09999999999999742,60,14,-1.799999999999983,-0.01071024823616451,0.5,-0.0007479410669180485,1.2857142857142858,-0.0014112666117841455,-0.2400000000000091,-0.009298981624380365,5299
5,-1.799999999999999,-0.09999999999999742,60,14,-1.799999999999983,-0.01071024823616451,0.5,-0.0007479410669180485,1.2857142857142858,-0.0014112666117841455,-0.2400000000000091,-0.009298981624380365,5300
5,-1.6999999999999988,-0.09999999999999742,60,14,-1.799999999999983,-0.01071024823616451,0.5,-0.0007479410669180485,1.2857142857142858,-0.0014112666117841455,-0.2400000000000091,-0.009298981624380365,5301
5,0.5000000000000031,-1.3999999999999986,60,14,-1.7000000000000455,-0.010722884890760787,0.7142857142857143,-0.0006446556338578967,3.9285714285714284,-0.0014112666117841455,-0.2400000000000091,-0.009311618278976641,5302
10,-0.9999999999999982,-1.1999999999999984,55,16,-1.6899999999999977,-0.010752084862240552,0.6875,-0.0005609633157499239,2.125,-0.007654999123473449,-1.3100000000000023,-0.0030970857387671025,5303
10,-1.0999999999999983,-1.3999999999999986,55,17,-1.7799999999999727,-0.010770609368311646,0.6470588235294118,-0.0005340779372843013,2.176470588235294,-0.007654999123473449,-1.3100000000000023,-0.003115610244838196,5304
10,-1.0999999999999983,-1.2999999999999985,55,17,-1.7799999999999727,-0.010770609368311646,0.6470588235294118,-0.0005340779372843013,2.176470588235294,-0.007654999123473449,-1.3100000000000023,-0.003115610244838196,5305
5,0.5000000000000031,-1.1999999999999984,60,11,-1.7600000000000193,-0.010774309646690794,0.8181818181818182,-0.0008376669251527469,4.454545454545454,-0.0014112666117841455,-0.2400000000000091,-0.009363043034906648,5306
10,-0.9999999999999982,-0.9999999999999982,55,14,-1.7600000000000193,-0.010780829852772733,0.6428571428571429,-0.0006420628695242213,2.2857142857142856,-0.007654999123473449,-1.3100000000000023,-0.0031258307292992837,5307
22,-3.0,-0.2999999999999976,43,13,-1.9399999999999977,-0.010829577618191588,0.46153846153846156,-0.0008184947488131683,1.4615384615384615,-0.04541877459246779,-8.080000000000013,0.034589196974276204,5308
22,-1.1999999999999984,-1.0999999999999983,43,15,-1.8900000000000148,-0.010954652594180159,0.6666666666666666,-0.0006570687096616161,2.066666666666667,-0.04541877459246779,-8.080000000000013,0.03446412199828763,5309
10,1.5000000000000036,-1.9999999999999991,55,5,-1.8799999999999955,-0.011028011227102064,0.8,-0.0018984942139976147,13.8,-0.007654999123473449,-1.3100000000000023,-0.0033730121036286143,5310
22,0.10000000000000275,1.600000000000004,43,1,-1.8900000000000148,-0.011045526269651162,0.0,-0.011045526269651162,27.0,-0.04541877459246779,-8.080000000000013,0.03437324832281663,5311
22,0.10000000000000275,1.7000000000000046,43,1,-1.8900000000000148,-0.011045526269651162,0.0,-0.011045526269651162,27.0,-0.04541877459246779,-8.080000000000013,0.03437324832281663,5312
22,0.10000000000000275,1.8000000000000043,43,1,-1.8900000000000148,-0.011045526269651162,0.0,-0.011045526269651162,27.0,-0.04541877459246779,-8.080000000000013,0.03437324832281663,5313
22,0.10000000000000275,1.900000000000004,43,1,-1.8900000000000148,-0.011045526269651162,0.0,-0.011045526269651162,27.0,-0.04541877459246779,-8.080000000000013,0.03437324832281663,5314
22,0.10000000000000275,2.0000000000000044,43,1,-1.8900000000000148,-0.011045526269651162,0.0,-0.011045526269651162,27.0,-0.04541877459246779,-8.080000000000013,0.03437324832281663,5315
22,0.10000000000000275,2.100000000000005,43,1,-1.8900000000000148,-0.011045526269651162,0.0,-0.011045526269651162,27.0,-0.04541877459246779,-8.080000000000013,0.03437324832281663,5316
22,0.10000000000000275,2.2000000000000046,43,1,-1.8900000000000148,-0.011045526269651162,0.0,-0.011045526269651162,27.0,-0.04541877459246779,-8.080000000000013,0.03437324832281663,5317
22,0.10000000000000275,2.3000000000000043,43,1,-1.8900000000000148,-0.011045526269651162,0.0,-0.011045526269651162,27.0,-0.04541877459246779,-8.080000000000013,0.03437324832281663,5318
22,0.10000000000000275,2.400000000000005,43,1,-1.8900000000000148,-0.011045526269651162,0.0,-0.011045526269651162,27.0,-0.04541877459246779,-8.080000000000013,0.03437324832281663,5319
22,0.10000000000000275,2.5000000000000053,43,1,-1.8900000000000148,-0.011045526269651162,0.0,-0.011045526269651162,27.0,-0.04541877459246779,-8.080000000000013,0.03437324832281663,5320
22,0.10000000000000275,2.600000000000005,43,1,-1.8900000000000148,-0.011045526269651162,0.0,-0.011045526269651162,27.0,-0.04541877459246779,-8.080000000000013,0.03437324832281663,5321
22,0.10000000000000275,2.7000000000000046,43,1,-1.8900000000000148,-0.011045526269651162,0.0,-0.011045526269651162,27.0,-0.04541877459246779,-8.080000000000013,0.03437324832281663,5322
22,0.10000000000000275,2.800000000000005,43,1,-1.8900000000000148,-0.011045526269651162,0.0,-0.011045526269651162,27.0,-0.04541877459246779,-8.080000000000013,0.03437324832281663,5323
22,0.10000000000000275,2.9000000000000057,43,1,-1.8900000000000148,-0.011045526269651162,0.0,-0.011045526269651162,27.0,-0.04541877459246779,-8.080000000000013,0.03437324832281663,5324
22,0.20000000000000284,1.600000000000004,43,1,-1.8900000000000148,-0.011045526269651162,0.0,-0.011045526269651162,27.0,-0.04541877459246779,-8.080000000000013,0.03437324832281663,5325
22,0.20000000000000284,1.7000000000000046,43,1,-1.8900000000000148,-0.011045526269651162,0.0,-0.011045526269651162,27.0,-0.04541877459246779,-8.080000000000013,0.03437324832281663,5326
22,0.20000000000000284,1.8000000000000043,43,1,-1.8900000000000148,-0.011045526269651162,0.0,-0.011045526269651162,27.0,-0.04541877459246779,-8.080000000000013,0.03437324832281663,5327
22,0.20000000000000284,1.900000000000004,43,1,-1.8900000000000148,-0.011045526269651162,0.0,-0.011045526269651162,27.0,-0.04541877459246779,-8.080000000000013,0.03437324832281663,5328
22,0.20000000000000284,2.0000000000000044,43,1,-1.8900000000000148,-0.011045526269651162,0.0,-0.011045526269651162,27.0,-0.04541877459246779,-8.080000000000013,0.03437324832281663,5329
22,0.20000000000000284,2.100000000000005,43,1,-1.8900000000000148,-0.011045526269651162,0.0,-0.011045526269651162,27.0,-0.04541877459246779,-8.080000000000013,0.03437324832281663,5330
22,0.20000000000000284,2.2000000000000046,43,1,-1.8900000000000148,-0.011045526269651162,0.0,-0.011045526269651162,27.0,-0.04541877459246779,-8.080000000000013,0.03437324832281663,5331
22,0.20000000000000284,2.3000000000000043,43,1,-1.8900000000000148,-0.011045526269651162,0.0,-0.011045526269651162,27.0,-0.04541877459246779,-8.080000000000013,0.03437324832281663,5332
22,0.20000000000000284,2.400000000000005,43,1,-1.8900000000000148,-0.011045526269651162,0.0,-0.011045526269651162,27.0,-0.04541877459246779,-8.080000000000013,0.03437324832281663,5333
22,0.20000000000000284,2.5000000000000053,43,1,-1.8900000000000148,-0.011045526269651162,0.0,-0.011045526269651162,27.0,-0.04541877459246779,-8.080000000000013,0.03437324832281663,5334
22,0.20000000000000284,2.600000000000005,43,1,-1.8900000000000148,-0.011045526269651162,0.0,-0.011045526269651162,27.0,-0.04541877459246779,-8.080000000000013,0.03437324832281663,5335
22,0.20000000000000284,2.7000000000000046,43,1,-1.8900000000000148,-0.011045526269651162,0.0,-0.011045526269651162,27.0,-0.04541877459246779,-8.080000000000013,0.03437324832281663,5336
22,0.20000000000000284,2.800000000000005,43,1,-1.8900000000000148,-0.011045526269651162,0.0,-0.011045526269651162,27.0,-0.04541877459246779,-8.080000000000013,0.03437324832281663,5337
22,0.20000000000000284,2.9000000000000057,43,1,-1.8900000000000148,-0.011045526269651162,0.0,-0.011045526269651162,27.0,-0.04541877459246779,-8.080000000000013,0.03437324832281663,5338
22,0.30000000000000293,1.600000000000004,43,1,-1.8900000000000148,-0.011045526269651162,0.0,-0.011045526269651162,27.0,-0.04541877459246779,-8.080000000000013,0.03437324832281663,5339
22,0.30000000000000293,1.7000000000000046,43,1,-1.8900000000000148,-0.011045526269651162,0.0,-0.011045526269651162,27.0,-0.04541877459246779,-8.080000000000013,0.03437324832281663,5340
22,0.30000000000000293,1.8000000000000043,43,1,-1.8900000000000148,-0.011045526269651162,0.0,-0.011045526269651162,27.0,-0.04541877459246779,-8.080000000000013,0.03437324832281663,5341
22,0.30000000000000293,1.900000000000004,43,1,-1.8900000000000148,-0.011045526269651162,0.0,-0.011045526269651162,27.0,-0.04541877459246779,-8.080000000000013,0.03437324832281663,5342
22,0.30000000000000293,2.0000000000000044,43,1,-1.8900000000000148,-0.011045526269651162,0.0,-0.011045526269651162,27.0,-0.04541877459246779,-8.080000000000013,0.03437324832281663,5343
22,0.30000000000000293,2.100000000000005,43,1,-1.8900000000000148,-0.011045526269651162,0.0,-0.011045526269651162,27.0,-0.04541877459246779,-8.080000000000013,0.03437324832281663,5344
22,0.30000000000000293,2.2000000000000046,43,1,-1.8900000000000148,-0.011045526269651162,0.0,-0.011045526269651162,27.0,-0.04541877459246779,-8.080000000000013,0.03437324832281663,5345
22,0.30000000000000293,2.3000000000000043,43,1,-1.8900000000000148,-0.011045526269651162,0.0,-0.011045526269651162,27.0,-0.04541877459246779,-8.080000000000013,0.03437324832281663,5346
22,0.30000000000000293,2.400000000000005,43,1,-1.8900000000000148,-0.011045526269651162,0.0,-0.011045526269651162,27.0,-0.04541877459246779,-8.080000000000013,0.03437324832281663,5347
22,0.30000000000000293,2.5000000000000053,43,1,-1.8900000000000148,-0.011045526269651162,0.0,-0.011045526269651162,27.0,-0.04541877459246779,-8.080000000000013,0.03437324832281663,5348
22,0.30000000000000293,2.600000000000005,43,1,-1.8900000000000148,-0.011045526269651162,0.0,-0.011045526269651162,27.0,-0.04541877459246779,-8.080000000000013,0.03437324832281663,5349
22,0.30000000000000293,2.7000000000000046,43,1,-1.8900000000000148,-0.011045526269651162,0.0,-0.011045526269651162,27.0,-0.04541877459246779,-8.080000000000013,0.03437324832281663,5350
22,0.30000000000000293,2.800000000000005,43,1,-1.8900000000000148,-0.011045526269651162,0.0,-0.011045526269651162,27.0,-0.04541877459246779,-8.080000000000013,0.03437324832281663,5351
22,0.30000000000000293,2.9000000000000057,43,1,-1.8900000000000148,-0.011045526269651162,0.0,-0.011045526269651162,27.0,-0.04541877459246779,-8.080000000000013,0.03437324832281663,5352
10,-0.5999999999999979,-1.899999999999999,55,18,-1.759999999999991,-0.011063062475496932,0.7222222222222222,-0.0005293329761842627,2.388888888888889,-0.007654999123473449,-1.3100000000000023,-0.0034080633520234827,5353
5,-0.4999999999999978,-0.3999999999999977,60,10,-1.9000000000000625,-0.011076003926006939,0.6,-0.0009645872404526301,3.1,-0.0014112666117841455,-0.2400000000000091,-0.009664737314222793,5354
22,0.8000000000000034,-0.799999999999998,43,3,-1.9800000000000182,-0.011091330743032812,0.6666666666666666,-0.0034507328910802584,15.0,-0.04541877459246779,-8.080000000000013,0.03432744384943498,5355
5,0.9000000000000035,-1.2999999999999985,60,11,-1.8100000000000023,-0.011101796659474639,0.8181818181818182,-0.0008586654526686408,4.909090909090909,-0.0014112666117841455,-0.2400000000000091,-0.009690530047690493,5356
22,-0.09999999999999742,1.600000000000004,43,1,-1.9000000000000057,-0.011103968207585746,0.0,-0.011103968207585746,23.0,-0.04541877459246779,-8.080000000000013,0.034314806384882046,5357
22,-0.09999999999999742,1.7000000000000046,43,1,-1.9000000000000057,-0.011103968207585746,0.0,-0.011103968207585746,23.0,-0.04541877459246779,-8.080000000000013,0.034314806384882046,5358
22,-0.09999999999999742,1.8000000000000043,43,1,-1.9000000000000057,-0.011103968207585746,0.0,-0.011103968207585746,23.0,-0.04541877459246779,-8.080000000000013,0.034314806384882046,5359
22,-0.09999999999999742,1.900000000000004,43,1,-1.9000000000000057,-0.011103968207585746,0.0,-0.011103968207585746,23.0,-0.04541877459246779,-8.080000000000013,0.034314806384882046,5360
22,-0.09999999999999742,2.0000000000000044,43,1,-1.9000000000000057,-0.011103968207585746,0.0,-0.011103968207585746,23.0,-0.04541877459246779,-8.080000000000013,0.034314806384882046,5361
22,-0.09999999999999742,2.100000000000005,43,1,-1.9000000000000057,-0.011103968207585746,0.0,-0.011103968207585746,23.0,-0.04541877459246779,-8.080000000000013,0.034314806384882046,5362
22,-0.09999999999999742,2.2000000000000046,43,1,-1.9000000000000057,-0.011103968207585746,0.0,-0.011103968207585746,23.0,-0.04541877459246779,-8.080000000000013,0.034314806384882046,5363
22,-0.09999999999999742,2.3000000000000043,43,1,-1.9000000000000057,-0.011103968207585746,0.0,-0.011103968207585746,23.0,-0.04541877459246779,-8.080000000000013,0.034314806384882046,5364
22,-0.09999999999999742,2.400000000000005,43,1,-1.9000000000000057,-0.011103968207585746,0.0,-0.011103968207585746,23.0,-0.04541877459246779,-8.080000000000013,0.034314806384882046,5365
22,-0.09999999999999742,2.5000000000000053,43,1,-1.9000000000000057,-0.011103968207585746,0.0,-0.011103968207585746,23.0,-0.04541877459246779,-8.080000000000013,0.034314806384882046,5366
22,-0.09999999999999742,2.600000000000005,43,1,-1.9000000000000057,-0.011103968207585746,0.0,-0.011103968207585746,23.0,-0.04541877459246779,-8.080000000000013,0.034314806384882046,5367
22,-0.09999999999999742,2.7000000000000046,43,1,-1.9000000000000057,-0.011103968207585746,0.0,-0.011103968207585746,23.0,-0.04541877459246779,-8.080000000000013,0.034314806384882046,5368
22,-0.09999999999999742,2.800000000000005,43,1,-1.9000000000000057,-0.011103968207585746,0.0,-0.011103968207585746,23.0,-0.04541877459246779,-8.080000000000013,0.034314806384882046,5369
22,-0.09999999999999742,2.9000000000000057,43,1,-1.9000000000000057,-0.011103968207585746,0.0,-0.011103968207585746,23.0,-0.04541877459246779,-8.080000000000013,0.034314806384882046,5370
22,2.6645352591003757e-15,1.600000000000004,43,1,-1.9000000000000057,-0.011103968207585746,0.0,-0.011103968207585746,23.0,-0.04541877459246779,-8.080000000000013,0.034314806384882046,5371
22,2.6645352591003757e-15,1.7000000000000046,43,1,-1.9000000000000057,-0.011103968207585746,0.0,-0.011103968207585746,23.0,-0.04541877459246779,-8.080000000000013,0.034314806384882046,5372
22,2.6645352591003757e-15,1.8000000000000043,43,1,-1.9000000000000057,-0.011103968207585746,0.0,-0.011103968207585746,23.0,-0.04541877459246779,-8.080000000000013,0.034314806384882046,5373
22,2.6645352591003757e-15,1.900000000000004,43,1,-1.9000000000000057,-0.011103968207585746,0.0,-0.011103968207585746,23.0,-0.04541877459246779,-8.080000000000013,0.034314806384882046,5374
22,2.6645352591003757e-15,2.0000000000000044,43,1,-1.9000000000000057,-0.011103968207585746,0.0,-0.011103968207585746,23.0,-0.04541877459246779,-8.080000000000013,0.034314806384882046,5375
22,2.6645352591003757e-15,2.100000000000005,43,1,-1.9000000000000057,-0.011103968207585746,0.0,-0.011103968207585746,23.0,-0.04541877459246779,-8.080000000000013,0.034314806384882046,5376
22,2.6645352591003757e-15,2.2000000000000046,43,1,-1.9000000000000057,-0.011103968207585746,0.0,-0.011103968207585746,23.0,-0.04541877459246779,-8.080000000000013,0.034314806384882046,5377
22,2.6645352591003757e-15,2.3000000000000043,43,1,-1.9000000000000057,-0.011103968207585746,0.0,-0.011103968207585746,23.0,-0.04541877459246779,-8.080000000000013,0.034314806384882046,5378
22,2.6645352591003757e-15,2.400000000000005,43,1,-1.9000000000000057,-0.011103968207585746,0.0,-0.011103968207585746,23.0,-0.04541877459246779,-8.080000000000013,0.034314806384882046,5379
22,2.6645352591003757e-15,2.5000000000000053,43,1,-1.9000000000000057,-0.011103968207585746,0.0,-0.011103968207585746,23.0,-0.04541877459246779,-8.080000000000013,0.034314806384882046,5380
22,2.6645352591003757e-15,2.600000000000005,43,1,-1.9000000000000057,-0.011103968207585746,0.0,-0.011103968207585746,23.0,-0.04541877459246779,-8.080000000000013,0.034314806384882046,5381
22,2.6645352591003757e-15,2.7000000000000046,43,1,-1.9000000000000057,-0.011103968207585746,0.0,-0.011103968207585746,23.0,-0.04541877459246779,-8.080000000000013,0.034314806384882046,5382
22,2.6645352591003757e-15,2.800000000000005,43,1,-1.9000000000000057,-0.011103968207585746,0.0,-0.011103968207585746,23.0,-0.04541877459246779,-8.080000000000013,0.034314806384882046,5383
22,2.6645352591003757e-15,2.9000000000000057,43,1,-1.9000000000000057,-0.011103968207585746,0.0,-0.011103968207585746,23.0,-0.04541877459246779,-8.080000000000013,0.034314806384882046,5384
5,0.5000000000000031,-1.4999999999999987,60,14,-1.780000000000058,-0.011107099515960561,0.8571428571428571,-0.0006756048641489154,3.7857142857142856,-0.0014112666117841455,-0.2400000000000091,-0.009695832904176416,5385
5,0.20000000000000284,-1.0999999999999983,60,11,-1.8099999999999739,-0.011112768725180633,0.8181818181818182,-0.0008718556619033475,3.8181818181818183,-0.0014112666117841455,-0.2400000000000091,-0.009701502113396487,5386
5,0.30000000000000293,-1.0999999999999983,60,11,-1.8099999999999739,-0.011112768725180633,0.8181818181818182,-0.0008718556619033475,3.8181818181818183,-0.0014112666117841455,-0.2400000000000091,-0.009701502113396487,5387
10,-0.3999999999999977,-3.0,55,20,-1.8200000000000216,-0.011121849570178477,0.6,-0.0004719919248827531,2.5,-0.007654999123473449,-1.3100000000000023,-0.0034668504467050276,5388
10,-0.3999999999999977,-2.9,55,20,-1.8200000000000216,-0.011121849570178477,0.6,-0.0004719919248827531,2.5,-0.007654999123473449,-1.3100000000000023,-0.0034668504467050276,5389
10,-0.3999999999999977,-2.8,55,20,-1.8200000000000216,-0.011121849570178477,0.6,-0.0004719919248827531,2.5,-0.007654999123473449,-1.3100000000000023,-0.0034668504467050276,5390
10,-0.3999999999999977,-2.6999999999999997,55,20,-1.8200000000000216,-0.011121849570178477,0.6,-0.0004719919248827531,2.5,-0.007654999123473449,-1.3100000000000023,-0.0034668504467050276,5391
10,-0.3999999999999977,-2.5999999999999996,55,20,-1.8200000000000216,-0.011121849570178477,0.6,-0.0004719919248827531,2.5,-0.007654999123473449,-1.3100000000000023,-0.0034668504467050276,5392
10,-0.3999999999999977,-2.4999999999999996,55,20,-1.8200000000000216,-0.011121849570178477,0.6,-0.0004719919248827531,2.5,-0.007654999123473449,-1.3100000000000023,-0.0034668504467050276,5393
10,-0.09999999999999742,-1.4999999999999987,55,13,-1.7399999999999807,-0.011165749695204341,0.7692307692307693,-0.0007312924972319168,3.6153846153846154,-0.007654999123473449,-1.3100000000000023,-0.0035107505717308918,5394
10,2.6645352591003757e-15,-1.4999999999999987,55,13,-1.7399999999999807,-0.011165749695204341,0.7692307692307693,-0.0007312924972319168,3.6153846153846154,-0.007654999123473449,-1.3100000000000023,-0.0035107505717308918,5395
10,0.10000000000000275,-1.4999999999999987,55,13,-1.7399999999999807,-0.011165749695204341,0.7692307692307693,-0.0007312924972319168,3.6153846153846154,-0.007654999123473449,-1.3100000000000023,-0.0035107505717308918,5396
10,-0.2999999999999976,-1.899999999999999,55,16,-1.799999999999983,-0.011193182313994132,0.75,-0.0005983831334117687,3.1875,-0.007654999123473449,-1.3100000000000023,-0.003538183190520683,5397
10,-0.1999999999999975,-1.899999999999999,55,16,-1.799999999999983,-0.011193182313994132,0.75,-0.0005983831334117687,3.1875,-0.007654999123473449,-1.3100000000000023,-0.003538183190520683,5398
5,-1.2999999999999985,-1.3999999999999986,60,25,-1.7900000000000489,-0.011235305110045779,0.56,-0.0003568505420068213,1.72,-0.0014112666117841455,-0.2400000000000091,-0.009824038498261634,5399
5,0.400000000000003,0.6000000000000032,60,5,-1.9300000000000352,-0.011283391435171763,0.6,-0.0019273210923680616,6.2,-0.0014112666117841455,-0.2400000000000091,-0.009872124823387618,5400
5,0.400000000000003,0.7000000000000033,60,5,-1.9300000000000352,-0.011283391435171763,0.6,-0.0019273210923680616,6.2,-0.0014112666117841455,-0.2400000000000091,-0.009872124823387618,5401
5,0.400000000000003,0.8000000000000034,60,5,-1.9300000000000352,-0.011283391435171763,0.6,-0.0019273210923680616,6.2,-0.0014112666117841455,-0.2400000000000091,-0.009872124823387618,5402
5,0.400000000000003,0.9000000000000035,60,5,-1.9300000000000352,-0.011283391435171763,0.6,-0.0019273210923680616,6.2,-0.0014112666117841455,-0.2400000000000091,-0.009872124823387618,5403
22,-1.9999999999999991,-0.799999999999998,43,15,-1.9900000000000375,-0.011300906062357674,0.5333333333333333,-0.0007172830895588068,1.6,-0.04541877459246779,-8.080000000000013,0.03411786853011012,5404
5,1.400000000000004,0.6000000000000032,60,3,-1.9300000000000352,-0.011335049437078304,0.6666666666666666,-0.0033223950477018573,14.333333333333334,-0.0014112666117841455,-0.2400000000000091,-0.009923782825294158,5405
5,1.400000000000004,0.7000000000000033,60,3,-1.9300000000000352,-0.011335049437078304,0.6666666666666666,-0.0033223950477018573,14.333333333333334,-0.0014112666117841455,-0.2400000000000091,-0.009923782825294158,5406
5,1.400000000000004,0.8000000000000034,60,3,-1.9300000000000352,-0.011335049437078304,0.6666666666666666,-0.0033223950477018573,14.333333333333334,-0.0014112666117841455,-0.2400000000000091,-0.009923782825294158,5407
5,1.400000000000004,0.9000000000000035,60,3,-1.9300000000000352,-0.011335049437078304,0.6666666666666666,-0.0033223950477018573,14.333333333333334,-0.0014112666117841455,-0.2400000000000091,-0.009923782825294158,5408
10,-1.799999999999999,0.6000000000000032,55,9,-1.9400000000000546,-0.011386180037008864,0.5555555555555556,-0.0012235523807184734,2.0,-0.007654999123473449,-1.3100000000000023,-0.0037311809135354146,5409
10,-1.799999999999999,0.7000000000000033,55,9,-1.9400000000000546,-0.011386180037008864,0.5555555555555556,-0.0012235523807184734,2.0,-0.007654999123473449,-1.3100000000000023,-0.0037311809135354146,5410
5,0.400000000000003,0.10000000000000275,60,5,-1.9500000000000455,-0.011400116139565264,0.6,-0.0019509185103806503,7.0,-0.0014112666117841455,-0.2400000000000091,-0.009988849527781118,5411
5,0.400000000000003,0.20000000000000284,60,5,-1.9500000000000455,-0.011400116139565264,0.6,-0.0019509185103806503,7.0,-0.0014112666117841455,-0.2400000000000091,-0.009988849527781118,5412
5,0.400000000000003,0.30000000000000293,60,5,-1.9500000000000455,-0.011400116139565264,0.6,-0.0019509185103806503,7.0,-0.0014112666117841455,-0.2400000000000091,-0.009988849527781118,5413
5,0.400000000000003,0.400000000000003,60,5,-1.9500000000000455,-0.011400116139565264,0.6,-0.0019509185103806503,7.0,-0.0014112666117841455,-0.2400000000000091,-0.009988849527781118,5414
5,0.400000000000003,0.5000000000000031,60,5,-1.9500000000000455,-0.011400116139565264,0.6,-0.0019509185103806503,7.0,-0.0014112666117841455,-0.2400000000000091,-0.009988849527781118,5415
22,0.5000000000000031,-1.0999999999999983,43,7,-1.9699999999999989,-0.011400233423276007,0.5714285714285714,-0.0015740367483347364,6.571428571428571,-0.04541877459246779,-8.080000000000013,0.034018541169191785,5416
5,-0.3999999999999977,-1.4999999999999987,60,19,-1.900000000000034,-0.011405976720494482,0.5789473684210527,-0.0005050130018430711,2.789473684210526,-0.0014112666117841455,-0.2400000000000091,-0.009994710108710336,5417
5,-0.1999999999999975,-0.8999999999999981,60,12,-1.870000000000033,-0.01142310499960053,0.75,-0.0008123719076284323,3.3333333333333335,-0.0014112666117841455,-0.2400000000000091,-0.010011838387816385,5418
5,-0.09999999999999742,-0.8999999999999981,60,12,-1.870000000000033,-0.01142310499960053,0.75,-0.0008123719076284323,3.3333333333333335,-0.0014112666117841455,-0.2400000000000091,-0.010011838387816385,5419
5,2.6645352591003757e-15,-0.8999999999999981,60,12,-1.870000000000033,-0.01142310499960053,0.75,-0.0008123719076284323,3.3333333333333335,-0.0014112666117841455,-0.2400000000000091,-0.010011838387816385,5420
5,1.400000000000004,0.10000000000000275,60,3,-1.9500000000000455,-0.011451768042894162,0.6666666666666666,-0.0033621608346277774,15.666666666666666,-0.0014112666117841455,-0.2400000000000091,-0.010040501431110016,5421
5,1.400000000000004,0.20000000000000284,60,3,-1.9500000000000455,-0.011451768042894162,0.6666666666666666,-0.0033621608346277774,15.666666666666666,-0.0014112666117841455,-0.2400000000000091,-0.010040501431110016,5422
5,1.400000000000004,0.30000000000000293,60,3,-1.9500000000000455,-0.011451768042894162,0.6666666666666666,-0.0033621608346277774,15.666666666666666,-0.0014112666117841455,-0.2400000000000091,-0.010040501431110016,5423
5,1.400000000000004,0.400000000000003,60,3,-1.9500000000000455,-0.011451768042894162,0.6666666666666666,-0.0033621608346277774,15.666666666666666,-0.0014112666117841455,-0.2400000000000091,-0.010040501431110016,5424
5,1.400000000000004,0.5000000000000031,60,3,-1.9500000000000455,-0.011451768042894162,0.6666666666666666,-0.0033621608346277774,15.666666666666666,-0.0014112666117841455,-0.2400000000000091,-0.010040501431110016,5425
22,1.2000000000000037,-0.2999999999999976,43,2,-2.0600000000000307,-0.011500710751402021,0.5,-0.005544623186440334,20.0,-0.04541877459246779,-8.080000000000013,0.03391806384106577,5426
22,1.3000000000000043,-0.2999999999999976,43,2,-2.0600000000000307,-0.011500710751402021,0.5,-0.005544623186440334,20.0,-0.04541877459246779,-8.080000000000013,0.03391806384106577,5427
10,0.400000000000003,-1.1999999999999984,55,7,-1.9000000000000057,-0.011516667583076456,0.8571428571428571,-0.0014808279013328437,6.714285714285714,-0.007654999123473449,-1.3100000000000023,-0.003861668459603007,5428
10,0.5000000000000031,-1.1999999999999984,55,7,-1.9000000000000057,-0.011516667583076456,0.8571428571428571,-0.0014808279013328437,6.714285714285714,-0.007654999123473449,-1.3100000000000023,-0.003861668459603007,5429
10,0.6000000000000032,-1.1999999999999984,55,7,-1.9000000000000057,-0.011516667583076456,0.8571428571428571,-0.0014808279013328437,6.714285714285714,-0.007654999123473449,-1.3100000000000023,-0.003861668459603007,5430
10,0.7000000000000033,-1.1999999999999984,55,7,-1.9000000000000057,-0.011516667583076456,0.8571428571428571,-0.0014808279013328437,6.714285714285714,-0.007654999123473449,-1.3100000000000023,-0.003861668459603007,5431
10,0.8000000000000034,-1.1999999999999984,55,7,-1.9000000000000057,-0.011516667583076456,0.8571428571428571,-0.0014808279013328437,6.714285714285714,-0.007654999123473449,-1.3100000000000023,-0.003861668459603007,5432
10,0.9000000000000035,-1.1999999999999984,55,7,-1.9000000000000057,-0.011516667583076456,0.8571428571428571,-0.0014808279013328437,6.714285714285714,-0.007654999123473449,-1.3100000000000023,-0.003861668459603007,5433
10,0.400000000000003,-0.9999999999999982,55,5,-1.9700000000000273,-0.011545390356808571,0.8,-0.0020758524861340445,9.0,-0.007654999123473449,-1.3100000000000023,-0.003890391233335122,5434
10,0.5000000000000031,-0.9999999999999982,55,5,-1.9700000000000273,-0.011545390356808571,0.8,-0.0020758524861340445,9.0,-0.007654999123473449,-1.3100000000000023,-0.003890391233335122,5435
10,0.6000000000000032,-0.9999999999999982,55,5,-1.9700000000000273,-0.011545390356808571,0.8,-0.0020758524861340445,9.0,-0.007654999123473449,-1.3100000000000023,-0.003890391233335122,5436
10,0.7000000000000033,-0.9999999999999982,55,5,-1.9700000000000273,-0.011545390356808571,0.8,-0.0020758524861340445,9.0,-0.007654999123473449,-1.3100000000000023,-0.003890391233335122,5437
10,0.8000000000000034,-0.9999999999999982,55,5,-1.9700000000000273,-0.011545390356808571,0.8,-0.0020758524861340445,9.0,-0.007654999123473449,-1.3100000000000023,-0.003890391233335122,5438
10,0.9000000000000035,-0.9999999999999982,55,5,-1.9700000000000273,-0.011545390356808571,0.8,-0.0020758524861340445,9.0,-0.007654999123473449,-1.3100000000000023,-0.003890391233335122,5439
10,1.0000000000000036,-0.9999999999999982,55,5,-1.9700000000000273,-0.011545390356808571,0.8,-0.0020758524861340445,9.0,-0.007654999123473449,-1.3100000000000023,-0.003890391233335122,5440
10,1.1000000000000032,-0.9999999999999982,55,5,-1.9700000000000273,-0.011545390356808571,0.8,-0.0020758524861340445,9.0,-0.007654999123473449,-1.3100000000000023,-0.003890391233335122,5441
10,1.1000000000000032,-1.9999999999999991,55,11,-1.920000000000016,-0.011608509625024577,0.7272727272727273,-0.0009521134783507498,5.2727272727272725,-0.007654999123473449,-1.3100000000000023,-0.003953510501551127,5442
22,0.400000000000003,-1.2999999999999985,43,8,-1.960000000000008,-0.011612175975189043,0.625,-0.0014030045452751855,5.875,-0.04541877459246779,-8.080000000000013,0.03380659861727875,5443
22,0.400000000000003,-1.1999999999999984,43,8,-1.960000000000008,-0.011612175975189043,0.625,-0.0014030045452751855,5.875,-0.04541877459246779,-8.080000000000013,0.03380659861727875,5444
5,-1.2999999999999985,-1.4999999999999987,60,25,-1.8700000000000614,-0.011619320721905968,0.64,-0.0003741821109697918,1.64,-0.0014112666117841455,-0.2400000000000091,-0.010208054110121823,5445
22,-0.5999999999999979,-1.2999999999999985,43,13,-1.9499999999999886,-0.011641088065781902,0.5384615384615384,-0.0008095444854370364,3.1538461538461537,-0.04541877459246779,-8.080000000000013,0.03377768652668589,5446
22,-0.5999999999999979,-1.1999999999999984,43,13,-1.9499999999999886,-0.011641088065781902,0.5384615384615384,-0.0008095444854370364,3.1538461538461537,-0.04541877459246779,-8.080000000000013,0.03377768652668589,5447
22,-0.4999999999999978,-1.2999999999999985,43,13,-1.9499999999999886,-0.011641088065781902,0.5384615384615384,-0.0008095444854370364,3.1538461538461537,-0.04541877459246779,-8.080000000000013,0.03377768652668589,5448
22,-0.4999999999999978,-1.1999999999999984,43,13,-1.9499999999999886,-0.011641088065781902,0.5384615384615384,-0.0008095444854370364,3.1538461538461537,-0.04541877459246779,-8.080000000000013,0.03377768652668589,5449
22,0.6000000000000032,-0.2999999999999976,43,2,-2.090000000000032,-0.011674060717366097,0.5,-0.0056299765493628695,19.5,-0.04541877459246779,-8.080000000000013,0.033744713875101695,5450
22,0.7000000000000033,-0.2999999999999976,43,2,-2.090000000000032,-0.011674060717366097,0.5,-0.0056299765493628695,19.5,-0.04541877459246779,-8.080000000000013,0.033744713875101695,5451
22,0.8000000000000034,-0.2999999999999976,43,2,-2.090000000000032,-0.011674060717366097,0.5,-0.0056299765493628695,19.5,-0.04541877459246779,-8.080000000000013,0.033744713875101695,5452
22,0.9000000000000035,-0.2999999999999976,43,2,-2.090000000000032,-0.011674060717366097,0.5,-0.0056299765493628695,19.5,-0.04541877459246779,-8.080000000000013,0.033744713875101695,5453
22,1.0000000000000036,-0.2999999999999976,43,2,-2.090000000000032,-0.011674060717366097,0.5,-0.0056299765493628695,19.5,-0.04541877459246779,-8.080000000000013,0.033744713875101695,5454
22,1.1000000000000032,-0.2999999999999976,43,2,-2.090000000000032,-0.011674060717366097,0.5,-0.0056299765493628695,19.5,-0.04541877459246779,-8.080000000000013,0.033744713875101695,5455
5,1.1000000000000032,-1.2999999999999985,60,10,-1.990000000000009,-0.011713117022256525,0.8,-0.001022682552097931,5.6,-0.0014112666117841455,-0.2400000000000091,-0.01030185041047238,5456
5,0.9000000000000035,-1.3999999999999986,60,11,-1.9199999999999875,-0.011746373587463776,0.8181818181818182,-0.0009181179583698643,5.0,-0.0014112666117841455,-0.2400000000000091,-0.010335106975679631,5457
10,0.20000000000000284,-1.0999999999999983,55,8,-1.8899999999999864,-0.011765569883923854,0.875,-0.0012606227261971192,5.125,-0.007654999123473449,-1.3100000000000023,-0.004110570760450405,5458
5,0.400000000000003,-1.2999999999999985,60,14,-1.870000000000033,-0.011801691772544531,0.8571428571428571,-0.0007253543451885876,3.642857142857143,-0.0014112666117841455,-0.2400000000000091,-0.010390425160760386,5459
22,-3.0,-0.1999999999999975,43,12,-2.109999999999985,-0.01181238264013107,0.5,-0.0009707179924576906,1.3333333333333333,-0.04541877459246779,-8.080000000000013,0.03360639195233672,5460
22,-3.0,-0.09999999999999742,43,12,-2.109999999999985,-0.01181238264013107,0.5,-0.0009707179924576906,1.3333333333333333,-0.04541877459246779,-8.080000000000013,0.03360639195233672,5461
22,0.8000000000000034,-1.2999999999999985,43,5,-2.0900000000000034,-0.011847317020550974,0.8,-0.002207243523017888,10.2,-0.04541877459246779,-8.080000000000013,0.03357145757191682,5462
22,0.8000000000000034,-1.1999999999999984,43,5,-2.0900000000000034,-0.011847317020550974,0.8,-0.002207243523017888,10.2,-0.04541877459246779,-8.080000000000013,0.03357145757191682,5463
22,-0.3999999999999977,-3.0,43,13,-2.0,-0.01185165765846985,0.6923076923076923,-0.0008420793188906018,3.076923076923077,-0.04541877459246779,-8.080000000000013,0.03356711693399794,5464
22,-0.3999999999999977,-2.9,43,13,-2.0,-0.01185165765846985,0.6923076923076923,-0.0008420793188906018,3.076923076923077,-0.04541877459246779,-8.080000000000013,0.03356711693399794,5465
22,-0.3999999999999977,-2.8,43,13,-2.0,-0.01185165765846985,0.6923076923076923,-0.0008420793188906018,3.076923076923077,-0.04541877459246779,-8.080000000000013,0.03356711693399794,5466
22,-0.3999999999999977,-2.6999999999999997,43,13,-2.0,-0.01185165765846985,0.6923076923076923,-0.0008420793188906018,3.076923076923077,-0.04541877459246779,-8.080000000000013,0.03356711693399794,5467
22,-0.3999999999999977,-2.5999999999999996,43,13,-2.0,-0.01185165765846985,0.6923076923076923,-0.0008420793188906018,3.076923076923077,-0.04541877459246779,-8.080000000000013,0.03356711693399794,5468
22,-0.3999999999999977,-2.4999999999999996,43,13,-2.0,-0.01185165765846985,0.6923076923076923,-0.0008420793188906018,3.076923076923077,-0.04541877459246779,-8.080000000000013,0.03356711693399794,5469
22,-0.3999999999999977,-2.3999999999999995,43,13,-2.0,-0.01185165765846985,0.6923076923076923,-0.0008420793188906018,3.076923076923077,-0.04541877459246779,-8.080000000000013,0.03356711693399794,5470
22,-0.3999999999999977,-2.2999999999999994,43,13,-2.0,-0.01185165765846985,0.6923076923076923,-0.0008420793188906018,3.076923076923077,-0.04541877459246779,-8.080000000000013,0.03356711693399794,5471
22,-0.3999999999999977,-2.1999999999999993,43,13,-2.0,-0.01185165765846985,0.6923076923076923,-0.0008420793188906018,3.076923076923077,-0.04541877459246779,-8.080000000000013,0.03356711693399794,5472
22,-0.3999999999999977,-2.099999999999999,43,13,-2.0,-0.01185165765846985,0.6923076923076923,-0.0008420793188906018,3.076923076923077,-0.04541877459246779,-8.080000000000013,0.03356711693399794,5473
22,-0.3999999999999977,-1.9999999999999991,43,13,-2.0,-0.01185165765846985,0.6923076923076923,-0.0008420793188906018,3.076923076923077,-0.04541877459246779,-8.080000000000013,0.03356711693399794,5474
22,-0.3999999999999977,-1.899999999999999,43,13,-2.0,-0.01185165765846985,0.6923076923076923,-0.0008420793188906018,3.076923076923077,-0.04541877459246779,-8.080000000000013,0.03356711693399794,5475
22,-0.3999999999999977,-1.799999999999999,43,13,-2.0,-0.01185165765846985,0.6923076923076923,-0.0008420793188906018,3.076923076923077,-0.04541877459246779,-8.080000000000013,0.03356711693399794,5476
22,-0.3999999999999977,-1.6999999999999988,43,13,-2.0,-0.01185165765846985,0.6923076923076923,-0.0008420793188906018,3.076923076923077,-0.04541877459246779,-8.080000000000013,0.03356711693399794,5477
22,-0.3999999999999977,-1.5999999999999988,43,13,-2.0,-0.01185165765846985,0.6923076923076923,-0.0008420793188906018,3.076923076923077,-0.04541877459246779,-8.080000000000013,0.03356711693399794,5478
22,-0.3999999999999977,-1.4999999999999987,43,13,-2.0,-0.01185165765846985,0.6923076923076923,-0.0008420793188906018,3.076923076923077,-0.04541877459246779,-8.080000000000013,0.03356711693399794,5479
22,-0.3999999999999977,-1.3999999999999986,43,13,-2.0,-0.01185165765846985,0.6923076923076923,-0.0008420793188906018,3.076923076923077,-0.04541877459246779,-8.080000000000013,0.03356711693399794,5480
22,-0.3999999999999977,-1.2999999999999985,43,13,-2.0,-0.01185165765846985,0.6923076923076923,-0.0008420793188906018,3.076923076923077,-0.04541877459246779,-8.080000000000013,0.03356711693399794,5481
22,-0.3999999999999977,-1.1999999999999984,43,13,-2.0,-0.01185165765846985,0.6923076923076923,-0.0008420793188906018,3.076923076923077,-0.04541877459246779,-8.080000000000013,0.03356711693399794,5482
22,-0.2999999999999976,-3.0,43,13,-2.0,-0.01185165765846985,0.6923076923076923,-0.0008420793188906018,3.076923076923077,-0.04541877459246779,-8.080000000000013,0.03356711693399794,5483
22,-0.2999999999999976,-2.9,43,13,-2.0,-0.01185165765846985,0.6923076923076923,-0.0008420793188906018,3.076923076923077,-0.04541877459246779,-8.080000000000013,0.03356711693399794,5484
22,-0.2999999999999976,-2.8,43,13,-2.0,-0.01185165765846985,0.6923076923076923,-0.0008420793188906018,3.076923076923077,-0.04541877459246779,-8.080000000000013,0.03356711693399794,5485
22,-0.2999999999999976,-2.6999999999999997,43,13,-2.0,-0.01185165765846985,0.6923076923076923,-0.0008420793188906018,3.076923076923077,-0.04541877459246779,-8.080000000000013,0.03356711693399794,5486
22,-0.2999999999999976,-2.5999999999999996,43,13,-2.0,-0.01185165765846985,0.6923076923076923,-0.0008420793188906018,3.076923076923077,-0.04541877459246779,-8.080000000000013,0.03356711693399794,5487
22,-0.2999999999999976,-2.4999999999999996,43,13,-2.0,-0.01185165765846985,0.6923076923076923,-0.0008420793188906018,3.076923076923077,-0.04541877459246779,-8.080000000000013,0.03356711693399794,5488
22,-0.2999999999999976,-2.3999999999999995,43,13,-2.0,-0.01185165765846985,0.6923076923076923,-0.0008420793188906018,3.076923076923077,-0.04541877459246779,-8.080000000000013,0.03356711693399794,5489
22,-0.2999999999999976,-2.2999999999999994,43,13,-2.0,-0.01185165765846985,0.6923076923076923,-0.0008420793188906018,3.076923076923077,-0.04541877459246779,-8.080000000000013,0.03356711693399794,5490
22,-0.2999999999999976,-2.1999999999999993,43,13,-2.0,-0.01185165765846985,0.6923076923076923,-0.0008420793188906018,3.076923076923077,-0.04541877459246779,-8.080000000000013,0.03356711693399794,5491
22,-0.2999999999999976,-2.099999999999999,43,13,-2.0,-0.01185165765846985,0.6923076923076923,-0.0008420793188906018,3.076923076923077,-0.04541877459246779,-8.080000000000013,0.03356711693399794,5492
22,-0.2999999999999976,-1.9999999999999991,43,13,-2.0,-0.01185165765846985,0.6923076923076923,-0.0008420793188906018,3.076923076923077,-0.04541877459246779,-8.080000000000013,0.03356711693399794,5493
22,-0.2999999999999976,-1.899999999999999,43,13,-2.0,-0.01185165765846985,0.6923076923076923,-0.0008420793188906018,3.076923076923077,-0.04541877459246779,-8.080000000000013,0.03356711693399794,5494
22,-0.2999999999999976,-1.799999999999999,43,13,-2.0,-0.01185165765846985,0.6923076923076923,-0.0008420793188906018,3.076923076923077,-0.04541877459246779,-8.080000000000013,0.03356711693399794,5495
22,-0.2999999999999976,-1.6999999999999988,43,13,-2.0,-0.01185165765846985,0.6923076923076923,-0.0008420793188906018,3.076923076923077,-0.04541877459246779,-8.080000000000013,0.03356711693399794,5496
22,-0.2999999999999976,-1.5999999999999988,43,13,-2.0,-0.01185165765846985,0.6923076923076923,-0.0008420793188906018,3.076923076923077,-0.04541877459246779,-8.080000000000013,0.03356711693399794,5497
22,-0.2999999999999976,-1.4999999999999987,43,13,-2.0,-0.01185165765846985,0.6923076923076923,-0.0008420793188906018,3.076923076923077,-0.04541877459246779,-8.080000000000013,0.03356711693399794,5498
22,-0.2999999999999976,-1.3999999999999986,43,13,-2.0,-0.01185165765846985,0.6923076923076923,-0.0008420793188906018,3.076923076923077,-0.04541877459246779,-8.080000000000013,0.03356711693399794,5499
22,-0.2999999999999976,-1.2999999999999985,43,13,-2.0,-0.01185165765846985,0.6923076923076923,-0.0008420793188906018,3.076923076923077,-0.04541877459246779,-8.080000000000013,0.03356711693399794,5500
22,-0.2999999999999976,-1.1999999999999984,43,13,-2.0,-0.01185165765846985,0.6923076923076923,-0.0008420793188906018,3.076923076923077,-0.04541877459246779,-8.080000000000013,0.03356711693399794,5501
22,-1.5999999999999988,-0.799999999999998,43,14,-2.100000000000051,-0.01195508290646663,0.5714285714285714,-0.0008131875021183796,1.7857142857142858,-0.04541877459246779,-8.080000000000013,0.03346369168600116,5502
22,0.400000000000003,-0.3999999999999977,43,3,-2.080000000000041,-0.011988651207173517,0.6666666666666666,-0.003876629605259141,13.0,-0.04541877459246779,-8.080000000000013,0.033430123385294275,5503
22,0.5000000000000031,-0.3999999999999977,43,3,-2.080000000000041,-0.011988651207173517,0.6666666666666666,-0.003876629605259141,13.0,-0.04541877459246779,-8.080000000000013,0.033430123385294275,5504
5,0.5000000000000031,0.6000000000000032,60,5,-2.0600000000000307,-0.012006015593902464,0.6,-0.0020756636495655512,6.8,-0.0014112666117841455,-0.2400000000000091,-0.010594748982118318,5505
5,0.5000000000000031,0.7000000000000033,60,5,-2.0600000000000307,-0.012006015593902464,0.6,-0.0020756636495655512,6.8,-0.0014112666117841455,-0.2400000000000091,-0.010594748982118318,5506
5,0.5000000000000031,0.8000000000000034,60,5,-2.0600000000000307,-0.012006015593902464,0.6,-0.0020756636495655512,6.8,-0.0014112666117841455,-0.2400000000000091,-0.010594748982118318,5507
5,0.5000000000000031,0.9000000000000035,60,5,-2.0600000000000307,-0.012006015593902464,0.6,-0.0020756636495655512,6.8,-0.0014112666117841455,-0.2400000000000091,-0.010594748982118318,5508
22,-0.1999999999999975,-0.699999999999998,43,8,-2.0500000000000114,-0.012029162345325473,0.625,-0.00139039787343255,4.75,-0.04541877459246779,-8.080000000000013,0.03338961224714232,5509
22,-0.1999999999999975,-0.5999999999999979,43,8,-2.0500000000000114,-0.012029162345325473,0.625,-0.00139039787343255,4.75,-0.04541877459246779,-8.080000000000013,0.03338961224714232,5510
10,-0.699999999999998,-3.0,55,21,-1.9399999999999977,-0.012030992084957726,0.7142857142857143,-0.0004979995300751904,2.0952380952380953,-0.007654999123473449,-1.3100000000000023,-0.004375992961484276,5511
10,-0.699999999999998,-2.9,55,21,-1.9399999999999977,-0.012030992084957726,0.7142857142857143,-0.0004979995300751904,2.0952380952380953,-0.007654999123473449,-1.3100000000000023,-0.004375992961484276,5512
10,-0.699999999999998,-2.8,55,21,-1.9399999999999977,-0.012030992084957726,0.7142857142857143,-0.0004979995300751904,2.0952380952380953,-0.007654999123473449,-1.3100000000000023,-0.004375992961484276,5513
10,-0.699999999999998,-2.6999999999999997,55,21,-1.9399999999999977,-0.012030992084957726,0.7142857142857143,-0.0004979995300751904,2.0952380952380953,-0.007654999123473449,-1.3100000000000023,-0.004375992961484276,5514
10,-0.699999999999998,-2.5999999999999996,55,21,-1.9399999999999977,-0.012030992084957726,0.7142857142857143,-0.0004979995300751904,2.0952380952380953,-0.007654999123473449,-1.3100000000000023,-0.004375992961484276,5515
10,-0.699999999999998,-2.4999999999999996,55,21,-1.9399999999999977,-0.012030992084957726,0.7142857142857143,-0.0004979995300751904,2.0952380952380953,-0.007654999123473449,-1.3100000000000023,-0.004375992961484276,5516
10,-3.0,1.600000000000004,55,4,-2.0100000000000477,-0.01203582249755264,0.5,-0.0028717912702007076,1.5,-0.007654999123473449,-1.3100000000000023,-0.00438082337407919,5517
10,-3.0,1.7000000000000046,55,4,-2.0100000000000477,-0.01203582249755264,0.5,-0.0028717912702007076,1.5,-0.007654999123473449,-1.3100000000000023,-0.00438082337407919,5518
10,-2.9,1.600000000000004,55,4,-2.0100000000000477,-0.01203582249755264,0.5,-0.0028717912702007076,1.5,-0.007654999123473449,-1.3100000000000023,-0.00438082337407919,5519
10,-2.9,1.7000000000000046,55,4,-2.0100000000000477,-0.01203582249755264,0.5,-0.0028717912702007076,1.5,-0.007654999123473449,-1.3100000000000023,-0.00438082337407919,5520
10,-2.8,1.600000000000004,55,4,-2.0100000000000477,-0.01203582249755264,0.5,-0.0028717912702007076,1.5,-0.007654999123473449,-1.3100000000000023,-0.00438082337407919,5521
10,-2.8,1.7000000000000046,55,4,-2.0100000000000477,-0.01203582249755264,0.5,-0.0028717912702007076,1.5,-0.007654999123473449,-1.3100000000000023,-0.00438082337407919,5522
10,-2.6999999999999997,1.600000000000004,55,4,-2.0100000000000477,-0.01203582249755264,0.5,-0.0028717912702007076,1.5,-0.007654999123473449,-1.3100000000000023,-0.00438082337407919,5523
10,-2.6999999999999997,1.7000000000000046,55,4,-2.0100000000000477,-0.01203582249755264,0.5,-0.0028717912702007076,1.5,-0.007654999123473449,-1.3100000000000023,-0.00438082337407919,5524
10,-2.5999999999999996,1.600000000000004,55,4,-2.0100000000000477,-0.01203582249755264,0.5,-0.0028717912702007076,1.5,-0.007654999123473449,-1.3100000000000023,-0.00438082337407919,5525
10,-2.5999999999999996,1.7000000000000046,55,4,-2.0100000000000477,-0.01203582249755264,0.5,-0.0028717912702007076,1.5,-0.007654999123473449,-1.3100000000000023,-0.00438082337407919,5526
10,-2.4999999999999996,1.600000000000004,55,4,-2.0100000000000477,-0.01203582249755264,0.5,-0.0028717912702007076,1.5,-0.007654999123473449,-1.3100000000000023,-0.00438082337407919,5527
10,-2.4999999999999996,1.7000000000000046,55,4,-2.0100000000000477,-0.01203582249755264,0.5,-0.0028717912702007076,1.5,-0.007654999123473449,-1.3100000000000023,-0.00438082337407919,5528
5,0.6000000000000032,0.6000000000000032,60,5,-2.0700000000000216,-0.012065322514150156,0.6,-0.0020870440979552153,7.4,-0.0014112666117841455,-0.2400000000000091,-0.01065405590236601,5529
5,0.6000000000000032,0.7000000000000033,60,5,-2.0700000000000216,-0.012065322514150156,0.6,-0.0020870440979552153,7.4,-0.0014112666117841455,-0.2400000000000091,-0.01065405590236601,5530
5,0.6000000000000032,0.8000000000000034,60,5,-2.0700000000000216,-0.012065322514150156,0.6,-0.0020870440979552153,7.4,-0.0014112666117841455,-0.2400000000000091,-0.01065405590236601,5531
5,0.6000000000000032,0.9000000000000035,60,5,-2.0700000000000216,-0.012065322514150156,0.6,-0.0020870440979552153,7.4,-0.0014112666117841455,-0.2400000000000091,-0.01065405590236601,5532
5,0.7000000000000033,0.6000000000000032,60,5,-2.0700000000000216,-0.012065322514150156,0.6,-0.0020870440979552153,7.4,-0.0014112666117841455,-0.2400000000000091,-0.01065405590236601,5533
5,0.7000000000000033,0.7000000000000033,60,5,-2.0700000000000216,-0.012065322514150156,0.6,-0.0020870440979552153,7.4,-0.0014112666117841455,-0.2400000000000091,-0.01065405590236601,5534
5,0.7000000000000033,0.8000000000000034,60,5,-2.0700000000000216,-0.012065322514150156,0.6,-0.0020870440979552153,7.4,-0.0014112666117841455,-0.2400000000000091,-0.01065405590236601,5535
5,0.7000000000000033,0.9000000000000035,60,5,-2.0700000000000216,-0.012065322514150156,0.6,-0.0020870440979552153,7.4,-0.0014112666117841455,-0.2400000000000091,-0.01065405590236601,5536
5,0.8000000000000034,0.6000000000000032,60,5,-2.0700000000000216,-0.012065322514150156,0.6,-0.0020870440979552153,7.4,-0.0014112666117841455,-0.2400000000000091,-0.01065405590236601,5537
5,0.8000000000000034,0.7000000000000033,60,5,-2.0700000000000216,-0.012065322514150156,0.6,-0.0020870440979552153,7.4,-0.0014112666117841455,-0.2400000000000091,-0.01065405590236601,5538
5,0.8000000000000034,0.8000000000000034,60,5,-2.0700000000000216,-0.012065322514150156,0.6,-0.0020870440979552153,7.4,-0.0014112666117841455,-0.2400000000000091,-0.01065405590236601,5539
5,0.8000000000000034,0.9000000000000035,60,5,-2.0700000000000216,-0.012065322514150156,0.6,-0.0020870440979552153,7.4,-0.0014112666117841455,-0.2400000000000091,-0.01065405590236601,5540
5,0.9000000000000035,0.6000000000000032,60,5,-2.0700000000000216,-0.012065322514150156,0.6,-0.0020870440979552153,7.4,-0.0014112666117841455,-0.2400000000000091,-0.01065405590236601,5541
5,0.9000000000000035,0.7000000000000033,60,5,-2.0700000000000216,-0.012065322514150156,0.6,-0.0020870440979552153,7.4,-0.0014112666117841455,-0.2400000000000091,-0.01065405590236601,5542
5,0.9000000000000035,0.8000000000000034,60,5,-2.0700000000000216,-0.012065322514150156,0.6,-0.0020870440979552153,7.4,-0.0014112666117841455,-0.2400000000000091,-0.01065405590236601,5543
5,0.9000000000000035,0.9000000000000035,60,5,-2.0700000000000216,-0.012065322514150156,0.6,-0.0020870440979552153,7.4,-0.0014112666117841455,-0.2400000000000091,-0.01065405590236601,5544
10,-1.6999999999999988,-1.1999999999999984,55,18,-1.9099999999999966,-0.012102128694532865,0.6666666666666666,-0.0005873710362783539,1.6111111111111112,-0.007654999123473449,-1.3100000000000023,-0.004447129571059416,5545
10,-1.5999999999999988,-1.1999999999999984,55,18,-1.9099999999999966,-0.012102128694532865,0.6666666666666666,-0.0005873710362783539,1.6111111111111112,-0.007654999123473449,-1.3100000000000023,-0.004447129571059416,5546
10,-1.4999999999999987,-1.1999999999999984,55,18,-1.9099999999999966,-0.012102128694532865,0.6666666666666666,-0.0005873710362783539,1.6111111111111112,-0.007654999123473449,-1.3100000000000023,-0.004447129571059416,5547
10,-1.3999999999999986,-1.1999999999999984,55,18,-1.9099999999999966,-0.012102128694532865,0.6666666666666666,-0.0005873710362783539,1.6111111111111112,-0.007654999123473449,-1.3100000000000023,-0.004447129571059416,5548
10,-1.2999999999999985,-1.1999999999999984,55,18,-1.9099999999999966,-0.012102128694532865,0.6666666666666666,-0.0005873710362783539,1.6111111111111112,-0.007654999123473449,-1.3100000000000023,-0.004447129571059416,5549
10,-1.1999999999999984,-1.1999999999999984,55,18,-1.9099999999999966,-0.012102128694532865,0.6666666666666666,-0.0005873710362783539,1.6111111111111112,-0.007654999123473449,-1.3100000000000023,-0.004447129571059416,5550
5,0.5000000000000031,0.10000000000000275,60,5,-2.080000000000041,-0.012122654987610781,0.6,-0.00209926106757814,7.6,-0.0014112666117841455,-0.2400000000000091,-0.010711388375826636,5551
5,0.5000000000000031,0.20000000000000284,60,5,-2.080000000000041,-0.012122654987610781,0.6,-0.00209926106757814,7.6,-0.0014112666117841455,-0.2400000000000091,-0.010711388375826636,5552
5,0.5000000000000031,0.30000000000000293,60,5,-2.080000000000041,-0.012122654987610781,0.6,-0.00209926106757814,7.6,-0.0014112666117841455,-0.2400000000000091,-0.010711388375826636,5553
5,0.5000000000000031,0.400000000000003,60,5,-2.080000000000041,-0.012122654987610781,0.6,-0.00209926106757814,7.6,-0.0014112666117841455,-0.2400000000000091,-0.010711388375826636,5554
5,0.5000000000000031,0.5000000000000031,60,5,-2.080000000000041,-0.012122654987610781,0.6,-0.00209926106757814,7.6,-0.0014112666117841455,-0.2400000000000091,-0.010711388375826636,5555
10,-1.6999999999999988,-0.9999999999999982,55,16,-1.9800000000000182,-0.012130834456276496,0.625,-0.0006616341108969179,1.6875,-0.007654999123473449,-1.3100000000000023,-0.0044758353328030465,5556
10,-1.5999999999999988,-0.9999999999999982,55,16,-1.9800000000000182,-0.012130834456276496,0.625,-0.0006616341108969179,1.6875,-0.007654999123473449,-1.3100000000000023,-0.0044758353328030465,5557
10,-1.4999999999999987,-0.9999999999999982,55,16,-1.9800000000000182,-0.012130834456276496,0.625,-0.0006616341108969179,1.6875,-0.007654999123473449,-1.3100000000000023,-0.0044758353328030465,5558
10,-1.3999999999999986,-0.9999999999999982,55,16,-1.9800000000000182,-0.012130834456276496,0.625,-0.0006616341108969179,1.6875,-0.007654999123473449,-1.3100000000000023,-0.0044758353328030465,5559
10,-1.2999999999999985,-0.9999999999999982,55,16,-1.9800000000000182,-0.012130834456276496,0.625,-0.0006616341108969179,1.6875,-0.007654999123473449,-1.3100000000000023,-0.0044758353328030465,5560
10,-1.1999999999999984,-0.9999999999999982,55,16,-1.9800000000000182,-0.012130834456276496,0.625,-0.0006616341108969179,1.6875,-0.007654999123473449,-1.3100000000000023,-0.0044758353328030465,5561
5,0.6000000000000032,0.10000000000000275,60,5,-2.090000000000032,-0.012181954906274162,0.6,-0.002110641515967804,8.2,-0.0014112666117841455,-0.2400000000000091,-0.010770688294490016,5562
5,0.6000000000000032,0.20000000000000284,60,5,-2.090000000000032,-0.012181954906274162,0.6,-0.002110641515967804,8.2,-0.0014112666117841455,-0.2400000000000091,-0.010770688294490016,5563
5,0.6000000000000032,0.30000000000000293,60,5,-2.090000000000032,-0.012181954906274162,0.6,-0.002110641515967804,8.2,-0.0014112666117841455,-0.2400000000000091,-0.010770688294490016,5564
5,0.6000000000000032,0.400000000000003,60,5,-2.090000000000032,-0.012181954906274162,0.6,-0.002110641515967804,8.2,-0.0014112666117841455,-0.2400000000000091,-0.010770688294490016,5565
5,0.6000000000000032,0.5000000000000031,60,5,-2.090000000000032,-0.012181954906274162,0.6,-0.002110641515967804,8.2,-0.0014112666117841455,-0.2400000000000091,-0.010770688294490016,5566
5,0.7000000000000033,0.10000000000000275,60,5,-2.090000000000032,-0.012181954906274162,0.6,-0.002110641515967804,8.2,-0.0014112666117841455,-0.2400000000000091,-0.010770688294490016,5567
5,0.7000000000000033,0.20000000000000284,60,5,-2.090000000000032,-0.012181954906274162,0.6,-0.002110641515967804,8.2,-0.0014112666117841455,-0.2400000000000091,-0.010770688294490016,5568
5,0.7000000000000033,0.30000000000000293,60,5,-2.090000000000032,-0.012181954906274162,0.6,-0.002110641515967804,8.2,-0.0014112666117841455,-0.2400000000000091,-0.010770688294490016,5569
5,0.7000000000000033,0.400000000000003,60,5,-2.090000000000032,-0.012181954906274162,0.6,-0.002110641515967804,8.2,-0.0014112666117841455,-0.2400000000000091,-0.010770688294490016,5570
5,0.7000000000000033,0.5000000000000031,60,5,-2.090000000000032,-0.012181954906274162,0.6,-0.002110641515967804,8.2,-0.0014112666117841455,-0.2400000000000091,-0.010770688294490016,5571
5,0.8000000000000034,0.10000000000000275,60,5,-2.090000000000032,-0.012181954906274162,0.6,-0.002110641515967804,8.2,-0.0014112666117841455,-0.2400000000000091,-0.010770688294490016,5572
5,0.8000000000000034,0.20000000000000284,60,5,-2.090000000000032,-0.012181954906274162,0.6,-0.002110641515967804,8.2,-0.0014112666117841455,-0.2400000000000091,-0.010770688294490016,5573
5,0.8000000000000034,0.30000000000000293,60,5,-2.090000000000032,-0.012181954906274162,0.6,-0.002110641515967804,8.2,-0.0014112666117841455,-0.2400000000000091,-0.010770688294490016,5574
5,0.8000000000000034,0.400000000000003,60,5,-2.090000000000032,-0.012181954906274162,0.6,-0.002110641515967804,8.2,-0.0014112666117841455,-0.2400000000000091,-0.010770688294490016,5575
5,0.8000000000000034,0.5000000000000031,60,5,-2.090000000000032,-0.012181954906274162,0.6,-0.002110641515967804,8.2,-0.0014112666117841455,-0.2400000000000091,-0.010770688294490016,5576
5,0.9000000000000035,0.10000000000000275,60,5,-2.090000000000032,-0.012181954906274162,0.6,-0.002110641515967804,8.2,-0.0014112666117841455,-0.2400000000000091,-0.010770688294490016,5577
5,0.9000000000000035,0.20000000000000284,60,5,-2.090000000000032,-0.012181954906274162,0.6,-0.002110641515967804,8.2,-0.0014112666117841455,-0.2400000000000091,-0.010770688294490016,5578
5,0.9000000000000035,0.30000000000000293,60,5,-2.090000000000032,-0.012181954906274162,0.6,-0.002110641515967804,8.2,-0.0014112666117841455,-0.2400000000000091,-0.010770688294490016,5579
5,0.9000000000000035,0.400000000000003,60,5,-2.090000000000032,-0.012181954906274162,0.6,-0.002110641515967804,8.2,-0.0014112666117841455,-0.2400000000000091,-0.010770688294490016,5580
5,0.9000000000000035,0.5000000000000031,60,5,-2.090000000000032,-0.012181954906274162,0.6,-0.002110641515967804,8.2,-0.0014112666117841455,-0.2400000000000091,-0.010770688294490016,5581
10,-1.6999999999999988,-2.3999999999999995,55,24,-1.9600000000000364,-0.012253631502816775,0.5833333333333334,-0.00044517748957726794,1.75,-0.007654999123473449,-1.3100000000000023,-0.004598632379343326,5582
10,-1.6999999999999988,-2.2999999999999994,55,24,-1.9600000000000364,-0.012253631502816775,0.5833333333333334,-0.00044517748957726794,1.75,-0.007654999123473449,-1.3100000000000023,-0.004598632379343326,5583
10,-1.6999999999999988,-2.1999999999999993,55,24,-1.9600000000000364,-0.012253631502816775,0.5833333333333334,-0.00044517748957726794,1.75,-0.007654999123473449,-1.3100000000000023,-0.004598632379343326,5584
10,-1.6999999999999988,-2.099999999999999,55,24,-1.9600000000000364,-0.012253631502816775,0.5833333333333334,-0.00044517748957726794,1.75,-0.007654999123473449,-1.3100000000000023,-0.004598632379343326,5585
10,-1.6999999999999988,-1.9999999999999991,55,24,-1.9600000000000364,-0.012253631502816775,0.5833333333333334,-0.00044517748957726794,1.75,-0.007654999123473449,-1.3100000000000023,-0.004598632379343326,5586
10,-1.5999999999999988,-2.3999999999999995,55,24,-1.9600000000000364,-0.012253631502816775,0.5833333333333334,-0.00044517748957726794,1.75,-0.007654999123473449,-1.3100000000000023,-0.004598632379343326,5587
10,-1.5999999999999988,-2.2999999999999994,55,24,-1.9600000000000364,-0.012253631502816775,0.5833333333333334,-0.00044517748957726794,1.75,-0.007654999123473449,-1.3100000000000023,-0.004598632379343326,5588
10,-1.5999999999999988,-2.1999999999999993,55,24,-1.9600000000000364,-0.012253631502816775,0.5833333333333334,-0.00044517748957726794,1.75,-0.007654999123473449,-1.3100000000000023,-0.004598632379343326,5589
10,-1.5999999999999988,-2.099999999999999,55,24,-1.9600000000000364,-0.012253631502816775,0.5833333333333334,-0.00044517748957726794,1.75,-0.007654999123473449,-1.3100000000000023,-0.004598632379343326,5590
10,-1.5999999999999988,-1.9999999999999991,55,24,-1.9600000000000364,-0.012253631502816775,0.5833333333333334,-0.00044517748957726794,1.75,-0.007654999123473449,-1.3100000000000023,-0.004598632379343326,5591
10,-1.4999999999999987,-2.3999999999999995,55,24,-1.9600000000000364,-0.012253631502816775,0.5833333333333334,-0.00044517748957726794,1.75,-0.007654999123473449,-1.3100000000000023,-0.004598632379343326,5592
10,-1.4999999999999987,-2.2999999999999994,55,24,-1.9600000000000364,-0.012253631502816775,0.5833333333333334,-0.00044517748957726794,1.75,-0.007654999123473449,-1.3100000000000023,-0.004598632379343326,5593
10,-1.4999999999999987,-2.1999999999999993,55,24,-1.9600000000000364,-0.012253631502816775,0.5833333333333334,-0.00044517748957726794,1.75,-0.007654999123473449,-1.3100000000000023,-0.004598632379343326,5594
10,-1.4999999999999987,-2.099999999999999,55,24,-1.9600000000000364,-0.012253631502816775,0.5833333333333334,-0.00044517748957726794,1.75,-0.007654999123473449,-1.3100000000000023,-0.004598632379343326,5595
10,-1.4999999999999987,-1.9999999999999991,55,24,-1.9600000000000364,-0.012253631502816775,0.5833333333333334,-0.00044517748957726794,1.75,-0.007654999123473449,-1.3100000000000023,-0.004598632379343326,5596
10,-1.3999999999999986,-2.3999999999999995,55,24,-1.9600000000000364,-0.012253631502816775,0.5833333333333334,-0.00044517748957726794,1.75,-0.007654999123473449,-1.3100000000000023,-0.004598632379343326,5597
10,-1.3999999999999986,-2.2999999999999994,55,24,-1.9600000000000364,-0.012253631502816775,0.5833333333333334,-0.00044517748957726794,1.75,-0.007654999123473449,-1.3100000000000023,-0.004598632379343326,5598
10,-1.3999999999999986,-2.1999999999999993,55,24,-1.9600000000000364,-0.012253631502816775,0.5833333333333334,-0.00044517748957726794,1.75,-0.007654999123473449,-1.3100000000000023,-0.004598632379343326,5599
10,-1.3999999999999986,-2.099999999999999,55,24,-1.9600000000000364,-0.012253631502816775,0.5833333333333334,-0.00044517748957726794,1.75,-0.007654999123473449,-1.3100000000000023,-0.004598632379343326,5600
10,-1.3999999999999986,-1.9999999999999991,55,24,-1.9600000000000364,-0.012253631502816775,0.5833333333333334,-0.00044517748957726794,1.75,-0.007654999123473449,-1.3100000000000023,-0.004598632379343326,5601
10,-0.699999999999998,-1.1999999999999984,55,14,-1.9599999999999795,-0.012254186200790551,0.7142857142857143,-0.000764956810937031,2.5,-0.007654999123473449,-1.3100000000000023,-0.004599187077317102,5602
10,-0.699999999999998,-0.9999999999999982,55,12,-2.030000000000001,-0.012282887544135646,0.6666666666666666,-0.0008935718728715625,2.75,-0.007654999123473449,-1.3100000000000023,-0.004627888420662196,5603
10,-0.09999999999999742,-2.3999999999999995,55,16,-1.9300000000000068,-0.012299601827821305,0.625,-0.0006587247773423149,3.375,-0.007654999123473449,-1.3100000000000023,-0.0046446027043478555,5604
10,-0.09999999999999742,-2.2999999999999994,55,16,-1.9300000000000068,-0.012299601827821305,0.625,-0.0006587247773423149,3.375,-0.007654999123473449,-1.3100000000000023,-0.0046446027043478555,5605
10,-0.09999999999999742,-2.1999999999999993,55,16,-1.9300000000000068,-0.012299601827821305,0.625,-0.0006587247773423149,3.375,-0.007654999123473449,-1.3100000000000023,-0.0046446027043478555,5606
10,-0.09999999999999742,-2.099999999999999,55,16,-1.9300000000000068,-0.012299601827821305,0.625,-0.0006587247773423149,3.375,-0.007654999123473449,-1.3100000000000023,-0.0046446027043478555,5607
10,-0.09999999999999742,-1.9999999999999991,55,16,-1.9300000000000068,-0.012299601827821305,0.625,-0.0006587247773423149,3.375,-0.007654999123473449,-1.3100000000000023,-0.0046446027043478555,5608
10,2.6645352591003757e-15,-2.3999999999999995,55,16,-1.9300000000000068,-0.012299601827821305,0.625,-0.0006587247773423149,3.375,-0.007654999123473449,-1.3100000000000023,-0.0046446027043478555,5609
10,2.6645352591003757e-15,-2.2999999999999994,55,16,-1.9300000000000068,-0.012299601827821305,0.625,-0.0006587247773423149,3.375,-0.007654999123473449,-1.3100000000000023,-0.0046446027043478555,5610
10,2.6645352591003757e-15,-2.1999999999999993,55,16,-1.9300000000000068,-0.012299601827821305,0.625,-0.0006587247773423149,3.375,-0.007654999123473449,-1.3100000000000023,-0.0046446027043478555,5611
10,2.6645352591003757e-15,-2.099999999999999,55,16,-1.9300000000000068,-0.012299601827821305,0.625,-0.0006587247773423149,3.375,-0.007654999123473449,-1.3100000000000023,-0.0046446027043478555,5612
10,2.6645352591003757e-15,-1.9999999999999991,55,16,-1.9300000000000068,-0.012299601827821305,0.625,-0.0006587247773423149,3.375,-0.007654999123473449,-1.3100000000000023,-0.0046446027043478555,5613
10,0.10000000000000275,-2.3999999999999995,55,16,-1.9300000000000068,-0.012299601827821305,0.625,-0.0006587247773423149,3.375,-0.007654999123473449,-1.3100000000000023,-0.0046446027043478555,5614
10,0.10000000000000275,-2.2999999999999994,55,16,-1.9300000000000068,-0.012299601827821305,0.625,-0.0006587247773423149,3.375,-0.007654999123473449,-1.3100000000000023,-0.0046446027043478555,5615
10,0.10000000000000275,-2.1999999999999993,55,16,-1.9300000000000068,-0.012299601827821305,0.625,-0.0006587247773423149,3.375,-0.007654999123473449,-1.3100000000000023,-0.0046446027043478555,5616
10,0.10000000000000275,-2.099999999999999,55,16,-1.9300000000000068,-0.012299601827821305,0.625,-0.0006587247773423149,3.375,-0.007654999123473449,-1.3100000000000023,-0.0046446027043478555,5617
10,0.10000000000000275,-1.9999999999999991,55,16,-1.9300000000000068,-0.012299601827821305,0.625,-0.0006587247773423149,3.375,-0.007654999123473449,-1.3100000000000023,-0.0046446027043478555,5618
5,-0.2999999999999976,-0.9999999999999982,60,13,-2.0300000000000296,-0.012304768685508782,0.7692307692307693,-0.0008215226006586401,2.923076923076923,-0.0014112666117841455,-0.2400000000000091,-0.010893502073724637,5619
5,-0.2999999999999976,-0.8999999999999981,60,13,-2.0300000000000296,-0.012304768685508782,0.7692307692307693,-0.0008215226006586401,2.923076923076923,-0.0014112666117841455,-0.2400000000000091,-0.010893502073724637,5620
10,-0.8999999999999981,-1.3999999999999986,55,15,-2.059999999999974,-0.01233173692979539,0.7333333333333333,-0.0007102998908685783,2.533333333333333,-0.007654999123473449,-1.3100000000000023,-0.00467673780632194,5621
10,-0.8999999999999981,-1.2999999999999985,55,15,-2.059999999999974,-0.01233173692979539,0.7333333333333333,-0.0007102998908685783,2.533333333333333,-0.007654999123473449,-1.3100000000000023,-0.00467673780632194,5622
10,-0.799999999999998,-1.3999999999999986,55,15,-2.059999999999974,-0.01233173692979539,0.7333333333333333,-0.0007102998908685783,2.533333333333333,-0.007654999123473449,-1.3100000000000023,-0.00467673780632194,5623
10,-0.799999999999998,-1.2999999999999985,55,15,-2.059999999999974,-0.01233173692979539,0.7333333333333333,-0.0007102998908685783,2.533333333333333,-0.007654999123473449,-1.3100000000000023,-0.00467673780632194,5624
5,1.1000000000000032,-1.3999999999999986,60,10,-2.0999999999999943,-0.012357295483547914,0.8,-0.001088080308369277,5.7,-0.0014112666117841455,-0.2400000000000091,-0.010946028871763769,5625
10,-0.699999999999998,-1.9999999999999991,55,20,-1.9900000000000375,-0.012397883323827519,0.6,-0.000538399657091243,2.1,-0.007654999123473449,-1.3100000000000023,-0.0047428842003540694,5626
5,-0.1999999999999975,2.6645352591003757e-15,60,7,-2.07000000000005,-0.012443920575477385,0.7142857142857143,-0.0015321749458738923,4.857142857142857,-0.0014112666117841455,-0.2400000000000091,-0.01103265396369324,5627
5,-0.09999999999999742,2.6645352591003757e-15,60,7,-2.07000000000005,-0.012443920575477385,0.7142857142857143,-0.0015321749458738923,4.857142857142857,-0.0014112666117841455,-0.2400000000000091,-0.01103265396369324,5628
5,2.6645352591003757e-15,2.6645352591003757e-15,60,7,-2.07000000000005,-0.012443920575477385,0.7142857142857143,-0.0015321749458738923,4.857142857142857,-0.0014112666117841455,-0.2400000000000091,-0.01103265396369324,5629
5,0.10000000000000275,2.6645352591003757e-15,60,7,-2.07000000000005,-0.012443920575477385,0.7142857142857143,-0.0015321749458738923,4.857142857142857,-0.0014112666117841455,-0.2400000000000091,-0.01103265396369324,5630
22,-0.09999999999999742,-3.0,43,12,-2.109999999999985,-0.0124957458171423,0.6666666666666666,-0.0009755763726629618,3.4166666666666665,-0.04541877459246779,-8.080000000000013,0.03292302877532549,5631
22,-0.09999999999999742,-2.9,43,12,-2.109999999999985,-0.0124957458171423,0.6666666666666666,-0.0009755763726629618,3.4166666666666665,-0.04541877459246779,-8.080000000000013,0.03292302877532549,5632
22,-0.09999999999999742,-2.8,43,12,-2.109999999999985,-0.0124957458171423,0.6666666666666666,-0.0009755763726629618,3.4166666666666665,-0.04541877459246779,-8.080000000000013,0.03292302877532549,5633
22,-0.09999999999999742,-2.6999999999999997,43,12,-2.109999999999985,-0.0124957458171423,0.6666666666666666,-0.0009755763726629618,3.4166666666666665,-0.04541877459246779,-8.080000000000013,0.03292302877532549,5634
22,-0.09999999999999742,-2.5999999999999996,43,12,-2.109999999999985,-0.0124957458171423,0.6666666666666666,-0.0009755763726629618,3.4166666666666665,-0.04541877459246779,-8.080000000000013,0.03292302877532549,5635
22,-0.09999999999999742,-2.4999999999999996,43,12,-2.109999999999985,-0.0124957458171423,0.6666666666666666,-0.0009755763726629618,3.4166666666666665,-0.04541877459246779,-8.080000000000013,0.03292302877532549,5636
22,-0.09999999999999742,-2.3999999999999995,43,12,-2.109999999999985,-0.0124957458171423,0.6666666666666666,-0.0009755763726629618,3.4166666666666665,-0.04541877459246779,-8.080000000000013,0.03292302877532549,5637
22,-0.09999999999999742,-2.2999999999999994,43,12,-2.109999999999985,-0.0124957458171423,0.6666666666666666,-0.0009755763726629618,3.4166666666666665,-0.04541877459246779,-8.080000000000013,0.03292302877532549,5638
22,-0.09999999999999742,-2.1999999999999993,43,12,-2.109999999999985,-0.0124957458171423,0.6666666666666666,-0.0009755763726629618,3.4166666666666665,-0.04541877459246779,-8.080000000000013,0.03292302877532549,5639
22,-0.09999999999999742,-2.099999999999999,43,12,-2.109999999999985,-0.0124957458171423,0.6666666666666666,-0.0009755763726629618,3.4166666666666665,-0.04541877459246779,-8.080000000000013,0.03292302877532549,5640
22,-0.09999999999999742,-1.9999999999999991,43,12,-2.109999999999985,-0.0124957458171423,0.6666666666666666,-0.0009755763726629618,3.4166666666666665,-0.04541877459246779,-8.080000000000013,0.03292302877532549,5641
22,-0.09999999999999742,-1.899999999999999,43,12,-2.109999999999985,-0.0124957458171423,0.6666666666666666,-0.0009755763726629618,3.4166666666666665,-0.04541877459246779,-8.080000000000013,0.03292302877532549,5642
22,-0.09999999999999742,-1.799999999999999,43,12,-2.109999999999985,-0.0124957458171423,0.6666666666666666,-0.0009755763726629618,3.4166666666666665,-0.04541877459246779,-8.080000000000013,0.03292302877532549,5643
22,-0.09999999999999742,-1.6999999999999988,43,12,-2.109999999999985,-0.0124957458171423,0.6666666666666666,-0.0009755763726629618,3.4166666666666665,-0.04541877459246779,-8.080000000000013,0.03292302877532549,5644
22,-0.09999999999999742,-1.5999999999999988,43,12,-2.109999999999985,-0.0124957458171423,0.6666666666666666,-0.0009755763726629618,3.4166666666666665,-0.04541877459246779,-8.080000000000013,0.03292302877532549,5645
22,-0.09999999999999742,-1.4999999999999987,43,12,-2.109999999999985,-0.0124957458171423,0.6666666666666666,-0.0009755763726629618,3.4166666666666665,-0.04541877459246779,-8.080000000000013,0.03292302877532549,5646
22,-0.09999999999999742,-1.3999999999999986,43,12,-2.109999999999985,-0.0124957458171423,0.6666666666666666,-0.0009755763726629618,3.4166666666666665,-0.04541877459246779,-8.080000000000013,0.03292302877532549,5647
22,-0.09999999999999742,-1.2999999999999985,43,12,-2.109999999999985,-0.0124957458171423,0.6666666666666666,-0.0009755763726629618,3.4166666666666665,-0.04541877459246779,-8.080000000000013,0.03292302877532549,5648
22,-0.09999999999999742,-1.1999999999999984,43,12,-2.109999999999985,-0.0124957458171423,0.6666666666666666,-0.0009755763726629618,3.4166666666666665,-0.04541877459246779,-8.080000000000013,0.03292302877532549,5649
22,2.6645352591003757e-15,-3.0,43,12,-2.109999999999985,-0.0124957458171423,0.6666666666666666,-0.0009755763726629618,3.4166666666666665,-0.04541877459246779,-8.080000000000013,0.03292302877532549,5650
22,2.6645352591003757e-15,-2.9,43,12,-2.109999999999985,-0.0124957458171423,0.6666666666666666,-0.0009755763726629618,3.4166666666666665,-0.04541877459246779,-8.080000000000013,0.03292302877532549,5651
22,2.6645352591003757e-15,-2.8,43,12,-2.109999999999985,-0.0124957458171423,0.6666666666666666,-0.0009755763726629618,3.4166666666666665,-0.04541877459246779,-8.080000000000013,0.03292302877532549,5652
22,2.6645352591003757e-15,-2.6999999999999997,43,12,-2.109999999999985,-0.0124957458171423,0.6666666666666666,-0.0009755763726629618,3.4166666666666665,-0.04541877459246779,-8.080000000000013,0.03292302877532549,5653
22,2.6645352591003757e-15,-2.5999999999999996,43,12,-2.109999999999985,-0.0124957458171423,0.6666666666666666,-0.0009755763726629618,3.4166666666666665,-0.04541877459246779,-8.080000000000013,0.03292302877532549,5654
22,2.6645352591003757e-15,-2.4999999999999996,43,12,-2.109999999999985,-0.0124957458171423,0.6666666666666666,-0.0009755763726629618,3.4166666666666665,-0.04541877459246779,-8.080000000000013,0.03292302877532549,5655
22,2.6645352591003757e-15,-2.3999999999999995,43,12,-2.109999999999985,-0.0124957458171423,0.6666666666666666,-0.0009755763726629618,3.4166666666666665,-0.04541877459246779,-8.080000000000013,0.03292302877532549,5656
22,2.6645352591003757e-15,-2.2999999999999994,43,12,-2.109999999999985,-0.0124957458171423,0.6666666666666666,-0.0009755763726629618,3.4166666666666665,-0.04541877459246779,-8.080000000000013,0.03292302877532549,5657
22,2.6645352591003757e-15,-2.1999999999999993,43,12,-2.109999999999985,-0.0124957458171423,0.6666666666666666,-0.0009755763726629618,3.4166666666666665,-0.04541877459246779,-8.080000000000013,0.03292302877532549,5658
22,2.6645352591003757e-15,-2.099999999999999,43,12,-2.109999999999985,-0.0124957458171423,0.6666666666666666,-0.0009755763726629618,3.4166666666666665,-0.04541877459246779,-8.080000000000013,0.03292302877532549,5659
22,2.6645352591003757e-15,-1.9999999999999991,43,12,-2.109999999999985,-0.0124957458171423,0.6666666666666666,-0.0009755763726629618,3.4166666666666665,-0.04541877459246779,-8.080000000000013,0.03292302877532549,5660
22,2.6645352591003757e-15,-1.899999999999999,43,12,-2.109999999999985,-0.0124957458171423,0.6666666666666666,-0.0009755763726629618,3.4166666666666665,-0.04541877459246779,-8.080000000000013,0.03292302877532549,5661
22,2.6645352591003757e-15,-1.799999999999999,43,12,-2.109999999999985,-0.0124957458171423,0.6666666666666666,-0.0009755763726629618,3.4166666666666665,-0.04541877459246779,-8.080000000000013,0.03292302877532549,5662
22,2.6645352591003757e-15,-1.6999999999999988,43,12,-2.109999999999985,-0.0124957458171423,0.6666666666666666,-0.0009755763726629618,3.4166666666666665,-0.04541877459246779,-8.080000000000013,0.03292302877532549,5663
22,2.6645352591003757e-15,-1.5999999999999988,43,12,-2.109999999999985,-0.0124957458171423,0.6666666666666666,-0.0009755763726629618,3.4166666666666665,-0.04541877459246779,-8.080000000000013,0.03292302877532549,5664
22,2.6645352591003757e-15,-1.4999999999999987,43,12,-2.109999999999985,-0.0124957458171423,0.6666666666666666,-0.0009755763726629618,3.4166666666666665,-0.04541877459246779,-8.080000000000013,0.03292302877532549,5665
22,2.6645352591003757e-15,-1.3999999999999986,43,12,-2.109999999999985,-0.0124957458171423,0.6666666666666666,-0.0009755763726629618,3.4166666666666665,-0.04541877459246779,-8.080000000000013,0.03292302877532549,5666
22,2.6645352591003757e-15,-1.2999999999999985,43,12,-2.109999999999985,-0.0124957458171423,0.6666666666666666,-0.0009755763726629618,3.4166666666666665,-0.04541877459246779,-8.080000000000013,0.03292302877532549,5667
22,2.6645352591003757e-15,-1.1999999999999984,43,12,-2.109999999999985,-0.0124957458171423,0.6666666666666666,-0.0009755763726629618,3.4166666666666665,-0.04541877459246779,-8.080000000000013,0.03292302877532549,5668
5,-1.0999999999999983,-0.799999999999998,60,15,-2.120000000000033,-0.012557752035549319,0.6666666666666666,-0.0007467820621254099,2.0,-0.0014112666117841455,-0.2400000000000091,-0.011146485423765173,5669
5,-0.9999999999999982,-0.799999999999998,60,15,-2.120000000000033,-0.012557752035549319,0.6666666666666666,-0.0007467820621254099,2.0,-0.0014112666117841455,-0.2400000000000091,-0.011146485423765173,5670
5,-0.8999999999999981,-0.799999999999998,60,15,-2.120000000000033,-0.012557752035549319,0.6666666666666666,-0.0007467820621254099,2.0,-0.0014112666117841455,-0.2400000000000091,-0.011146485423765173,5671
5,-0.799999999999998,-0.799999999999998,60,15,-2.120000000000033,-0.012557752035549319,0.6666666666666666,-0.0007467820621254099,2.0,-0.0014112666117841455,-0.2400000000000091,-0.011146485423765173,5672
5,-0.699999999999998,-0.799999999999998,60,15,-2.120000000000033,-0.012557752035549319,0.6666666666666666,-0.0007467820621254099,2.0,-0.0014112666117841455,-0.2400000000000091,-0.011146485423765173,5673
5,-0.5999999999999979,-0.799999999999998,60,15,-2.120000000000033,-0.012557752035549319,0.6666666666666666,-0.0007467820621254099,2.0,-0.0014112666117841455,-0.2400000000000091,-0.011146485423765173,5674
10,-1.899999999999999,-1.799999999999999,55,24,-2.0200000000000387,-0.012651800192531537,0.625,-0.0004817120623256214,1.5833333333333333,-0.007654999123473449,-1.3100000000000023,-0.004996801069058088,5675
10,-1.899999999999999,-1.6999999999999988,55,24,-2.0200000000000387,-0.012651800192531537,0.625,-0.0004817120623256214,1.5833333333333333,-0.007654999123473449,-1.3100000000000023,-0.004996801069058088,5676
22,-0.1999999999999975,-1.0999999999999983,43,11,-2.180000000000007,-0.012706845207607897,0.5454545454545454,-0.0010678940108985937,3.727272727272727,-0.04541877459246779,-8.080000000000013,0.032711929384859895,5677
5,-3.0,0.5000000000000031,60,10,-2.180000000000007,-0.012750514920032652,0.5,-0.0012563708106652972,1.4,-0.0014112666117841455,-0.2400000000000091,-0.011339248308248506,5678
5,-2.9,0.5000000000000031,60,10,-2.180000000000007,-0.012750514920032652,0.5,-0.0012563708106652972,1.4,-0.0014112666117841455,-0.2400000000000091,-0.011339248308248506,5679
5,-2.8,0.5000000000000031,60,10,-2.180000000000007,-0.012750514920032652,0.5,-0.0012563708106652972,1.4,-0.0014112666117841455,-0.2400000000000091,-0.011339248308248506,5680
5,-2.6999999999999997,0.5000000000000031,60,10,-2.180000000000007,-0.012750514920032652,0.5,-0.0012563708106652972,1.4,-0.0014112666117841455,-0.2400000000000091,-0.011339248308248506,5681
5,-2.5999999999999996,0.5000000000000031,60,10,-2.180000000000007,-0.012750514920032652,0.5,-0.0012563708106652972,1.4,-0.0014112666117841455,-0.2400000000000091,-0.011339248308248506,5682
5,-2.4999999999999996,0.5000000000000031,60,10,-2.180000000000007,-0.012750514920032652,0.5,-0.0012563708106652972,1.4,-0.0014112666117841455,-0.2400000000000091,-0.011339248308248506,5683
5,-2.3999999999999995,0.5000000000000031,60,10,-2.180000000000007,-0.012750514920032652,0.5,-0.0012563708106652972,1.4,-0.0014112666117841455,-0.2400000000000091,-0.011339248308248506,5684
5,-2.2999999999999994,0.5000000000000031,60,10,-2.180000000000007,-0.012750514920032652,0.5,-0.0012563708106652972,1.4,-0.0014112666117841455,-0.2400000000000091,-0.011339248308248506,5685
5,-2.1999999999999993,0.5000000000000031,60,10,-2.180000000000007,-0.012750514920032652,0.5,-0.0012563708106652972,1.4,-0.0014112666117841455,-0.2400000000000091,-0.011339248308248506,5686
5,-2.099999999999999,0.5000000000000031,60,10,-2.180000000000007,-0.012750514920032652,0.5,-0.0012563708106652972,1.4,-0.0014112666117841455,-0.2400000000000091,-0.011339248308248506,5687
5,-1.9999999999999991,0.5000000000000031,60,10,-2.180000000000007,-0.012750514920032652,0.5,-0.0012563708106652972,1.4,-0.0014112666117841455,-0.2400000000000091,-0.011339248308248506,5688
5,-1.899999999999999,0.5000000000000031,60,10,-2.180000000000007,-0.012750514920032652,0.5,-0.0012563708106652972,1.4,-0.0014112666117841455,-0.2400000000000091,-0.011339248308248506,5689
5,-1.799999999999999,0.5000000000000031,60,10,-2.180000000000007,-0.012750514920032652,0.5,-0.0012563708106652972,1.4,-0.0014112666117841455,-0.2400000000000091,-0.011339248308248506,5690
5,-1.6999999999999988,0.5000000000000031,60,10,-2.180000000000007,-0.012750514920032652,0.5,-0.0012563708106652972,1.4,-0.0014112666117841455,-0.2400000000000091,-0.011339248308248506,5691
22,-1.9999999999999991,-0.699999999999998,43,14,-2.200000000000017,-0.012890234821781643,0.6428571428571429,-0.0008421654307232249,1.8571428571428572,-0.04541877459246779,-8.080000000000013,0.03252853977068615,5692
22,-1.9999999999999991,-0.5999999999999979,43,14,-2.200000000000017,-0.012890234821781643,0.6428571428571429,-0.0008421654307232249,1.8571428571428572,-0.04541877459246779,-8.080000000000013,0.03252853977068615,5693
10,0.400000000000003,-1.9999999999999991,55,12,-2.140000000000015,-0.012893500334647978,0.6666666666666666,-0.0009811702867678258,4.75,-0.007654999123473449,-1.3100000000000023,-0.005238501211174529,5694
10,0.5000000000000031,-1.9999999999999991,55,12,-2.140000000000015,-0.012893500334647978,0.6666666666666666,-0.0009811702867678258,4.75,-0.007654999123473449,-1.3100000000000023,-0.005238501211174529,5695
10,0.6000000000000032,-1.9999999999999991,55,12,-2.140000000000015,-0.012893500334647978,0.6666666666666666,-0.0009811702867678258,4.75,-0.007654999123473449,-1.3100000000000023,-0.005238501211174529,5696
10,0.7000000000000033,-1.9999999999999991,55,12,-2.140000000000015,-0.012893500334647978,0.6666666666666666,-0.0009811702867678258,4.75,-0.007654999123473449,-1.3100000000000023,-0.005238501211174529,5697
10,0.8000000000000034,-1.9999999999999991,55,12,-2.140000000000015,-0.012893500334647978,0.6666666666666666,-0.0009811702867678258,4.75,-0.007654999123473449,-1.3100000000000023,-0.005238501211174529,5698
10,0.9000000000000035,-1.9999999999999991,55,12,-2.140000000000015,-0.012893500334647978,0.6666666666666666,-0.0009811702867678258,4.75,-0.007654999123473449,-1.3100000000000023,-0.005238501211174529,5699
10,1.0000000000000036,-1.9999999999999991,55,12,-2.140000000000015,-0.012893500334647978,0.6666666666666666,-0.0009811702867678258,4.75,-0.007654999123473449,-1.3100000000000023,-0.005238501211174529,5700
10,-1.0999999999999983,-1.0999999999999983,55,15,-2.1599999999999966,-0.012898516599378906,0.6,-0.0007489562496111916,2.2,-0.007654999123473449,-1.3100000000000023,-0.005243517475905457,5701
22,-0.8999999999999981,-3.0,43,15,-2.170000000000016,-0.01300152338452043,0.6666666666666666,-0.000808187098965966,2.3333333333333335,-0.04541877459246779,-8.080000000000013,0.03241725120794736,5702
22,-0.8999999999999981,-2.9,43,15,-2.170000000000016,-0.01300152338452043,0.6666666666666666,-0.000808187098965966,2.3333333333333335,-0.04541877459246779,-8.080000000000013,0.03241725120794736,5703
22,-0.8999999999999981,-2.8,43,15,-2.170000000000016,-0.01300152338452043,0.6666666666666666,-0.000808187098965966,2.3333333333333335,-0.04541877459246779,-8.080000000000013,0.03241725120794736,5704
22,-0.8999999999999981,-2.6999999999999997,43,15,-2.170000000000016,-0.01300152338452043,0.6666666666666666,-0.000808187098965966,2.3333333333333335,-0.04541877459246779,-8.080000000000013,0.03241725120794736,5705
22,-0.8999999999999981,-2.5999999999999996,43,15,-2.170000000000016,-0.01300152338452043,0.6666666666666666,-0.000808187098965966,2.3333333333333335,-0.04541877459246779,-8.080000000000013,0.03241725120794736,5706
22,-0.8999999999999981,-2.4999999999999996,43,15,-2.170000000000016,-0.01300152338452043,0.6666666666666666,-0.000808187098965966,2.3333333333333335,-0.04541877459246779,-8.080000000000013,0.03241725120794736,5707
22,-0.8999999999999981,-2.3999999999999995,43,15,-2.170000000000016,-0.01300152338452043,0.6666666666666666,-0.000808187098965966,2.3333333333333335,-0.04541877459246779,-8.080000000000013,0.03241725120794736,5708
22,-0.8999999999999981,-2.2999999999999994,43,15,-2.170000000000016,-0.01300152338452043,0.6666666666666666,-0.000808187098965966,2.3333333333333335,-0.04541877459246779,-8.080000000000013,0.03241725120794736,5709
22,-0.8999999999999981,-2.1999999999999993,43,15,-2.170000000000016,-0.01300152338452043,0.6666666666666666,-0.000808187098965966,2.3333333333333335,-0.04541877459246779,-8.080000000000013,0.03241725120794736,5710
22,-0.8999999999999981,-2.099999999999999,43,15,-2.170000000000016,-0.01300152338452043,0.6666666666666666,-0.000808187098965966,2.3333333333333335,-0.04541877459246779,-8.080000000000013,0.03241725120794736,5711
22,-0.8999999999999981,-1.9999999999999991,43,15,-2.170000000000016,-0.01300152338452043,0.6666666666666666,-0.000808187098965966,2.3333333333333335,-0.04541877459246779,-8.080000000000013,0.03241725120794736,5712
22,-0.8999999999999981,-1.899999999999999,43,15,-2.170000000000016,-0.01300152338452043,0.6666666666666666,-0.000808187098965966,2.3333333333333335,-0.04541877459246779,-8.080000000000013,0.03241725120794736,5713
22,-0.8999999999999981,-1.799999999999999,43,15,-2.170000000000016,-0.01300152338452043,0.6666666666666666,-0.000808187098965966,2.3333333333333335,-0.04541877459246779,-8.080000000000013,0.03241725120794736,5714
22,-0.8999999999999981,-1.6999999999999988,43,15,-2.170000000000016,-0.01300152338452043,0.6666666666666666,-0.000808187098965966,2.3333333333333335,-0.04541877459246779,-8.080000000000013,0.03241725120794736,5715
22,-0.8999999999999981,-1.5999999999999988,43,15,-2.170000000000016,-0.01300152338452043,0.6666666666666666,-0.000808187098965966,2.3333333333333335,-0.04541877459246779,-8.080000000000013,0.03241725120794736,5716
22,-0.8999999999999981,-1.4999999999999987,43,15,-2.170000000000016,-0.01300152338452043,0.6666666666666666,-0.000808187098965966,2.3333333333333335,-0.04541877459246779,-8.080000000000013,0.03241725120794736,5717
22,-0.8999999999999981,-1.3999999999999986,43,15,-2.170000000000016,-0.01300152338452043,0.6666666666666666,-0.000808187098965966,2.3333333333333335,-0.04541877459246779,-8.080000000000013,0.03241725120794736,5718
22,-0.8999999999999981,-1.2999999999999985,43,15,-2.170000000000016,-0.01300152338452043,0.6666666666666666,-0.000808187098965966,2.3333333333333335,-0.04541877459246779,-8.080000000000013,0.03241725120794736,5719
22,-0.8999999999999981,-1.1999999999999984,43,15,-2.170000000000016,-0.01300152338452043,0.6666666666666666,-0.000808187098965966,2.3333333333333335,-0.04541877459246779,-8.080000000000013,0.03241725120794736,5720
10,-3.0,0.6000000000000032,55,10,-2.219999999999999,-0.013016433695464125,0.4,-0.0012829031075445197,1.4,-0.007654999123473449,-1.3100000000000023,-0.005361434571990675,5721
10,-3.0,0.7000000000000033,55,10,-2.219999999999999,-0.013016433695464125,0.4,-0.0012829031075445197,1.4,-0.007654999123473449,-1.3100000000000023,-0.005361434571990675,5722
10,-3.0,0.8000000000000034,55,10,-2.219999999999999,-0.013016433695464125,0.4,-0.0012829031075445197,1.4,-0.007654999123473449,-1.3100000000000023,-0.005361434571990675,5723
10,-3.0,0.9000000000000035,55,10,-2.219999999999999,-0.013016433695464125,0.4,-0.0012829031075445197,1.4,-0.007654999123473449,-1.3100000000000023,-0.005361434571990675,5724
10,-2.9,0.6000000000000032,55,10,-2.219999999999999,-0.013016433695464125,0.4,-0.0012829031075445197,1.4,-0.007654999123473449,-1.3100000000000023,-0.005361434571990675,5725
10,-2.9,0.7000000000000033,55,10,-2.219999999999999,-0.013016433695464125,0.4,-0.0012829031075445197,1.4,-0.007654999123473449,-1.3100000000000023,-0.005361434571990675,5726
10,-2.9,0.8000000000000034,55,10,-2.219999999999999,-0.013016433695464125,0.4,-0.0012829031075445197,1.4,-0.007654999123473449,-1.3100000000000023,-0.005361434571990675,5727
10,-2.9,0.9000000000000035,55,10,-2.219999999999999,-0.013016433695464125,0.4,-0.0012829031075445197,1.4,-0.007654999123473449,-1.3100000000000023,-0.005361434571990675,5728
10,-2.8,0.6000000000000032,55,10,-2.219999999999999,-0.013016433695464125,0.4,-0.0012829031075445197,1.4,-0.007654999123473449,-1.3100000000000023,-0.005361434571990675,5729
10,-2.8,0.7000000000000033,55,10,-2.219999999999999,-0.013016433695464125,0.4,-0.0012829031075445197,1.4,-0.007654999123473449,-1.3100000000000023,-0.005361434571990675,5730
10,-2.8,0.8000000000000034,55,10,-2.219999999999999,-0.013016433695464125,0.4,-0.0012829031075445197,1.4,-0.007654999123473449,-1.3100000000000023,-0.005361434571990675,5731
10,-2.8,0.9000000000000035,55,10,-2.219999999999999,-0.013016433695464125,0.4,-0.0012829031075445197,1.4,-0.007654999123473449,-1.3100000000000023,-0.005361434571990675,5732
10,-2.6999999999999997,0.6000000000000032,55,10,-2.219999999999999,-0.013016433695464125,0.4,-0.0012829031075445197,1.4,-0.007654999123473449,-1.3100000000000023,-0.005361434571990675,5733
10,-2.6999999999999997,0.7000000000000033,55,10,-2.219999999999999,-0.013016433695464125,0.4,-0.0012829031075445197,1.4,-0.007654999123473449,-1.3100000000000023,-0.005361434571990675,5734
10,-2.6999999999999997,0.8000000000000034,55,10,-2.219999999999999,-0.013016433695464125,0.4,-0.0012829031075445197,1.4,-0.007654999123473449,-1.3100000000000023,-0.005361434571990675,5735
10,-2.6999999999999997,0.9000000000000035,55,10,-2.219999999999999,-0.013016433695464125,0.4,-0.0012829031075445197,1.4,-0.007654999123473449,-1.3100000000000023,-0.005361434571990675,5736
10,-2.5999999999999996,0.6000000000000032,55,10,-2.219999999999999,-0.013016433695464125,0.4,-0.0012829031075445197,1.4,-0.007654999123473449,-1.3100000000000023,-0.005361434571990675,5737
10,-2.5999999999999996,0.7000000000000033,55,10,-2.219999999999999,-0.013016433695464125,0.4,-0.0012829031075445197,1.4,-0.007654999123473449,-1.3100000000000023,-0.005361434571990675,5738
10,-2.5999999999999996,0.8000000000000034,55,10,-2.219999999999999,-0.013016433695464125,0.4,-0.0012829031075445197,1.4,-0.007654999123473449,-1.3100000000000023,-0.005361434571990675,5739
10,-2.5999999999999996,0.9000000000000035,55,10,-2.219999999999999,-0.013016433695464125,0.4,-0.0012829031075445197,1.4,-0.007654999123473449,-1.3100000000000023,-0.005361434571990675,5740
10,-2.4999999999999996,0.6000000000000032,55,10,-2.219999999999999,-0.013016433695464125,0.4,-0.0012829031075445197,1.4,-0.007654999123473449,-1.3100000000000023,-0.005361434571990675,5741
10,-2.4999999999999996,0.7000000000000033,55,10,-2.219999999999999,-0.013016433695464125,0.4,-0.0012829031075445197,1.4,-0.007654999123473449,-1.3100000000000023,-0.005361434571990675,5742
10,-2.4999999999999996,0.8000000000000034,55,10,-2.219999999999999,-0.013016433695464125,0.4,-0.0012829031075445197,1.4,-0.007654999123473449,-1.3100000000000023,-0.005361434571990675,5743
10,-2.4999999999999996,0.9000000000000035,55,10,-2.219999999999999,-0.013016433695464125,0.4,-0.0012829031075445197,1.4,-0.007654999123473449,-1.3100000000000023,-0.005361434571990675,5744
10,-2.3999999999999995,0.6000000000000032,55,10,-2.219999999999999,-0.013016433695464125,0.4,-0.0012829031075445197,1.4,-0.007654999123473449,-1.3100000000000023,-0.005361434571990675,5745
10,-2.3999999999999995,0.7000000000000033,55,10,-2.219999999999999,-0.013016433695464125,0.4,-0.0012829031075445197,1.4,-0.007654999123473449,-1.3100000000000023,-0.005361434571990675,5746
10,-2.3999999999999995,0.8000000000000034,55,10,-2.219999999999999,-0.013016433695464125,0.4,-0.0012829031075445197,1.4,-0.007654999123473449,-1.3100000000000023,-0.005361434571990675,5747
10,-2.3999999999999995,0.9000000000000035,55,10,-2.219999999999999,-0.013016433695464125,0.4,-0.0012829031075445197,1.4,-0.007654999123473449,-1.3100000000000023,-0.005361434571990675,5748
5,0.20000000000000284,2.6645352591003757e-15,60,6,-2.1700000000000443,-0.013038332565018962,0.6666666666666666,-0.0019128464272672823,5.833333333333333,-0.0014112666117841455,-0.2400000000000091,-0.011627065953234816,5749
5,0.30000000000000293,2.6645352591003757e-15,60,6,-2.1700000000000443,-0.013038332565018962,0.6666666666666666,-0.0019128464272672823,5.833333333333333,-0.0014112666117841455,-0.2400000000000091,-0.011627065953234816,5750
5,-0.1999999999999975,-0.699999999999998,60,9,-2.1900000000000546,-0.013054386588105094,0.6666666666666666,-0.0012600985416107375,4.0,-0.0014112666117841455,-0.2400000000000091,-0.011643119976320948,5751
5,-0.09999999999999742,-0.699999999999998,60,9,-2.1900000000000546,-0.013054386588105094,0.6666666666666666,-0.0012600985416107375,4.0,-0.0014112666117841455,-0.2400000000000091,-0.011643119976320948,5752
5,2.6645352591003757e-15,-0.699999999999998,60,9,-2.1900000000000546,-0.013054386588105094,0.6666666666666666,-0.0012600985416107375,4.0,-0.0014112666117841455,-0.2400000000000091,-0.011643119976320948,5753
5,-1.5999999999999988,-1.799999999999999,60,27,-2.210000000000065,-0.013055293289523151,0.5925925925925926,-0.00044775465304291583,1.5185185185185186,-0.0014112666117841455,-0.2400000000000091,-0.011644026677739006,5754
5,-1.4999999999999987,-1.799999999999999,60,27,-2.210000000000065,-0.013055293289523151,0.5925925925925926,-0.00044775465304291583,1.5185185185185186,-0.0014112666117841455,-0.2400000000000091,-0.011644026677739006,5755
5,-1.0999999999999983,-1.0999999999999983,60,18,-2.209999999999951,-0.013056277055122578,0.6666666666666666,-0.0006452933354930752,1.8333333333333333,-0.0014112666117841455,-0.2400000000000091,-0.011645010443338433,5756
5,-0.9999999999999982,-1.0999999999999983,60,18,-2.209999999999951,-0.013056277055122578,0.6666666666666666,-0.0006452933354930752,1.8333333333333333,-0.0014112666117841455,-0.2400000000000091,-0.011645010443338433,5757
22,-3.0,2.6645352591003757e-15,43,11,-2.329999999999984,-0.013097108297968063,0.45454545454545453,-0.0011773082779473856,1.3636363636363635,-0.04541877459246779,-8.080000000000013,0.03232166629449973,5758
10,-0.5999999999999979,-1.4999999999999987,55,16,-2.1299999999999955,-0.013157076448641947,0.6875,-0.0007280990383540589,2.5625,-0.007654999123473449,-1.3100000000000023,-0.005502077325168497,5759
5,-3.0,1.0000000000000036,60,7,-2.2700000000000102,-0.013243263110224612,0.42857142857142855,-0.0018686520340174262,1.5714285714285714,-0.0014112666117841455,-0.2400000000000091,-0.011831996498440467,5760
5,-3.0,1.1000000000000032,60,7,-2.2700000000000102,-0.013243263110224612,0.42857142857142855,-0.0018686520340174262,1.5714285714285714,-0.0014112666117841455,-0.2400000000000091,-0.011831996498440467,5761
5,-2.9,1.0000000000000036,60,7,-2.2700000000000102,-0.013243263110224612,0.42857142857142855,-0.0018686520340174262,1.5714285714285714,-0.0014112666117841455,-0.2400000000000091,-0.011831996498440467,5762
5,-2.9,1.1000000000000032,60,7,-2.2700000000000102,-0.013243263110224612,0.42857142857142855,-0.0018686520340174262,1.5714285714285714,-0.0014112666117841455,-0.2400000000000091,-0.011831996498440467,5763
5,-2.8,1.0000000000000036,60,7,-2.2700000000000102,-0.013243263110224612,0.42857142857142855,-0.0018686520340174262,1.5714285714285714,-0.0014112666117841455,-0.2400000000000091,-0.011831996498440467,5764
5,-2.8,1.1000000000000032,60,7,-2.2700000000000102,-0.013243263110224612,0.42857142857142855,-0.0018686520340174262,1.5714285714285714,-0.0014112666117841455,-0.2400000000000091,-0.011831996498440467,5765
5,-2.6999999999999997,1.0000000000000036,60,7,-2.2700000000000102,-0.013243263110224612,0.42857142857142855,-0.0018686520340174262,1.5714285714285714,-0.0014112666117841455,-0.2400000000000091,-0.011831996498440467,5766
5,-2.6999999999999997,1.1000000000000032,60,7,-2.2700000000000102,-0.013243263110224612,0.42857142857142855,-0.0018686520340174262,1.5714285714285714,-0.0014112666117841455,-0.2400000000000091,-0.011831996498440467,5767
5,-2.5999999999999996,1.0000000000000036,60,7,-2.2700000000000102,-0.013243263110224612,0.42857142857142855,-0.0018686520340174262,1.5714285714285714,-0.0014112666117841455,-0.2400000000000091,-0.011831996498440467,5768
5,-2.5999999999999996,1.1000000000000032,60,7,-2.2700000000000102,-0.013243263110224612,0.42857142857142855,-0.0018686520340174262,1.5714285714285714,-0.0014112666117841455,-0.2400000000000091,-0.011831996498440467,5769
5,-2.4999999999999996,1.0000000000000036,60,7,-2.2700000000000102,-0.013243263110224612,0.42857142857142855,-0.0018686520340174262,1.5714285714285714,-0.0014112666117841455,-0.2400000000000091,-0.011831996498440467,5770
5,-2.4999999999999996,1.1000000000000032,60,7,-2.2700000000000102,-0.013243263110224612,0.42857142857142855,-0.0018686520340174262,1.5714285714285714,-0.0014112666117841455,-0.2400000000000091,-0.011831996498440467,5771
5,-2.3999999999999995,1.0000000000000036,60,7,-2.2700000000000102,-0.013243263110224612,0.42857142857142855,-0.0018686520340174262,1.5714285714285714,-0.0014112666117841455,-0.2400000000000091,-0.011831996498440467,5772
5,-2.3999999999999995,1.1000000000000032,60,7,-2.2700000000000102,-0.013243263110224612,0.42857142857142855,-0.0018686520340174262,1.5714285714285714,-0.0014112666117841455,-0.2400000000000091,-0.011831996498440467,5773
5,-2.2999999999999994,1.0000000000000036,60,7,-2.2700000000000102,-0.013243263110224612,0.42857142857142855,-0.0018686520340174262,1.5714285714285714,-0.0014112666117841455,-0.2400000000000091,-0.011831996498440467,5774
5,-2.2999999999999994,1.1000000000000032,60,7,-2.2700000000000102,-0.013243263110224612,0.42857142857142855,-0.0018686520340174262,1.5714285714285714,-0.0014112666117841455,-0.2400000000000091,-0.011831996498440467,5775
5,-2.1999999999999993,1.0000000000000036,60,7,-2.2700000000000102,-0.013243263110224612,0.42857142857142855,-0.0018686520340174262,1.5714285714285714,-0.0014112666117841455,-0.2400000000000091,-0.011831996498440467,5776
5,-2.1999999999999993,1.1000000000000032,60,7,-2.2700000000000102,-0.013243263110224612,0.42857142857142855,-0.0018686520340174262,1.5714285714285714,-0.0014112666117841455,-0.2400000000000091,-0.011831996498440467,5777
5,-2.099999999999999,1.0000000000000036,60,7,-2.2700000000000102,-0.013243263110224612,0.42857142857142855,-0.0018686520340174262,1.5714285714285714,-0.0014112666117841455,-0.2400000000000091,-0.011831996498440467,5778
5,-2.099999999999999,1.1000000000000032,60,7,-2.2700000000000102,-0.013243263110224612,0.42857142857142855,-0.0018686520340174262,1.5714285714285714,-0.0014112666117841455,-0.2400000000000091,-0.011831996498440467,5779
5,-1.9999999999999991,1.0000000000000036,60,7,-2.2700000000000102,-0.013243263110224612,0.42857142857142855,-0.0018686520340174262,1.5714285714285714,-0.0014112666117841455,-0.2400000000000091,-0.011831996498440467,5780
5,-1.9999999999999991,1.1000000000000032,60,7,-2.2700000000000102,-0.013243263110224612,0.42857142857142855,-0.0018686520340174262,1.5714285714285714,-0.0014112666117841455,-0.2400000000000091,-0.011831996498440467,5781
5,-1.899999999999999,1.0000000000000036,60,7,-2.2700000000000102,-0.013243263110224612,0.42857142857142855,-0.0018686520340174262,1.5714285714285714,-0.0014112666117841455,-0.2400000000000091,-0.011831996498440467,5782
5,-1.899999999999999,1.1000000000000032,60,7,-2.2700000000000102,-0.013243263110224612,0.42857142857142855,-0.0018686520340174262,1.5714285714285714,-0.0014112666117841455,-0.2400000000000091,-0.011831996498440467,5783
5,-1.799999999999999,1.0000000000000036,60,7,-2.2700000000000102,-0.013243263110224612,0.42857142857142855,-0.0018686520340174262,1.5714285714285714,-0.0014112666117841455,-0.2400000000000091,-0.011831996498440467,5784
5,-1.799999999999999,1.1000000000000032,60,7,-2.2700000000000102,-0.013243263110224612,0.42857142857142855,-0.0018686520340174262,1.5714285714285714,-0.0014112666117841455,-0.2400000000000091,-0.011831996498440467,5785
5,-1.6999999999999988,1.0000000000000036,60,7,-2.2700000000000102,-0.013243263110224612,0.42857142857142855,-0.0018686520340174262,1.5714285714285714,-0.0014112666117841455,-0.2400000000000091,-0.011831996498440467,5786
5,-1.6999999999999988,1.1000000000000032,60,7,-2.2700000000000102,-0.013243263110224612,0.42857142857142855,-0.0018686520340174262,1.5714285714285714,-0.0014112666117841455,-0.2400000000000091,-0.011831996498440467,5787
5,-1.1999999999999984,-1.899999999999999,60,25,-2.320000000000107,-0.013292940277044085,0.64,-0.0004681468769012387,1.76,-0.0014112666117841455,-0.2400000000000091,-0.01188167366525994,5788
5,-1.1999999999999984,-1.799999999999999,60,25,-2.320000000000107,-0.013292940277044085,0.64,-0.0004681468769012387,1.76,-0.0014112666117841455,-0.2400000000000091,-0.01188167366525994,5789
5,-1.0999999999999983,-1.899999999999999,60,25,-2.320000000000107,-0.013292940277044085,0.64,-0.0004681468769012387,1.76,-0.0014112666117841455,-0.2400000000000091,-0.01188167366525994,5790
5,-1.0999999999999983,-1.799999999999999,60,25,-2.320000000000107,-0.013292940277044085,0.64,-0.0004681468769012387,1.76,-0.0014112666117841455,-0.2400000000000091,-0.01188167366525994,5791
5,-0.9999999999999982,-1.899999999999999,60,25,-2.320000000000107,-0.013292940277044085,0.64,-0.0004681468769012387,1.76,-0.0014112666117841455,-0.2400000000000091,-0.01188167366525994,5792
5,-0.9999999999999982,-1.799999999999999,60,25,-2.320000000000107,-0.013292940277044085,0.64,-0.0004681468769012387,1.76,-0.0014112666117841455,-0.2400000000000091,-0.01188167366525994,5793
5,-0.8999999999999981,-1.5999999999999988,60,23,-2.2000000000000455,-0.013334552072085892,0.6086956521739131,-0.0005110328103370228,2.0,-0.0014112666117841455,-0.2400000000000091,-0.011923285460301747,5794
5,-0.799999999999998,-1.5999999999999988,60,23,-2.2000000000000455,-0.013334552072085892,0.6086956521739131,-0.0005110328103370228,2.0,-0.0014112666117841455,-0.2400000000000091,-0.011923285460301747,5795
5,-0.699999999999998,-1.5999999999999988,60,23,-2.2000000000000455,-0.013334552072085892,0.6086956521739131,-0.0005110328103370228,2.0,-0.0014112666117841455,-0.2400000000000091,-0.011923285460301747,5796
5,-0.5999999999999979,-1.5999999999999988,60,23,-2.2000000000000455,-0.013334552072085892,0.6086956521739131,-0.0005110328103370228,2.0,-0.0014112666117841455,-0.2400000000000091,-0.011923285460301747,5797
10,-0.09999999999999742,-1.1999999999999984,55,10,-2.099999999999966,-0.013363300523390853,0.8,-0.001171670804810665,4.2,-0.007654999123473449,-1.3100000000000023,-0.005708301399917404,5798
10,2.6645352591003757e-15,-1.1999999999999984,55,10,-2.099999999999966,-0.013363300523390853,0.8,-0.001171670804810665,4.2,-0.007654999123473449,-1.3100000000000023,-0.005708301399917404,5799
10,0.10000000000000275,-1.1999999999999984,55,10,-2.099999999999966,-0.013363300523390853,0.8,-0.001171670804810665,4.2,-0.007654999123473449,-1.3100000000000023,-0.005708301399917404,5800
10,-0.09999999999999742,-0.9999999999999982,55,8,-2.1699999999999875,-0.013391969638737122,0.75,-0.0014662718961808707,5.0,-0.007654999123473449,-1.3100000000000023,-0.005736970515263673,5801
10,2.6645352591003757e-15,-0.9999999999999982,55,8,-2.1699999999999875,-0.013391969638737122,0.75,-0.0014662718961808707,5.0,-0.007654999123473449,-1.3100000000000023,-0.005736970515263673,5802
10,0.10000000000000275,-0.9999999999999982,55,8,-2.1699999999999875,-0.013391969638737122,0.75,-0.0014662718961808707,5.0,-0.007654999123473449,-1.3100000000000023,-0.005736970515263673,5803
5,1.2000000000000037,-1.4999999999999987,60,9,-2.2100000000000364,-0.013420273462209753,0.7777777777777778,-0.0013577322815295655,6.777777777777778,-0.0014112666117841455,-0.2400000000000091,-0.012009006850425608,5804
10,1.600000000000004,-1.0999999999999983,55,4,-2.410000000000025,-0.013471174795042229,0.75,-0.002913342094114757,13.5,-0.007654999123473449,-1.3100000000000023,-0.00581617567156878,5805
5,-0.3999999999999977,-0.799999999999998,60,12,-2.2300000000000466,-0.013484967617513166,0.5833333333333334,-0.0009875408499468348,3.0833333333333335,-0.0014112666117841455,-0.2400000000000091,-0.01207370100572902,5806
5,0.10000000000000275,-1.3999999999999986,60,16,-2.140000000000043,-0.01352640528598048,0.6875,-0.0007316509732549978,3.25,-0.0014112666117841455,-0.2400000000000091,-0.012115138674196335,5807
5,1.0000000000000036,-0.799999999999998,60,7,-2.330000000000041,-0.01353797205492957,0.7142857142857143,-0.001734513357211103,6.428571428571429,-0.0014112666117841455,-0.2400000000000091,-0.012126705443145425,5808
22,-1.5999999999999988,-0.699999999999998,43,13,-2.3100000000000307,-0.013543360079944944,0.6923076923076923,-0.0009534587585978437,2.076923076923077,-0.04541877459246779,-8.080000000000013,0.03187541451252285,5809
22,-1.5999999999999988,-0.5999999999999979,43,13,-2.3100000000000307,-0.013543360079944944,0.6923076923076923,-0.0009534587585978437,2.076923076923077,-0.04541877459246779,-8.080000000000013,0.03187541451252285,5810
22,-1.9999999999999991,-1.0999999999999983,43,17,-2.3300000000000125,-0.013567327045111877,0.5882352941176471,-0.0007302333625028986,1.7058823529411764,-0.04541877459246779,-8.080000000000013,0.031851447547355916,5811
5,0.10000000000000275,-1.1999999999999984,60,13,-2.200000000000017,-0.013577684308879734,0.7692307692307693,-0.0009150440672884328,3.5384615384615383,-0.0014112666117841455,-0.2400000000000091,-0.012166417697095588,5812
22,0.8000000000000034,-0.9999999999999982,43,4,-2.4099999999999966,-0.013606175691025513,0.75,-0.003235992893333345,12.25,-0.04541877459246779,-8.080000000000013,0.03181259890144228,5813
22,0.8000000000000034,-0.8999999999999981,43,4,-2.4099999999999966,-0.013606175691025513,0.75,-0.003235992893333345,12.25,-0.04541877459246779,-8.080000000000013,0.03181259890144228,5814
10,-0.4999999999999978,-2.3999999999999995,55,19,-2.2100000000000364,-0.013672671185432583,0.5789473684210527,-0.0006362536930302433,2.473684210526316,-0.007654999123473449,-1.3100000000000023,-0.006017672061959134,5815
10,-0.4999999999999978,-2.2999999999999994,55,19,-2.2100000000000364,-0.013672671185432583,0.5789473684210527,-0.0006362536930302433,2.473684210526316,-0.007654999123473449,-1.3100000000000023,-0.006017672061959134,5816
10,-0.4999999999999978,-2.1999999999999993,55,19,-2.2100000000000364,-0.013672671185432583,0.5789473684210527,-0.0006362536930302433,2.473684210526316,-0.007654999123473449,-1.3100000000000023,-0.006017672061959134,5817
10,-0.4999999999999978,-2.099999999999999,55,19,-2.2100000000000364,-0.013672671185432583,0.5789473684210527,-0.0006362536930302433,2.473684210526316,-0.007654999123473449,-1.3100000000000023,-0.006017672061959134,5818
10,-0.4999999999999978,-1.9999999999999991,55,19,-2.2100000000000364,-0.013672671185432583,0.5789473684210527,-0.0006362536930302433,2.473684210526316,-0.007654999123473449,-1.3100000000000023,-0.006017672061959134,5819
22,-0.3999999999999977,1.600000000000004,43,1,-2.3500000000000227,-0.013733855414645668,0.0,-0.013733855414645668,21.0,-0.04541877459246779,-8.080000000000013,0.031684919177822124,5820
22,-0.3999999999999977,1.7000000000000046,43,1,-2.3500000000000227,-0.013733855414645668,0.0,-0.013733855414645668,21.0,-0.04541877459246779,-8.080000000000013,0.031684919177822124,5821
22,-0.3999999999999977,1.8000000000000043,43,1,-2.3500000000000227,-0.013733855414645668,0.0,-0.013733855414645668,21.0,-0.04541877459246779,-8.080000000000013,0.031684919177822124,5822
22,-0.3999999999999977,1.900000000000004,43,1,-2.3500000000000227,-0.013733855414645668,0.0,-0.013733855414645668,21.0,-0.04541877459246779,-8.080000000000013,0.031684919177822124,5823
22,-0.3999999999999977,2.0000000000000044,43,1,-2.3500000000000227,-0.013733855414645668,0.0,-0.013733855414645668,21.0,-0.04541877459246779,-8.080000000000013,0.031684919177822124,5824
22,-0.3999999999999977,2.100000000000005,43,1,-2.3500000000000227,-0.013733855414645668,0.0,-0.013733855414645668,21.0,-0.04541877459246779,-8.080000000000013,0.031684919177822124,5825
22,-0.3999999999999977,2.2000000000000046,43,1,-2.3500000000000227,-0.013733855414645668,0.0,-0.013733855414645668,21.0,-0.04541877459246779,-8.080000000000013,0.031684919177822124,5826
22,-0.3999999999999977,2.3000000000000043,43,1,-2.3500000000000227,-0.013733855414645668,0.0,-0.013733855414645668,21.0,-0.04541877459246779,-8.080000000000013,0.031684919177822124,5827
22,-0.3999999999999977,2.400000000000005,43,1,-2.3500000000000227,-0.013733855414645668,0.0,-0.013733855414645668,21.0,-0.04541877459246779,-8.080000000000013,0.031684919177822124,5828
22,-0.3999999999999977,2.5000000000000053,43,1,-2.3500000000000227,-0.013733855414645668,0.0,-0.013733855414645668,21.0,-0.04541877459246779,-8.080000000000013,0.031684919177822124,5829
22,-0.3999999999999977,2.600000000000005,43,1,-2.3500000000000227,-0.013733855414645668,0.0,-0.013733855414645668,21.0,-0.04541877459246779,-8.080000000000013,0.031684919177822124,5830
22,-0.3999999999999977,2.7000000000000046,43,1,-2.3500000000000227,-0.013733855414645668,0.0,-0.013733855414645668,21.0,-0.04541877459246779,-8.080000000000013,0.031684919177822124,5831
22,-0.3999999999999977,2.800000000000005,43,1,-2.3500000000000227,-0.013733855414645668,0.0,-0.013733855414645668,21.0,-0.04541877459246779,-8.080000000000013,0.031684919177822124,5832
22,-0.3999999999999977,2.9000000000000057,43,1,-2.3500000000000227,-0.013733855414645668,0.0,-0.013733855414645668,21.0,-0.04541877459246779,-8.080000000000013,0.031684919177822124,5833
22,-0.2999999999999976,1.600000000000004,43,1,-2.3500000000000227,-0.013733855414645668,0.0,-0.013733855414645668,21.0,-0.04541877459246779,-8.080000000000013,0.031684919177822124,5834
22,-0.2999999999999976,1.7000000000000046,43,1,-2.3500000000000227,-0.013733855414645668,0.0,-0.013733855414645668,21.0,-0.04541877459246779,-8.080000000000013,0.031684919177822124,5835
22,-0.2999999999999976,1.8000000000000043,43,1,-2.3500000000000227,-0.013733855414645668,0.0,-0.013733855414645668,21.0,-0.04541877459246779,-8.080000000000013,0.031684919177822124,5836
22,-0.2999999999999976,1.900000000000004,43,1,-2.3500000000000227,-0.013733855414645668,0.0,-0.013733855414645668,21.0,-0.04541877459246779,-8.080000000000013,0.031684919177822124,5837
22,-0.2999999999999976,2.0000000000000044,43,1,-2.3500000000000227,-0.013733855414645668,0.0,-0.013733855414645668,21.0,-0.04541877459246779,-8.080000000000013,0.031684919177822124,5838
22,-0.2999999999999976,2.100000000000005,43,1,-2.3500000000000227,-0.013733855414645668,0.0,-0.013733855414645668,21.0,-0.04541877459246779,-8.080000000000013,0.031684919177822124,5839
22,-0.2999999999999976,2.2000000000000046,43,1,-2.3500000000000227,-0.013733855414645668,0.0,-0.013733855414645668,21.0,-0.04541877459246779,-8.080000000000013,0.031684919177822124,5840
22,-0.2999999999999976,2.3000000000000043,43,1,-2.3500000000000227,-0.013733855414645668,0.0,-0.013733855414645668,21.0,-0.04541877459246779,-8.080000000000013,0.031684919177822124,5841
22,-0.2999999999999976,2.400000000000005,43,1,-2.3500000000000227,-0.013733855414645668,0.0,-0.013733855414645668,21.0,-0.04541877459246779,-8.080000000000013,0.031684919177822124,5842
22,-0.2999999999999976,2.5000000000000053,43,1,-2.3500000000000227,-0.013733855414645668,0.0,-0.013733855414645668,21.0,-0.04541877459246779,-8.080000000000013,0.031684919177822124,5843
22,-0.2999999999999976,2.600000000000005,43,1,-2.3500000000000227,-0.013733855414645668,0.0,-0.013733855414645668,21.0,-0.04541877459246779,-8.080000000000013,0.031684919177822124,5844
22,-0.2999999999999976,2.7000000000000046,43,1,-2.3500000000000227,-0.013733855414645668,0.0,-0.013733855414645668,21.0,-0.04541877459246779,-8.080000000000013,0.031684919177822124,5845
22,-0.2999999999999976,2.800000000000005,43,1,-2.3500000000000227,-0.013733855414645668,0.0,-0.013733855414645668,21.0,-0.04541877459246779,-8.080000000000013,0.031684919177822124,5846
22,-0.2999999999999976,2.9000000000000057,43,1,-2.3500000000000227,-0.013733855414645668,0.0,-0.013733855414645668,21.0,-0.04541877459246779,-8.080000000000013,0.031684919177822124,5847
10,-3.0,-0.1999999999999975,55,13,-2.3499999999999943,-0.013754827603105979,0.3076923076923077,-0.0010398899327483007,1.3076923076923077,-0.007654999123473449,-1.3100000000000023,-0.00609982847963253,5848
10,-2.9,-0.1999999999999975,55,13,-2.3499999999999943,-0.013754827603105979,0.3076923076923077,-0.0010398899327483007,1.3076923076923077,-0.007654999123473449,-1.3100000000000023,-0.00609982847963253,5849
10,-2.8,-0.1999999999999975,55,13,-2.3499999999999943,-0.013754827603105979,0.3076923076923077,-0.0010398899327483007,1.3076923076923077,-0.007654999123473449,-1.3100000000000023,-0.00609982847963253,5850
10,-2.6999999999999997,-0.1999999999999975,55,13,-2.3499999999999943,-0.013754827603105979,0.3076923076923077,-0.0010398899327483007,1.3076923076923077,-0.007654999123473449,-1.3100000000000023,-0.00609982847963253,5851
10,-2.5999999999999996,-0.1999999999999975,55,13,-2.3499999999999943,-0.013754827603105979,0.3076923076923077,-0.0010398899327483007,1.3076923076923077,-0.007654999123473449,-1.3100000000000023,-0.00609982847963253,5852
10,-2.4999999999999996,-0.1999999999999975,55,13,-2.3499999999999943,-0.013754827603105979,0.3076923076923077,-0.0010398899327483007,1.3076923076923077,-0.007654999123473449,-1.3100000000000023,-0.00609982847963253,5853
10,-2.3999999999999995,-0.1999999999999975,55,13,-2.3499999999999943,-0.013754827603105979,0.3076923076923077,-0.0010398899327483007,1.3076923076923077,-0.007654999123473449,-1.3100000000000023,-0.00609982847963253,5854
22,1.2000000000000037,-1.0999999999999983,43,2,-2.440000000000026,-0.01382298319621944,0.5,-0.0067870156813756854,27.5,-0.04541877459246779,-8.080000000000013,0.03159579139624835,5855
22,1.2000000000000037,-0.9999999999999982,43,2,-2.440000000000026,-0.01382298319621944,0.5,-0.0067870156813756854,27.5,-0.04541877459246779,-8.080000000000013,0.03159579139624835,5856
22,1.2000000000000037,-0.8999999999999981,43,2,-2.440000000000026,-0.01382298319621944,0.5,-0.0067870156813756854,27.5,-0.04541877459246779,-8.080000000000013,0.03159579139624835,5857
22,1.3000000000000043,-1.0999999999999983,43,2,-2.440000000000026,-0.01382298319621944,0.5,-0.0067870156813756854,27.5,-0.04541877459246779,-8.080000000000013,0.03159579139624835,5858
22,1.3000000000000043,-0.9999999999999982,43,2,-2.440000000000026,-0.01382298319621944,0.5,-0.0067870156813756854,27.5,-0.04541877459246779,-8.080000000000013,0.03159579139624835,5859
22,1.3000000000000043,-0.8999999999999981,43,2,-2.440000000000026,-0.01382298319621944,0.5,-0.0067870156813756854,27.5,-0.04541877459246779,-8.080000000000013,0.03159579139624835,5860
5,-0.2999999999999976,-0.699999999999998,60,10,-2.350000000000051,-0.013934595413247819,0.7,-0.001227221779151777,3.4,-0.0014112666117841455,-0.2400000000000091,-0.012523328801463673,5861
10,0.30000000000000293,-1.799999999999999,55,12,-2.3100000000000023,-0.013969940159878402,0.8333333333333334,-0.0010178775711491654,4.416666666666667,-0.007654999123473449,-1.3100000000000023,-0.006314941036404953,5862
10,0.30000000000000293,-1.6999999999999988,55,12,-2.3100000000000023,-0.013969940159878402,0.8333333333333334,-0.0010178775711491654,4.416666666666667,-0.007654999123473449,-1.3100000000000023,-0.006314941036404953,5863
10,1.400000000000004,-1.9999999999999991,55,8,-2.370000000000033,-0.013969973592696028,0.75,-0.0014838166073242592,7.875,-0.007654999123473449,-1.3100000000000023,-0.0063149744692225784,5864
22,1.1000000000000032,-1.0999999999999983,43,2,-2.4700000000000273,-0.0139959259126754,0.5,-0.00687259792591266,27.0,-0.04541877459246779,-8.080000000000013,0.03142284867979239,5865
22,1.1000000000000032,-0.9999999999999982,43,2,-2.4700000000000273,-0.0139959259126754,0.5,-0.00687259792591266,27.0,-0.04541877459246779,-8.080000000000013,0.03142284867979239,5866
22,1.1000000000000032,-0.8999999999999981,43,2,-2.4700000000000273,-0.0139959259126754,0.5,-0.00687259792591266,27.0,-0.04541877459246779,-8.080000000000013,0.03142284867979239,5867
5,0.20000000000000284,-1.3999999999999986,60,15,-2.2400000000000375,-0.014120165725798661,0.6666666666666666,-0.0008305513009710941,3.533333333333333,-0.0014112666117841455,-0.2400000000000091,-0.012708899114014516,5868
5,0.30000000000000293,-1.3999999999999986,60,15,-2.2400000000000375,-0.014120165725798661,0.6666666666666666,-0.0008305513009710941,3.533333333333333,-0.0014112666117841455,-0.2400000000000091,-0.012708899114014516,5869
5,0.20000000000000284,-1.1999999999999984,60,12,-2.3000000000000114,-0.014171413883751094,0.75,-0.0010539522347696728,3.9166666666666665,-0.0014112666117841455,-0.2400000000000091,-0.012760147271966948,5870
5,0.30000000000000293,-1.1999999999999984,60,12,-2.3000000000000114,-0.014171413883751094,0.75,-0.0010539522347696728,3.9166666666666665,-0.0014112666117841455,-0.2400000000000091,-0.012760147271966948,5871
22,-1.5999999999999988,-1.0999999999999983,43,16,-2.440000000000026,-0.01422000430240522,0.625,-0.0008136634371372561,1.875,-0.04541877459246779,-8.080000000000013,0.031198770290062572,5872
22,-2.9,-1.2999999999999985,43,19,-2.3700000000000045,-0.01433568181397915,0.5263157894736842,-0.0006984309937826394,1.736842105263158,-0.04541877459246779,-8.080000000000013,0.03108309277848864,5873
22,-2.9,-1.1999999999999984,43,19,-2.3700000000000045,-0.01433568181397915,0.5263157894736842,-0.0006984309937826394,1.736842105263158,-0.04541877459246779,-8.080000000000013,0.03108309277848864,5874
22,-2.8,-1.2999999999999985,43,19,-2.3700000000000045,-0.01433568181397915,0.5263157894736842,-0.0006984309937826394,1.736842105263158,-0.04541877459246779,-8.080000000000013,0.03108309277848864,5875
22,-2.8,-1.1999999999999984,43,19,-2.3700000000000045,-0.01433568181397915,0.5263157894736842,-0.0006984309937826394,1.736842105263158,-0.04541877459246779,-8.080000000000013,0.03108309277848864,5876
22,-2.6999999999999997,-1.2999999999999985,43,19,-2.3700000000000045,-0.01433568181397915,0.5263157894736842,-0.0006984309937826394,1.736842105263158,-0.04541877459246779,-8.080000000000013,0.03108309277848864,5877
22,-2.6999999999999997,-1.1999999999999984,43,19,-2.3700000000000045,-0.01433568181397915,0.5263157894736842,-0.0006984309937826394,1.736842105263158,-0.04541877459246779,-8.080000000000013,0.03108309277848864,5878
22,-2.5999999999999996,-1.2999999999999985,43,19,-2.3700000000000045,-0.01433568181397915,0.5263157894736842,-0.0006984309937826394,1.736842105263158,-0.04541877459246779,-8.080000000000013,0.03108309277848864,5879
22,-2.5999999999999996,-1.1999999999999984,43,19,-2.3700000000000045,-0.01433568181397915,0.5263157894736842,-0.0006984309937826394,1.736842105263158,-0.04541877459246779,-8.080000000000013,0.03108309277848864,5880
22,-2.4999999999999996,-1.2999999999999985,43,19,-2.3700000000000045,-0.01433568181397915,0.5263157894736842,-0.0006984309937826394,1.736842105263158,-0.04541877459246779,-8.080000000000013,0.03108309277848864,5881
22,-2.4999999999999996,-1.1999999999999984,43,19,-2.3700000000000045,-0.01433568181397915,0.5263157894736842,-0.0006984309937826394,1.736842105263158,-0.04541877459246779,-8.080000000000013,0.03108309277848864,5882
22,-2.3999999999999995,-1.2999999999999985,43,19,-2.3700000000000045,-0.01433568181397915,0.5263157894736842,-0.0006984309937826394,1.736842105263158,-0.04541877459246779,-8.080000000000013,0.03108309277848864,5883
22,-2.3999999999999995,-1.1999999999999984,43,19,-2.3700000000000045,-0.01433568181397915,0.5263157894736842,-0.0006984309937826394,1.736842105263158,-0.04541877459246779,-8.080000000000013,0.03108309277848864,5884
22,-2.2999999999999994,-1.2999999999999985,43,19,-2.3700000000000045,-0.01433568181397915,0.5263157894736842,-0.0006984309937826394,1.736842105263158,-0.04541877459246779,-8.080000000000013,0.03108309277848864,5885
22,-2.2999999999999994,-1.1999999999999984,43,19,-2.3700000000000045,-0.01433568181397915,0.5263157894736842,-0.0006984309937826394,1.736842105263158,-0.04541877459246779,-8.080000000000013,0.03108309277848864,5886
22,-2.1999999999999993,-1.2999999999999985,43,19,-2.3700000000000045,-0.01433568181397915,0.5263157894736842,-0.0006984309937826394,1.736842105263158,-0.04541877459246779,-8.080000000000013,0.03108309277848864,5887
22,-2.1999999999999993,-1.1999999999999984,43,19,-2.3700000000000045,-0.01433568181397915,0.5263157894736842,-0.0006984309937826394,1.736842105263158,-0.04541877459246779,-8.080000000000013,0.03108309277848864,5888
22,-2.099999999999999,-1.2999999999999985,43,19,-2.3700000000000045,-0.01433568181397915,0.5263157894736842,-0.0006984309937826394,1.736842105263158,-0.04541877459246779,-8.080000000000013,0.03108309277848864,5889
22,-2.099999999999999,-1.1999999999999984,43,19,-2.3700000000000045,-0.01433568181397915,0.5263157894736842,-0.0006984309937826394,1.736842105263158,-0.04541877459246779,-8.080000000000013,0.03108309277848864,5890
5,-0.1999999999999975,-0.5999999999999979,60,8,-2.4100000000000534,-0.014337497538055466,0.625,-0.0015803327528031985,4.375,-0.0014112666117841455,-0.2400000000000091,-0.01292623092627132,5891
5,-0.1999999999999975,-0.4999999999999978,60,8,-2.4100000000000534,-0.014337497538055466,0.625,-0.0015803327528031985,4.375,-0.0014112666117841455,-0.2400000000000091,-0.01292623092627132,5892
5,-0.1999999999999975,-0.3999999999999977,60,8,-2.4100000000000534,-0.014337497538055466,0.625,-0.0015803327528031985,4.375,-0.0014112666117841455,-0.2400000000000091,-0.01292623092627132,5893
5,-0.1999999999999975,-0.2999999999999976,60,8,-2.4100000000000534,-0.014337497538055466,0.625,-0.0015803327528031985,4.375,-0.0014112666117841455,-0.2400000000000091,-0.01292623092627132,5894
5,-0.1999999999999975,-0.1999999999999975,60,8,-2.4100000000000534,-0.014337497538055466,0.625,-0.0015803327528031985,4.375,-0.0014112666117841455,-0.2400000000000091,-0.01292623092627132,5895
5,-0.1999999999999975,-0.09999999999999742,60,8,-2.4100000000000534,-0.014337497538055466,0.625,-0.0015803327528031985,4.375,-0.0014112666117841455,-0.2400000000000091,-0.01292623092627132,5896
5,-0.09999999999999742,-0.5999999999999979,60,8,-2.4100000000000534,-0.014337497538055466,0.625,-0.0015803327528031985,4.375,-0.0014112666117841455,-0.2400000000000091,-0.01292623092627132,5897
5,-0.09999999999999742,-0.4999999999999978,60,8,-2.4100000000000534,-0.014337497538055466,0.625,-0.0015803327528031985,4.375,-0.0014112666117841455,-0.2400000000000091,-0.01292623092627132,5898
5,-0.09999999999999742,-0.3999999999999977,60,8,-2.4100000000000534,-0.014337497538055466,0.625,-0.0015803327528031985,4.375,-0.0014112666117841455,-0.2400000000000091,-0.01292623092627132,5899
5,-0.09999999999999742,-0.2999999999999976,60,8,-2.4100000000000534,-0.014337497538055466,0.625,-0.0015803327528031985,4.375,-0.0014112666117841455,-0.2400000000000091,-0.01292623092627132,5900
5,-0.09999999999999742,-0.1999999999999975,60,8,-2.4100000000000534,-0.014337497538055466,0.625,-0.0015803327528031985,4.375,-0.0014112666117841455,-0.2400000000000091,-0.01292623092627132,5901
5,-0.09999999999999742,-0.09999999999999742,60,8,-2.4100000000000534,-0.014337497538055466,0.625,-0.0015803327528031985,4.375,-0.0014112666117841455,-0.2400000000000091,-0.01292623092627132,5902
5,2.6645352591003757e-15,-0.5999999999999979,60,8,-2.4100000000000534,-0.014337497538055466,0.625,-0.0015803327528031985,4.375,-0.0014112666117841455,-0.2400000000000091,-0.01292623092627132,5903
5,2.6645352591003757e-15,-0.4999999999999978,60,8,-2.4100000000000534,-0.014337497538055466,0.625,-0.0015803327528031985,4.375,-0.0014112666117841455,-0.2400000000000091,-0.01292623092627132,5904
5,2.6645352591003757e-15,-0.3999999999999977,60,8,-2.4100000000000534,-0.014337497538055466,0.625,-0.0015803327528031985,4.375,-0.0014112666117841455,-0.2400000000000091,-0.01292623092627132,5905
5,2.6645352591003757e-15,-0.2999999999999976,60,8,-2.4100000000000534,-0.014337497538055466,0.625,-0.0015803327528031985,4.375,-0.0014112666117841455,-0.2400000000000091,-0.01292623092627132,5906
5,2.6645352591003757e-15,-0.1999999999999975,60,8,-2.4100000000000534,-0.014337497538055466,0.625,-0.0015803327528031985,4.375,-0.0014112666117841455,-0.2400000000000091,-0.01292623092627132,5907
5,2.6645352591003757e-15,-0.09999999999999742,60,8,-2.4100000000000534,-0.014337497538055466,0.625,-0.0015803327528031985,4.375,-0.0014112666117841455,-0.2400000000000091,-0.01292623092627132,5908
22,-1.0999999999999983,-1.2999999999999985,43,15,-2.3799999999999955,-0.0143574196846461,0.5333333333333333,-0.000877735923803972,2.6,-0.04541877459246779,-8.080000000000013,0.031061354907821692,5909
22,-1.0999999999999983,-1.1999999999999984,43,15,-2.3799999999999955,-0.0143574196846461,0.5333333333333333,-0.000877735923803972,2.6,-0.04541877459246779,-8.080000000000013,0.031061354907821692,5910
22,-0.9999999999999982,-1.2999999999999985,43,15,-2.3799999999999955,-0.0143574196846461,0.5333333333333333,-0.000877735923803972,2.6,-0.04541877459246779,-8.080000000000013,0.031061354907821692,5911
22,-0.9999999999999982,-1.1999999999999984,43,15,-2.3799999999999955,-0.0143574196846461,0.5333333333333333,-0.000877735923803972,2.6,-0.04541877459246779,-8.080000000000013,0.031061354907821692,5912
22,-0.1999999999999975,1.600000000000004,43,1,-2.460000000000008,-0.014376716731926864,0.0,-0.014376716731926864,22.0,-0.04541877459246779,-8.080000000000013,0.031042057860540928,5913
22,-0.1999999999999975,1.7000000000000046,43,1,-2.460000000000008,-0.014376716731926864,0.0,-0.014376716731926864,22.0,-0.04541877459246779,-8.080000000000013,0.031042057860540928,5914
22,-0.1999999999999975,1.8000000000000043,43,1,-2.460000000000008,-0.014376716731926864,0.0,-0.014376716731926864,22.0,-0.04541877459246779,-8.080000000000013,0.031042057860540928,5915
22,-0.1999999999999975,1.900000000000004,43,1,-2.460000000000008,-0.014376716731926864,0.0,-0.014376716731926864,22.0,-0.04541877459246779,-8.080000000000013,0.031042057860540928,5916
22,-0.1999999999999975,2.0000000000000044,43,1,-2.460000000000008,-0.014376716731926864,0.0,-0.014376716731926864,22.0,-0.04541877459246779,-8.080000000000013,0.031042057860540928,5917
22,-0.1999999999999975,2.100000000000005,43,1,-2.460000000000008,-0.014376716731926864,0.0,-0.014376716731926864,22.0,-0.04541877459246779,-8.080000000000013,0.031042057860540928,5918
22,-0.1999999999999975,2.2000000000000046,43,1,-2.460000000000008,-0.014376716731926864,0.0,-0.014376716731926864,22.0,-0.04541877459246779,-8.080000000000013,0.031042057860540928,5919
22,-0.1999999999999975,2.3000000000000043,43,1,-2.460000000000008,-0.014376716731926864,0.0,-0.014376716731926864,22.0,-0.04541877459246779,-8.080000000000013,0.031042057860540928,5920
22,-0.1999999999999975,2.400000000000005,43,1,-2.460000000000008,-0.014376716731926864,0.0,-0.014376716731926864,22.0,-0.04541877459246779,-8.080000000000013,0.031042057860540928,5921
22,-0.1999999999999975,2.5000000000000053,43,1,-2.460000000000008,-0.014376716731926864,0.0,-0.014376716731926864,22.0,-0.04541877459246779,-8.080000000000013,0.031042057860540928,5922
22,-0.1999999999999975,2.600000000000005,43,1,-2.460000000000008,-0.014376716731926864,0.0,-0.014376716731926864,22.0,-0.04541877459246779,-8.080000000000013,0.031042057860540928,5923
22,-0.1999999999999975,2.7000000000000046,43,1,-2.460000000000008,-0.014376716731926864,0.0,-0.014376716731926864,22.0,-0.04541877459246779,-8.080000000000013,0.031042057860540928,5924
22,-0.1999999999999975,2.800000000000005,43,1,-2.460000000000008,-0.014376716731926864,0.0,-0.014376716731926864,22.0,-0.04541877459246779,-8.080000000000013,0.031042057860540928,5925
22,-0.1999999999999975,2.9000000000000057,43,1,-2.460000000000008,-0.014376716731926864,0.0,-0.014376716731926864,22.0,-0.04541877459246779,-8.080000000000013,0.031042057860540928,5926
10,-0.8999999999999981,-1.0999999999999983,55,13,-2.4399999999999977,-0.014456286057415224,0.6923076923076923,-0.0009853474748741098,2.6153846153846154,-0.007654999123473449,-1.3100000000000023,-0.006801286933941775,5927
10,-0.799999999999998,-1.0999999999999983,55,13,-2.4399999999999977,-0.014456286057415224,0.6923076923076923,-0.0009853474748741098,2.6153846153846154,-0.007654999123473449,-1.3100000000000023,-0.006801286933941775,5928
5,1.0000000000000036,-1.6999999999999988,60,13,-2.4599999999999795,-0.014464270867006856,0.8461538461538461,-0.0010058562519699422,4.461538461538462,-0.0014112666117841455,-0.2400000000000091,-0.013053004255222711,5929
22,0.9000000000000035,-3.0,43,5,-2.4899999999999807,-0.014466804474296935,0.6,-0.0027435553387183953,10.8,-0.04541877459246779,-8.080000000000013,0.030951970118170857,5930
22,0.9000000000000035,-2.9,43,5,-2.4899999999999807,-0.014466804474296935,0.6,-0.0027435553387183953,10.8,-0.04541877459246779,-8.080000000000013,0.030951970118170857,5931
22,0.9000000000000035,-2.8,43,5,-2.4899999999999807,-0.014466804474296935,0.6,-0.0027435553387183953,10.8,-0.04541877459246779,-8.080000000000013,0.030951970118170857,5932
22,0.9000000000000035,-2.6999999999999997,43,5,-2.4899999999999807,-0.014466804474296935,0.6,-0.0027435553387183953,10.8,-0.04541877459246779,-8.080000000000013,0.030951970118170857,5933
22,0.9000000000000035,-2.5999999999999996,43,5,-2.4899999999999807,-0.014466804474296935,0.6,-0.0027435553387183953,10.8,-0.04541877459246779,-8.080000000000013,0.030951970118170857,5934
22,0.9000000000000035,-2.4999999999999996,43,5,-2.4899999999999807,-0.014466804474296935,0.6,-0.0027435553387183953,10.8,-0.04541877459246779,-8.080000000000013,0.030951970118170857,5935
22,0.9000000000000035,-2.3999999999999995,43,5,-2.4899999999999807,-0.014466804474296935,0.6,-0.0027435553387183953,10.8,-0.04541877459246779,-8.080000000000013,0.030951970118170857,5936
22,0.9000000000000035,-2.2999999999999994,43,5,-2.4899999999999807,-0.014466804474296935,0.6,-0.0027435553387183953,10.8,-0.04541877459246779,-8.080000000000013,0.030951970118170857,5937
22,0.9000000000000035,-2.1999999999999993,43,5,-2.4899999999999807,-0.014466804474296935,0.6,-0.0027435553387183953,10.8,-0.04541877459246779,-8.080000000000013,0.030951970118170857,5938
22,0.9000000000000035,-2.099999999999999,43,5,-2.4899999999999807,-0.014466804474296935,0.6,-0.0027435553387183953,10.8,-0.04541877459246779,-8.080000000000013,0.030951970118170857,5939
22,0.9000000000000035,-1.9999999999999991,43,5,-2.4899999999999807,-0.014466804474296935,0.6,-0.0027435553387183953,10.8,-0.04541877459246779,-8.080000000000013,0.030951970118170857,5940
22,0.9000000000000035,-1.899999999999999,43,5,-2.4899999999999807,-0.014466804474296935,0.6,-0.0027435553387183953,10.8,-0.04541877459246779,-8.080000000000013,0.030951970118170857,5941
22,0.9000000000000035,-1.799999999999999,43,5,-2.4899999999999807,-0.014466804474296935,0.6,-0.0027435553387183953,10.8,-0.04541877459246779,-8.080000000000013,0.030951970118170857,5942
22,0.9000000000000035,-1.6999999999999988,43,5,-2.4899999999999807,-0.014466804474296935,0.6,-0.0027435553387183953,10.8,-0.04541877459246779,-8.080000000000013,0.030951970118170857,5943
22,0.9000000000000035,-1.5999999999999988,43,5,-2.4899999999999807,-0.014466804474296935,0.6,-0.0027435553387183953,10.8,-0.04541877459246779,-8.080000000000013,0.030951970118170857,5944
22,0.9000000000000035,-1.4999999999999987,43,5,-2.4899999999999807,-0.014466804474296935,0.6,-0.0027435553387183953,10.8,-0.04541877459246779,-8.080000000000013,0.030951970118170857,5945
22,0.9000000000000035,-1.3999999999999986,43,5,-2.4899999999999807,-0.014466804474296935,0.6,-0.0027435553387183953,10.8,-0.04541877459246779,-8.080000000000013,0.030951970118170857,5946
22,1.0000000000000036,-3.0,43,5,-2.4899999999999807,-0.014466804474296935,0.6,-0.0027435553387183953,10.8,-0.04541877459246779,-8.080000000000013,0.030951970118170857,5947
22,1.0000000000000036,-2.9,43,5,-2.4899999999999807,-0.014466804474296935,0.6,-0.0027435553387183953,10.8,-0.04541877459246779,-8.080000000000013,0.030951970118170857,5948
22,1.0000000000000036,-2.8,43,5,-2.4899999999999807,-0.014466804474296935,0.6,-0.0027435553387183953,10.8,-0.04541877459246779,-8.080000000000013,0.030951970118170857,5949
22,1.0000000000000036,-2.6999999999999997,43,5,-2.4899999999999807,-0.014466804474296935,0.6,-0.0027435553387183953,10.8,-0.04541877459246779,-8.080000000000013,0.030951970118170857,5950
22,1.0000000000000036,-2.5999999999999996,43,5,-2.4899999999999807,-0.014466804474296935,0.6,-0.0027435553387183953,10.8,-0.04541877459246779,-8.080000000000013,0.030951970118170857,5951
22,1.0000000000000036,-2.4999999999999996,43,5,-2.4899999999999807,-0.014466804474296935,0.6,-0.0027435553387183953,10.8,-0.04541877459246779,-8.080000000000013,0.030951970118170857,5952
22,1.0000000000000036,-2.3999999999999995,43,5,-2.4899999999999807,-0.014466804474296935,0.6,-0.0027435553387183953,10.8,-0.04541877459246779,-8.080000000000013,0.030951970118170857,5953
22,1.0000000000000036,-2.2999999999999994,43,5,-2.4899999999999807,-0.014466804474296935,0.6,-0.0027435553387183953,10.8,-0.04541877459246779,-8.080000000000013,0.030951970118170857,5954
22,1.0000000000000036,-2.1999999999999993,43,5,-2.4899999999999807,-0.014466804474296935,0.6,-0.0027435553387183953,10.8,-0.04541877459246779,-8.080000000000013,0.030951970118170857,5955
22,1.0000000000000036,-2.099999999999999,43,5,-2.4899999999999807,-0.014466804474296935,0.6,-0.0027435553387183953,10.8,-0.04541877459246779,-8.080000000000013,0.030951970118170857,5956
22,1.0000000000000036,-1.9999999999999991,43,5,-2.4899999999999807,-0.014466804474296935,0.6,-0.0027435553387183953,10.8,-0.04541877459246779,-8.080000000000013,0.030951970118170857,5957
22,1.0000000000000036,-1.899999999999999,43,5,-2.4899999999999807,-0.014466804474296935,0.6,-0.0027435553387183953,10.8,-0.04541877459246779,-8.080000000000013,0.030951970118170857,5958
22,1.0000000000000036,-1.799999999999999,43,5,-2.4899999999999807,-0.014466804474296935,0.6,-0.0027435553387183953,10.8,-0.04541877459246779,-8.080000000000013,0.030951970118170857,5959
22,1.0000000000000036,-1.6999999999999988,43,5,-2.4899999999999807,-0.014466804474296935,0.6,-0.0027435553387183953,10.8,-0.04541877459246779,-8.080000000000013,0.030951970118170857,5960
22,1.0000000000000036,-1.5999999999999988,43,5,-2.4899999999999807,-0.014466804474296935,0.6,-0.0027435553387183953,10.8,-0.04541877459246779,-8.080000000000013,0.030951970118170857,5961
22,1.0000000000000036,-1.4999999999999987,43,5,-2.4899999999999807,-0.014466804474296935,0.6,-0.0027435553387183953,10.8,-0.04541877459246779,-8.080000000000013,0.030951970118170857,5962
22,1.0000000000000036,-1.3999999999999986,43,5,-2.4899999999999807,-0.014466804474296935,0.6,-0.0027435553387183953,10.8,-0.04541877459246779,-8.080000000000013,0.030951970118170857,5963
22,-2.9,-0.9999999999999982,43,18,-2.480000000000018,-0.014505934636541262,0.4444444444444444,-0.0007760143475235632,1.6111111111111112,-0.04541877459246779,-8.080000000000013,0.03091283995592653,5964
22,-2.9,-0.8999999999999981,43,18,-2.480000000000018,-0.014505934636541262,0.4444444444444444,-0.0007760143475235632,1.6111111111111112,-0.04541877459246779,-8.080000000000013,0.03091283995592653,5965
22,-2.8,-0.9999999999999982,43,18,-2.480000000000018,-0.014505934636541262,0.4444444444444444,-0.0007760143475235632,1.6111111111111112,-0.04541877459246779,-8.080000000000013,0.03091283995592653,5966
22,-2.8,-0.8999999999999981,43,18,-2.480000000000018,-0.014505934636541262,0.4444444444444444,-0.0007760143475235632,1.6111111111111112,-0.04541877459246779,-8.080000000000013,0.03091283995592653,5967
22,-2.6999999999999997,-0.9999999999999982,43,18,-2.480000000000018,-0.014505934636541262,0.4444444444444444,-0.0007760143475235632,1.6111111111111112,-0.04541877459246779,-8.080000000000013,0.03091283995592653,5968
22,-2.6999999999999997,-0.8999999999999981,43,18,-2.480000000000018,-0.014505934636541262,0.4444444444444444,-0.0007760143475235632,1.6111111111111112,-0.04541877459246779,-8.080000000000013,0.03091283995592653,5969
22,-2.5999999999999996,-0.9999999999999982,43,18,-2.480000000000018,-0.014505934636541262,0.4444444444444444,-0.0007760143475235632,1.6111111111111112,-0.04541877459246779,-8.080000000000013,0.03091283995592653,5970
22,-2.5999999999999996,-0.8999999999999981,43,18,-2.480000000000018,-0.014505934636541262,0.4444444444444444,-0.0007760143475235632,1.6111111111111112,-0.04541877459246779,-8.080000000000013,0.03091283995592653,5971
22,-2.4999999999999996,-0.9999999999999982,43,18,-2.480000000000018,-0.014505934636541262,0.4444444444444444,-0.0007760143475235632,1.6111111111111112,-0.04541877459246779,-8.080000000000013,0.03091283995592653,5972
22,-2.4999999999999996,-0.8999999999999981,43,18,-2.480000000000018,-0.014505934636541262,0.4444444444444444,-0.0007760143475235632,1.6111111111111112,-0.04541877459246779,-8.080000000000013,0.03091283995592653,5973
22,-2.3999999999999995,-0.9999999999999982,43,18,-2.480000000000018,-0.014505934636541262,0.4444444444444444,-0.0007760143475235632,1.6111111111111112,-0.04541877459246779,-8.080000000000013,0.03091283995592653,5974
22,-2.3999999999999995,-0.8999999999999981,43,18,-2.480000000000018,-0.014505934636541262,0.4444444444444444,-0.0007760143475235632,1.6111111111111112,-0.04541877459246779,-8.080000000000013,0.03091283995592653,5975
22,-2.2999999999999994,-0.9999999999999982,43,18,-2.480000000000018,-0.014505934636541262,0.4444444444444444,-0.0007760143475235632,1.6111111111111112,-0.04541877459246779,-8.080000000000013,0.03091283995592653,5976
22,-2.2999999999999994,-0.8999999999999981,43,18,-2.480000000000018,-0.014505934636541262,0.4444444444444444,-0.0007760143475235632,1.6111111111111112,-0.04541877459246779,-8.080000000000013,0.03091283995592653,5977
22,-2.1999999999999993,-0.9999999999999982,43,18,-2.480000000000018,-0.014505934636541262,0.4444444444444444,-0.0007760143475235632,1.6111111111111112,-0.04541877459246779,-8.080000000000013,0.03091283995592653,5978
22,-2.1999999999999993,-0.8999999999999981,43,18,-2.480000000000018,-0.014505934636541262,0.4444444444444444,-0.0007760143475235632,1.6111111111111112,-0.04541877459246779,-8.080000000000013,0.03091283995592653,5979
22,-2.099999999999999,-0.9999999999999982,43,18,-2.480000000000018,-0.014505934636541262,0.4444444444444444,-0.0007760143475235632,1.6111111111111112,-0.04541877459246779,-8.080000000000013,0.03091283995592653,5980
22,-2.099999999999999,-0.8999999999999981,43,18,-2.480000000000018,-0.014505934636541262,0.4444444444444444,-0.0007760143475235632,1.6111111111111112,-0.04541877459246779,-8.080000000000013,0.03091283995592653,5981
22,-1.1999999999999984,-0.4999999999999978,43,11,-2.5200000000000387,-0.014507737408001486,0.7272727272727273,-0.0012296954592312898,2.4545454545454546,-0.04541877459246779,-8.080000000000013,0.030911037184466306,5982
10,-2.2999999999999994,-1.9999999999999991,55,25,-2.3300000000000125,-0.014564456490107625,0.52,-0.0005167198600937927,1.48,-0.007654999123473449,-1.3100000000000023,-0.006909457366634175,5983
10,-2.1999999999999993,-1.9999999999999991,55,25,-2.3300000000000125,-0.014564456490107625,0.52,-0.0005167198600937927,1.48,-0.007654999123473449,-1.3100000000000023,-0.006909457366634175,5984
10,-2.099999999999999,-1.9999999999999991,55,25,-2.3300000000000125,-0.014564456490107625,0.52,-0.0005167198600937927,1.48,-0.007654999123473449,-1.3100000000000023,-0.006909457366634175,5985
10,-1.9999999999999991,-1.9999999999999991,55,25,-2.3300000000000125,-0.014564456490107625,0.52,-0.0005167198600937927,1.48,-0.007654999123473449,-1.3100000000000023,-0.006909457366634175,5986
5,-3.0,-0.2999999999999976,60,14,-2.4499999999999886,-0.014569896432919727,0.42857142857142855,-0.0010275379840976357,1.2857142857142858,-0.0014112666117841455,-0.2400000000000091,-0.013158629821135581,5987
5,-3.0,-0.1999999999999975,60,14,-2.4499999999999886,-0.014569896432919727,0.42857142857142855,-0.0010275379840976357,1.2857142857142858,-0.0014112666117841455,-0.2400000000000091,-0.013158629821135581,5988
5,-2.9,-0.2999999999999976,60,14,-2.4499999999999886,-0.014569896432919727,0.42857142857142855,-0.0010275379840976357,1.2857142857142858,-0.0014112666117841455,-0.2400000000000091,-0.013158629821135581,5989
5,-2.9,-0.1999999999999975,60,14,-2.4499999999999886,-0.014569896432919727,0.42857142857142855,-0.0010275379840976357,1.2857142857142858,-0.0014112666117841455,-0.2400000000000091,-0.013158629821135581,5990
5,-2.8,-0.2999999999999976,60,14,-2.4499999999999886,-0.014569896432919727,0.42857142857142855,-0.0010275379840976357,1.2857142857142858,-0.0014112666117841455,-0.2400000000000091,-0.013158629821135581,5991
5,-2.8,-0.1999999999999975,60,14,-2.4499999999999886,-0.014569896432919727,0.42857142857142855,-0.0010275379840976357,1.2857142857142858,-0.0014112666117841455,-0.2400000000000091,-0.013158629821135581,5992
5,-2.6999999999999997,-0.2999999999999976,60,14,-2.4499999999999886,-0.014569896432919727,0.42857142857142855,-0.0010275379840976357,1.2857142857142858,-0.0014112666117841455,-0.2400000000000091,-0.013158629821135581,5993
5,-2.6999999999999997,-0.1999999999999975,60,14,-2.4499999999999886,-0.014569896432919727,0.42857142857142855,-0.0010275379840976357,1.2857142857142858,-0.0014112666117841455,-0.2400000000000091,-0.013158629821135581,5994
5,-2.5999999999999996,-0.2999999999999976,60,14,-2.4499999999999886,-0.014569896432919727,0.42857142857142855,-0.0010275379840976357,1.2857142857142858,-0.0014112666117841455,-0.2400000000000091,-0.013158629821135581,5995
5,-2.5999999999999996,-0.1999999999999975,60,14,-2.4499999999999886,-0.014569896432919727,0.42857142857142855,-0.0010275379840976357,1.2857142857142858,-0.0014112666117841455,-0.2400000000000091,-0.013158629821135581,5996
5,-2.4999999999999996,-0.2999999999999976,60,14,-2.4499999999999886,-0.014569896432919727,0.42857142857142855,-0.0010275379840976357,1.2857142857142858,-0.0014112666117841455,-0.2400000000000091,-0.013158629821135581,5997
5,-2.4999999999999996,-0.1999999999999975,60,14,-2.4499999999999886,-0.014569896432919727,0.42857142857142855,-0.0010275379840976357,1.2857142857142858,-0.0014112666117841455,-0.2400000000000091,-0.013158629821135581,5998
5,-2.3999999999999995,-0.2999999999999976,60,14,-2.4499999999999886,-0.014569896432919727,0.42857142857142855,-0.0010275379840976357,1.2857142857142858,-0.0014112666117841455,-0.2400000000000091,-0.013158629821135581,5999
5,-2.3999999999999995,-0.1999999999999975,60,14,-2.4499999999999886,-0.014569896432919727,0.42857142857142855,-0.0010275379840976357,1.2857142857142858,-0.0014112666117841455,-0.2400000000000091,-0.013158629821135581,6000
5,-2.2999999999999994,-0.2999999999999976,60,14,-2.4499999999999886,-0.014569896432919727,0.42857142857142855,-0.0010275379840976357,1.2857142857142858,-0.0014112666117841455,-0.2400000000000091,-0.013158629821135581,6001
5,-2.2999999999999994,-0.1999999999999975,60,14,-2.4499999999999886,-0.014569896432919727,0.42857142857142855,-0.0010275379840976357,1.2857142857142858,-0.0014112666117841455,-0.2400000000000091,-0.013158629821135581,6002
5,-2.1999999999999993,-0.2999999999999976,60,14,-2.4499999999999886,-0.014569896432919727,0.42857142857142855,-0.0010275379840976357,1.2857142857142858,-0.0014112666117841455,-0.2400000000000091,-0.013158629821135581,6003
5,-2.1999999999999993,-0.1999999999999975,60,14,-2.4499999999999886,-0.014569896432919727,0.42857142857142855,-0.0010275379840976357,1.2857142857142858,-0.0014112666117841455,-0.2400000000000091,-0.013158629821135581,6004
5,-2.099999999999999,-0.2999999999999976,60,14,-2.4499999999999886,-0.014569896432919727,0.42857142857142855,-0.0010275379840976357,1.2857142857142858,-0.0014112666117841455,-0.2400000000000091,-0.013158629821135581,6005
5,-2.099999999999999,-0.1999999999999975,60,14,-2.4499999999999886,-0.014569896432919727,0.42857142857142855,-0.0010275379840976357,1.2857142857142858,-0.0014112666117841455,-0.2400000000000091,-0.013158629821135581,6006
5,-1.9999999999999991,-0.2999999999999976,60,14,-2.4499999999999886,-0.014569896432919727,0.42857142857142855,-0.0010275379840976357,1.2857142857142858,-0.0014112666117841455,-0.2400000000000091,-0.013158629821135581,6007
5,-1.9999999999999991,-0.1999999999999975,60,14,-2.4499999999999886,-0.014569896432919727,0.42857142857142855,-0.0010275379840976357,1.2857142857142858,-0.0014112666117841455,-0.2400000000000091,-0.013158629821135581,6008
5,-1.899999999999999,-0.2999999999999976,60,14,-2.4499999999999886,-0.014569896432919727,0.42857142857142855,-0.0010275379840976357,1.2857142857142858,-0.0014112666117841455,-0.2400000000000091,-0.013158629821135581,6009
5,-1.899999999999999,-0.1999999999999975,60,14,-2.4499999999999886,-0.014569896432919727,0.42857142857142855,-0.0010275379840976357,1.2857142857142858,-0.0014112666117841455,-0.2400000000000091,-0.013158629821135581,6010
5,-1.799999999999999,-0.2999999999999976,60,14,-2.4499999999999886,-0.014569896432919727,0.42857142857142855,-0.0010275379840976357,1.2857142857142858,-0.0014112666117841455,-0.2400000000000091,-0.013158629821135581,6011
5,-1.799999999999999,-0.1999999999999975,60,14,-2.4499999999999886,-0.014569896432919727,0.42857142857142855,-0.0010275379840976357,1.2857142857142858,-0.0014112666117841455,-0.2400000000000091,-0.013158629821135581,6012
5,-1.6999999999999988,-0.2999999999999976,60,14,-2.4499999999999886,-0.014569896432919727,0.42857142857142855,-0.0010275379840976357,1.2857142857142858,-0.0014112666117841455,-0.2400000000000091,-0.013158629821135581,6013
5,-1.6999999999999988,-0.1999999999999975,60,14,-2.4499999999999886,-0.014569896432919727,0.42857142857142855,-0.0010275379840976357,1.2857142857142858,-0.0014112666117841455,-0.2400000000000091,-0.013158629821135581,6014
5,-0.8999999999999981,-0.9999999999999982,60,17,-2.469999999999999,-0.014640639011776702,0.6470588235294118,-0.0007816804312995781,1.9411764705882353,-0.0014112666117841455,-0.2400000000000091,-0.013229372399992556,6015
5,-0.8999999999999981,-0.8999999999999981,60,17,-2.469999999999999,-0.014640639011776702,0.6470588235294118,-0.0007816804312995781,1.9411764705882353,-0.0014112666117841455,-0.2400000000000091,-0.013229372399992556,6016
5,-0.799999999999998,-0.9999999999999982,60,17,-2.469999999999999,-0.014640639011776702,0.6470588235294118,-0.0007816804312995781,1.9411764705882353,-0.0014112666117841455,-0.2400000000000091,-0.013229372399992556,6017
5,-0.799999999999998,-0.8999999999999981,60,17,-2.469999999999999,-0.014640639011776702,0.6470588235294118,-0.0007816804312995781,1.9411764705882353,-0.0014112666117841455,-0.2400000000000091,-0.013229372399992556,6018
5,-0.699999999999998,-0.9999999999999982,60,17,-2.469999999999999,-0.014640639011776702,0.6470588235294118,-0.0007816804312995781,1.9411764705882353,-0.0014112666117841455,-0.2400000000000091,-0.013229372399992556,6019
5,-0.699999999999998,-0.8999999999999981,60,17,-2.469999999999999,-0.014640639011776702,0.6470588235294118,-0.0007816804312995781,1.9411764705882353,-0.0014112666117841455,-0.2400000000000091,-0.013229372399992556,6020
5,-0.5999999999999979,-0.9999999999999982,60,17,-2.469999999999999,-0.014640639011776702,0.6470588235294118,-0.0007816804312995781,1.9411764705882353,-0.0014112666117841455,-0.2400000000000091,-0.013229372399992556,6021
5,-0.5999999999999979,-0.8999999999999981,60,17,-2.469999999999999,-0.014640639011776702,0.6470588235294118,-0.0007816804312995781,1.9411764705882353,-0.0014112666117841455,-0.2400000000000091,-0.013229372399992556,6022
10,-1.799999999999999,0.8000000000000034,55,8,-2.490000000000066,-0.014650107049312355,0.5,-0.001790553282078472,2.125,-0.007654999123473449,-1.3100000000000023,-0.006995107925838906,6023
10,-1.799999999999999,0.9000000000000035,55,8,-2.490000000000066,-0.014650107049312355,0.5,-0.001790553282078472,2.125,-0.007654999123473449,-1.3100000000000023,-0.006995107925838906,6024
22,-3.0,0.10000000000000275,43,10,-2.609999999999985,-0.014737649794504426,0.4,-0.0014615471932778123,1.4,-0.04541877459246779,-8.080000000000013,0.030681124797963366,6025
10,1.600000000000004,-0.9999999999999982,55,4,-2.630000000000024,-0.01475374388584172,0.75,-0.0032422861038384765,13.25,-0.007654999123473449,-1.3100000000000023,-0.00709874476236827,6026
5,-1.1999999999999984,-0.9999999999999982,60,18,-2.469999999999999,-0.014756063841974698,0.6666666666666666,-0.0007399727231427394,1.8333333333333333,-0.0014112666117841455,-0.2400000000000091,-0.013344797230190553,6027
5,-1.1999999999999984,-0.8999999999999981,60,18,-2.469999999999999,-0.014756063841974698,0.6666666666666666,-0.0007399727231427394,1.8333333333333333,-0.0014112666117841455,-0.2400000000000091,-0.013344797230190553,6028
5,-3.0,0.6000000000000032,60,8,-2.5300000000000296,-0.014801940505818623,0.375,-0.0018309967026748503,1.5,-0.0014112666117841455,-0.2400000000000091,-0.013390673894034477,6029
5,-3.0,0.7000000000000033,60,8,-2.5300000000000296,-0.014801940505818623,0.375,-0.0018309967026748503,1.5,-0.0014112666117841455,-0.2400000000000091,-0.013390673894034477,6030
5,-3.0,0.8000000000000034,60,8,-2.5300000000000296,-0.014801940505818623,0.375,-0.0018309967026748503,1.5,-0.0014112666117841455,-0.2400000000000091,-0.013390673894034477,6031
5,-3.0,0.9000000000000035,60,8,-2.5300000000000296,-0.014801940505818623,0.375,-0.0018309967026748503,1.5,-0.0014112666117841455,-0.2400000000000091,-0.013390673894034477,6032
5,-2.9,0.6000000000000032,60,8,-2.5300000000000296,-0.014801940505818623,0.375,-0.0018309967026748503,1.5,-0.0014112666117841455,-0.2400000000000091,-0.013390673894034477,6033
5,-2.9,0.7000000000000033,60,8,-2.5300000000000296,-0.014801940505818623,0.375,-0.0018309967026748503,1.5,-0.0014112666117841455,-0.2400000000000091,-0.013390673894034477,6034
5,-2.9,0.8000000000000034,60,8,-2.5300000000000296,-0.014801940505818623,0.375,-0.0018309967026748503,1.5,-0.0014112666117841455,-0.2400000000000091,-0.013390673894034477,6035
5,-2.9,0.9000000000000035,60,8,-2.5300000000000296,-0.014801940505818623,0.375,-0.0018309967026748503,1.5,-0.0014112666117841455,-0.2400000000000091,-0.013390673894034477,6036
5,-2.8,0.6000000000000032,60,8,-2.5300000000000296,-0.014801940505818623,0.375,-0.0018309967026748503,1.5,-0.0014112666117841455,-0.2400000000000091,-0.013390673894034477,6037
5,-2.8,0.7000000000000033,60,8,-2.5300000000000296,-0.014801940505818623,0.375,-0.0018309967026748503,1.5,-0.0014112666117841455,-0.2400000000000091,-0.013390673894034477,6038
5,-2.8,0.8000000000000034,60,8,-2.5300000000000296,-0.014801940505818623,0.375,-0.0018309967026748503,1.5,-0.0014112666117841455,-0.2400000000000091,-0.013390673894034477,6039
5,-2.8,0.9000000000000035,60,8,-2.5300000000000296,-0.014801940505818623,0.375,-0.0018309967026748503,1.5,-0.0014112666117841455,-0.2400000000000091,-0.013390673894034477,6040
5,-2.6999999999999997,0.6000000000000032,60,8,-2.5300000000000296,-0.014801940505818623,0.375,-0.0018309967026748503,1.5,-0.0014112666117841455,-0.2400000000000091,-0.013390673894034477,6041
5,-2.6999999999999997,0.7000000000000033,60,8,-2.5300000000000296,-0.014801940505818623,0.375,-0.0018309967026748503,1.5,-0.0014112666117841455,-0.2400000000000091,-0.013390673894034477,6042
5,-2.6999999999999997,0.8000000000000034,60,8,-2.5300000000000296,-0.014801940505818623,0.375,-0.0018309967026748503,1.5,-0.0014112666117841455,-0.2400000000000091,-0.013390673894034477,6043
5,-2.6999999999999997,0.9000000000000035,60,8,-2.5300000000000296,-0.014801940505818623,0.375,-0.0018309967026748503,1.5,-0.0014112666117841455,-0.2400000000000091,-0.013390673894034477,6044
5,-2.5999999999999996,0.6000000000000032,60,8,-2.5300000000000296,-0.014801940505818623,0.375,-0.0018309967026748503,1.5,-0.0014112666117841455,-0.2400000000000091,-0.013390673894034477,6045
5,-2.5999999999999996,0.7000000000000033,60,8,-2.5300000000000296,-0.014801940505818623,0.375,-0.0018309967026748503,1.5,-0.0014112666117841455,-0.2400000000000091,-0.013390673894034477,6046
5,-2.5999999999999996,0.8000000000000034,60,8,-2.5300000000000296,-0.014801940505818623,0.375,-0.0018309967026748503,1.5,-0.0014112666117841455,-0.2400000000000091,-0.013390673894034477,6047
5,-2.5999999999999996,0.9000000000000035,60,8,-2.5300000000000296,-0.014801940505818623,0.375,-0.0018309967026748503,1.5,-0.0014112666117841455,-0.2400000000000091,-0.013390673894034477,6048
5,-2.4999999999999996,0.6000000000000032,60,8,-2.5300000000000296,-0.014801940505818623,0.375,-0.0018309967026748503,1.5,-0.0014112666117841455,-0.2400000000000091,-0.013390673894034477,6049
5,-2.4999999999999996,0.7000000000000033,60,8,-2.5300000000000296,-0.014801940505818623,0.375,-0.0018309967026748503,1.5,-0.0014112666117841455,-0.2400000000000091,-0.013390673894034477,6050
5,-2.4999999999999996,0.8000000000000034,60,8,-2.5300000000000296,-0.014801940505818623,0.375,-0.0018309967026748503,1.5,-0.0014112666117841455,-0.2400000000000091,-0.013390673894034477,6051
5,-2.4999999999999996,0.9000000000000035,60,8,-2.5300000000000296,-0.014801940505818623,0.375,-0.0018309967026748503,1.5,-0.0014112666117841455,-0.2400000000000091,-0.013390673894034477,6052
5,-2.3999999999999995,0.6000000000000032,60,8,-2.5300000000000296,-0.014801940505818623,0.375,-0.0018309967026748503,1.5,-0.0014112666117841455,-0.2400000000000091,-0.013390673894034477,6053
5,-2.3999999999999995,0.7000000000000033,60,8,-2.5300000000000296,-0.014801940505818623,0.375,-0.0018309967026748503,1.5,-0.0014112666117841455,-0.2400000000000091,-0.013390673894034477,6054
5,-2.3999999999999995,0.8000000000000034,60,8,-2.5300000000000296,-0.014801940505818623,0.375,-0.0018309967026748503,1.5,-0.0014112666117841455,-0.2400000000000091,-0.013390673894034477,6055
5,-2.3999999999999995,0.9000000000000035,60,8,-2.5300000000000296,-0.014801940505818623,0.375,-0.0018309967026748503,1.5,-0.0014112666117841455,-0.2400000000000091,-0.013390673894034477,6056
5,-2.2999999999999994,0.6000000000000032,60,8,-2.5300000000000296,-0.014801940505818623,0.375,-0.0018309967026748503,1.5,-0.0014112666117841455,-0.2400000000000091,-0.013390673894034477,6057
5,-2.2999999999999994,0.7000000000000033,60,8,-2.5300000000000296,-0.014801940505818623,0.375,-0.0018309967026748503,1.5,-0.0014112666117841455,-0.2400000000000091,-0.013390673894034477,6058
5,-2.2999999999999994,0.8000000000000034,60,8,-2.5300000000000296,-0.014801940505818623,0.375,-0.0018309967026748503,1.5,-0.0014112666117841455,-0.2400000000000091,-0.013390673894034477,6059
5,-2.2999999999999994,0.9000000000000035,60,8,-2.5300000000000296,-0.014801940505818623,0.375,-0.0018309967026748503,1.5,-0.0014112666117841455,-0.2400000000000091,-0.013390673894034477,6060
5,-2.1999999999999993,0.6000000000000032,60,8,-2.5300000000000296,-0.014801940505818623,0.375,-0.0018309967026748503,1.5,-0.0014112666117841455,-0.2400000000000091,-0.013390673894034477,6061
5,-2.1999999999999993,0.7000000000000033,60,8,-2.5300000000000296,-0.014801940505818623,0.375,-0.0018309967026748503,1.5,-0.0014112666117841455,-0.2400000000000091,-0.013390673894034477,6062
5,-2.1999999999999993,0.8000000000000034,60,8,-2.5300000000000296,-0.014801940505818623,0.375,-0.0018309967026748503,1.5,-0.0014112666117841455,-0.2400000000000091,-0.013390673894034477,6063
5,-2.1999999999999993,0.9000000000000035,60,8,-2.5300000000000296,-0.014801940505818623,0.375,-0.0018309967026748503,1.5,-0.0014112666117841455,-0.2400000000000091,-0.013390673894034477,6064
5,-2.099999999999999,0.6000000000000032,60,8,-2.5300000000000296,-0.014801940505818623,0.375,-0.0018309967026748503,1.5,-0.0014112666117841455,-0.2400000000000091,-0.013390673894034477,6065
5,-2.099999999999999,0.7000000000000033,60,8,-2.5300000000000296,-0.014801940505818623,0.375,-0.0018309967026748503,1.5,-0.0014112666117841455,-0.2400000000000091,-0.013390673894034477,6066
5,-2.099999999999999,0.8000000000000034,60,8,-2.5300000000000296,-0.014801940505818623,0.375,-0.0018309967026748503,1.5,-0.0014112666117841455,-0.2400000000000091,-0.013390673894034477,6067
5,-2.099999999999999,0.9000000000000035,60,8,-2.5300000000000296,-0.014801940505818623,0.375,-0.0018309967026748503,1.5,-0.0014112666117841455,-0.2400000000000091,-0.013390673894034477,6068
5,-1.9999999999999991,0.6000000000000032,60,8,-2.5300000000000296,-0.014801940505818623,0.375,-0.0018309967026748503,1.5,-0.0014112666117841455,-0.2400000000000091,-0.013390673894034477,6069
5,-1.9999999999999991,0.7000000000000033,60,8,-2.5300000000000296,-0.014801940505818623,0.375,-0.0018309967026748503,1.5,-0.0014112666117841455,-0.2400000000000091,-0.013390673894034477,6070
5,-1.9999999999999991,0.8000000000000034,60,8,-2.5300000000000296,-0.014801940505818623,0.375,-0.0018309967026748503,1.5,-0.0014112666117841455,-0.2400000000000091,-0.013390673894034477,6071
5,-1.9999999999999991,0.9000000000000035,60,8,-2.5300000000000296,-0.014801940505818623,0.375,-0.0018309967026748503,1.5,-0.0014112666117841455,-0.2400000000000091,-0.013390673894034477,6072
5,-1.899999999999999,0.6000000000000032,60,8,-2.5300000000000296,-0.014801940505818623,0.375,-0.0018309967026748503,1.5,-0.0014112666117841455,-0.2400000000000091,-0.013390673894034477,6073
5,-1.899999999999999,0.7000000000000033,60,8,-2.5300000000000296,-0.014801940505818623,0.375,-0.0018309967026748503,1.5,-0.0014112666117841455,-0.2400000000000091,-0.013390673894034477,6074
5,-1.899999999999999,0.8000000000000034,60,8,-2.5300000000000296,-0.014801940505818623,0.375,-0.0018309967026748503,1.5,-0.0014112666117841455,-0.2400000000000091,-0.013390673894034477,6075
5,-1.899999999999999,0.9000000000000035,60,8,-2.5300000000000296,-0.014801940505818623,0.375,-0.0018309967026748503,1.5,-0.0014112666117841455,-0.2400000000000091,-0.013390673894034477,6076
5,-1.799999999999999,0.6000000000000032,60,8,-2.5300000000000296,-0.014801940505818623,0.375,-0.0018309967026748503,1.5,-0.0014112666117841455,-0.2400000000000091,-0.013390673894034477,6077
5,-1.799999999999999,0.7000000000000033,60,8,-2.5300000000000296,-0.014801940505818623,0.375,-0.0018309967026748503,1.5,-0.0014112666117841455,-0.2400000000000091,-0.013390673894034477,6078
5,-1.799999999999999,0.8000000000000034,60,8,-2.5300000000000296,-0.014801940505818623,0.375,-0.0018309967026748503,1.5,-0.0014112666117841455,-0.2400000000000091,-0.013390673894034477,6079
5,-1.799999999999999,0.9000000000000035,60,8,-2.5300000000000296,-0.014801940505818623,0.375,-0.0018309967026748503,1.5,-0.0014112666117841455,-0.2400000000000091,-0.013390673894034477,6080
5,-1.6999999999999988,0.6000000000000032,60,8,-2.5300000000000296,-0.014801940505818623,0.375,-0.0018309967026748503,1.5,-0.0014112666117841455,-0.2400000000000091,-0.013390673894034477,6081
5,-1.6999999999999988,0.7000000000000033,60,8,-2.5300000000000296,-0.014801940505818623,0.375,-0.0018309967026748503,1.5,-0.0014112666117841455,-0.2400000000000091,-0.013390673894034477,6082
5,-1.6999999999999988,0.8000000000000034,60,8,-2.5300000000000296,-0.014801940505818623,0.375,-0.0018309967026748503,1.5,-0.0014112666117841455,-0.2400000000000091,-0.013390673894034477,6083
5,-1.6999999999999988,0.9000000000000035,60,8,-2.5300000000000296,-0.014801940505818623,0.375,-0.0018309967026748503,1.5,-0.0014112666117841455,-0.2400000000000091,-0.013390673894034477,6084
5,0.5000000000000031,-1.2999999999999985,60,13,-2.4200000000000443,-0.014857345168424296,0.8461538461538461,-0.0010204055970323487,4.0,-0.0014112666117841455,-0.2400000000000091,-0.01344607855664015,6085
10,-3.0,0.20000000000000284,55,12,-2.569999999999993,-0.014968045566225774,0.3333333333333333,-0.0012338746741212732,1.5,-0.007654999123473449,-1.3100000000000023,-0.0073130464427523245,6086
10,-3.0,0.30000000000000293,55,12,-2.569999999999993,-0.014968045566225774,0.3333333333333333,-0.0012338746741212732,1.5,-0.007654999123473449,-1.3100000000000023,-0.0073130464427523245,6087
10,-2.9,0.20000000000000284,55,12,-2.569999999999993,-0.014968045566225774,0.3333333333333333,-0.0012338746741212732,1.5,-0.007654999123473449,-1.3100000000000023,-0.0073130464427523245,6088
10,-2.9,0.30000000000000293,55,12,-2.569999999999993,-0.014968045566225774,0.3333333333333333,-0.0012338746741212732,1.5,-0.007654999123473449,-1.3100000000000023,-0.0073130464427523245,6089
10,-2.8,0.20000000000000284,55,12,-2.569999999999993,-0.014968045566225774,0.3333333333333333,-0.0012338746741212732,1.5,-0.007654999123473449,-1.3100000000000023,-0.0073130464427523245,6090
10,-2.8,0.30000000000000293,55,12,-2.569999999999993,-0.014968045566225774,0.3333333333333333,-0.0012338746741212732,1.5,-0.007654999123473449,-1.3100000000000023,-0.0073130464427523245,6091
10,-2.6999999999999997,0.20000000000000284,55,12,-2.569999999999993,-0.014968045566225774,0.3333333333333333,-0.0012338746741212732,1.5,-0.007654999123473449,-1.3100000000000023,-0.0073130464427523245,6092
10,-2.6999999999999997,0.30000000000000293,55,12,-2.569999999999993,-0.014968045566225774,0.3333333333333333,-0.0012338746741212732,1.5,-0.007654999123473449,-1.3100000000000023,-0.0073130464427523245,6093
10,-2.5999999999999996,0.20000000000000284,55,12,-2.569999999999993,-0.014968045566225774,0.3333333333333333,-0.0012338746741212732,1.5,-0.007654999123473449,-1.3100000000000023,-0.0073130464427523245,6094
10,-2.5999999999999996,0.30000000000000293,55,12,-2.569999999999993,-0.014968045566225774,0.3333333333333333,-0.0012338746741212732,1.5,-0.007654999123473449,-1.3100000000000023,-0.0073130464427523245,6095
10,-2.4999999999999996,0.20000000000000284,55,12,-2.569999999999993,-0.014968045566225774,0.3333333333333333,-0.0012338746741212732,1.5,-0.007654999123473449,-1.3100000000000023,-0.0073130464427523245,6096
10,-2.4999999999999996,0.30000000000000293,55,12,-2.569999999999993,-0.014968045566225774,0.3333333333333333,-0.0012338746741212732,1.5,-0.007654999123473449,-1.3100000000000023,-0.0073130464427523245,6097
10,-2.3999999999999995,0.20000000000000284,55,12,-2.569999999999993,-0.014968045566225774,0.3333333333333333,-0.0012338746741212732,1.5,-0.007654999123473449,-1.3100000000000023,-0.0073130464427523245,6098
10,-2.3999999999999995,0.30000000000000293,55,12,-2.569999999999993,-0.014968045566225774,0.3333333333333333,-0.0012338746741212732,1.5,-0.007654999123473449,-1.3100000000000023,-0.0073130464427523245,6099
22,0.400000000000003,-1.4999999999999987,43,9,-2.55000000000004,-0.014976625913581398,0.5555555555555556,-0.0016202955683035031,5.0,-0.04541877459246779,-8.080000000000013,0.030442148678886394,6100
22,0.400000000000003,-1.3999999999999986,43,9,-2.55000000000004,-0.014976625913581398,0.5555555555555556,-0.0016202955683035031,5.0,-0.04541877459246779,-8.080000000000013,0.030442148678886394,6101
22,0.5000000000000031,-1.4999999999999987,43,9,-2.55000000000004,-0.014976625913581398,0.5555555555555556,-0.0016202955683035031,5.0,-0.04541877459246779,-8.080000000000013,0.030442148678886394,6102
22,0.5000000000000031,-1.3999999999999986,43,9,-2.55000000000004,-0.014976625913581398,0.5555555555555556,-0.0016202955683035031,5.0,-0.04541877459246779,-8.080000000000013,0.030442148678886394,6103
5,-1.5999999999999988,-0.9999999999999982,60,21,-2.399999999999949,-0.015022319545006213,0.5714285714285714,-0.0006746131048547424,1.380952380952381,-0.0014112666117841455,-0.2400000000000091,-0.013611052933222068,6104
5,-1.5999999999999988,-0.8999999999999981,60,21,-2.399999999999949,-0.015022319545006213,0.5714285714285714,-0.0006746131048547424,1.380952380952381,-0.0014112666117841455,-0.2400000000000091,-0.013611052933222068,6105
5,-1.4999999999999987,-0.9999999999999982,60,21,-2.399999999999949,-0.015022319545006213,0.5714285714285714,-0.0006746131048547424,1.380952380952381,-0.0014112666117841455,-0.2400000000000091,-0.013611052933222068,6106
5,-1.4999999999999987,-0.8999999999999981,60,21,-2.399999999999949,-0.015022319545006213,0.5714285714285714,-0.0006746131048547424,1.380952380952381,-0.0014112666117841455,-0.2400000000000091,-0.013611052933222068,6107
5,-1.3999999999999986,-0.9999999999999982,60,21,-2.399999999999949,-0.015022319545006213,0.5714285714285714,-0.0006746131048547424,1.380952380952381,-0.0014112666117841455,-0.2400000000000091,-0.013611052933222068,6108
5,-1.3999999999999986,-0.8999999999999981,60,21,-2.399999999999949,-0.015022319545006213,0.5714285714285714,-0.0006746131048547424,1.380952380952381,-0.0014112666117841455,-0.2400000000000091,-0.013611052933222068,6109
5,1.0000000000000036,-1.1999999999999984,60,9,-2.5800000000000125,-0.015059238378283157,0.7777777777777778,-0.001527661310284725,5.555555555555555,-0.0014112666117841455,-0.2400000000000091,-0.013647971766499012,6110
5,0.400000000000003,-1.5999999999999988,60,15,-2.4499999999999886,-0.015089146893104033,0.8666666666666667,-0.0009038324052843476,3.6666666666666665,-0.0014112666117841455,-0.2400000000000091,-0.013677880281319887,6111
10,-0.5999999999999979,-3.0,55,20,-2.469999999999999,-0.0151277072910313,0.7,-0.0006804042488108619,2.25,-0.007654999123473449,-1.3100000000000023,-0.007472708167557851,6112
10,-0.5999999999999979,-2.9,55,20,-2.469999999999999,-0.0151277072910313,0.7,-0.0006804042488108619,2.25,-0.007654999123473449,-1.3100000000000023,-0.007472708167557851,6113
10,-0.5999999999999979,-2.8,55,20,-2.469999999999999,-0.0151277072910313,0.7,-0.0006804042488108619,2.25,-0.007654999123473449,-1.3100000000000023,-0.007472708167557851,6114
10,-0.5999999999999979,-2.6999999999999997,55,20,-2.469999999999999,-0.0151277072910313,0.7,-0.0006804042488108619,2.25,-0.007654999123473449,-1.3100000000000023,-0.007472708167557851,6115
10,-0.5999999999999979,-2.5999999999999996,55,20,-2.469999999999999,-0.0151277072910313,0.7,-0.0006804042488108619,2.25,-0.007654999123473449,-1.3100000000000023,-0.007472708167557851,6116
10,-0.5999999999999979,-2.4999999999999996,55,20,-2.469999999999999,-0.0151277072910313,0.7,-0.0006804042488108619,2.25,-0.007654999123473449,-1.3100000000000023,-0.007472708167557851,6117
5,-3.0,1.2000000000000037,60,6,-2.6000000000000227,-0.015169040643926435,0.3333333333333333,-0.002506000652628478,1.6666666666666667,-0.0014112666117841455,-0.2400000000000091,-0.01375777403214229,6118
5,-3.0,1.3000000000000043,60,6,-2.6000000000000227,-0.015169040643926435,0.3333333333333333,-0.002506000652628478,1.6666666666666667,-0.0014112666117841455,-0.2400000000000091,-0.01375777403214229,6119
5,-2.9,1.2000000000000037,60,6,-2.6000000000000227,-0.015169040643926435,0.3333333333333333,-0.002506000652628478,1.6666666666666667,-0.0014112666117841455,-0.2400000000000091,-0.01375777403214229,6120
5,-2.9,1.3000000000000043,60,6,-2.6000000000000227,-0.015169040643926435,0.3333333333333333,-0.002506000652628478,1.6666666666666667,-0.0014112666117841455,-0.2400000000000091,-0.01375777403214229,6121
5,-2.8,1.2000000000000037,60,6,-2.6000000000000227,-0.015169040643926435,0.3333333333333333,-0.002506000652628478,1.6666666666666667,-0.0014112666117841455,-0.2400000000000091,-0.01375777403214229,6122
5,-2.8,1.3000000000000043,60,6,-2.6000000000000227,-0.015169040643926435,0.3333333333333333,-0.002506000652628478,1.6666666666666667,-0.0014112666117841455,-0.2400000000000091,-0.01375777403214229,6123
5,-2.6999999999999997,1.2000000000000037,60,6,-2.6000000000000227,-0.015169040643926435,0.3333333333333333,-0.002506000652628478,1.6666666666666667,-0.0014112666117841455,-0.2400000000000091,-0.01375777403214229,6124
5,-2.6999999999999997,1.3000000000000043,60,6,-2.6000000000000227,-0.015169040643926435,0.3333333333333333,-0.002506000652628478,1.6666666666666667,-0.0014112666117841455,-0.2400000000000091,-0.01375777403214229,6125
5,-2.5999999999999996,1.2000000000000037,60,6,-2.6000000000000227,-0.015169040643926435,0.3333333333333333,-0.002506000652628478,1.6666666666666667,-0.0014112666117841455,-0.2400000000000091,-0.01375777403214229,6126
5,-2.5999999999999996,1.3000000000000043,60,6,-2.6000000000000227,-0.015169040643926435,0.3333333333333333,-0.002506000652628478,1.6666666666666667,-0.0014112666117841455,-0.2400000000000091,-0.01375777403214229,6127
5,-2.4999999999999996,1.2000000000000037,60,6,-2.6000000000000227,-0.015169040643926435,0.3333333333333333,-0.002506000652628478,1.6666666666666667,-0.0014112666117841455,-0.2400000000000091,-0.01375777403214229,6128
5,-2.4999999999999996,1.3000000000000043,60,6,-2.6000000000000227,-0.015169040643926435,0.3333333333333333,-0.002506000652628478,1.6666666666666667,-0.0014112666117841455,-0.2400000000000091,-0.01375777403214229,6129
5,-2.3999999999999995,1.2000000000000037,60,6,-2.6000000000000227,-0.015169040643926435,0.3333333333333333,-0.002506000652628478,1.6666666666666667,-0.0014112666117841455,-0.2400000000000091,-0.01375777403214229,6130
5,-2.3999999999999995,1.3000000000000043,60,6,-2.6000000000000227,-0.015169040643926435,0.3333333333333333,-0.002506000652628478,1.6666666666666667,-0.0014112666117841455,-0.2400000000000091,-0.01375777403214229,6131
5,-2.2999999999999994,1.2000000000000037,60,6,-2.6000000000000227,-0.015169040643926435,0.3333333333333333,-0.002506000652628478,1.6666666666666667,-0.0014112666117841455,-0.2400000000000091,-0.01375777403214229,6132
5,-2.2999999999999994,1.3000000000000043,60,6,-2.6000000000000227,-0.015169040643926435,0.3333333333333333,-0.002506000652628478,1.6666666666666667,-0.0014112666117841455,-0.2400000000000091,-0.01375777403214229,6133
5,-2.1999999999999993,1.2000000000000037,60,6,-2.6000000000000227,-0.015169040643926435,0.3333333333333333,-0.002506000652628478,1.6666666666666667,-0.0014112666117841455,-0.2400000000000091,-0.01375777403214229,6134
5,-2.1999999999999993,1.3000000000000043,60,6,-2.6000000000000227,-0.015169040643926435,0.3333333333333333,-0.002506000652628478,1.6666666666666667,-0.0014112666117841455,-0.2400000000000091,-0.01375777403214229,6135
5,-2.099999999999999,1.2000000000000037,60,6,-2.6000000000000227,-0.015169040643926435,0.3333333333333333,-0.002506000652628478,1.6666666666666667,-0.0014112666117841455,-0.2400000000000091,-0.01375777403214229,6136
5,-2.099999999999999,1.3000000000000043,60,6,-2.6000000000000227,-0.015169040643926435,0.3333333333333333,-0.002506000652628478,1.6666666666666667,-0.0014112666117841455,-0.2400000000000091,-0.01375777403214229,6137
5,-1.9999999999999991,1.2000000000000037,60,6,-2.6000000000000227,-0.015169040643926435,0.3333333333333333,-0.002506000652628478,1.6666666666666667,-0.0014112666117841455,-0.2400000000000091,-0.01375777403214229,6138
5,-1.9999999999999991,1.3000000000000043,60,6,-2.6000000000000227,-0.015169040643926435,0.3333333333333333,-0.002506000652628478,1.6666666666666667,-0.0014112666117841455,-0.2400000000000091,-0.01375777403214229,6139
5,-1.899999999999999,1.2000000000000037,60,6,-2.6000000000000227,-0.015169040643926435,0.3333333333333333,-0.002506000652628478,1.6666666666666667,-0.0014112666117841455,-0.2400000000000091,-0.01375777403214229,6140
5,-1.899999999999999,1.3000000000000043,60,6,-2.6000000000000227,-0.015169040643926435,0.3333333333333333,-0.002506000652628478,1.6666666666666667,-0.0014112666117841455,-0.2400000000000091,-0.01375777403214229,6141
5,-1.799999999999999,1.2000000000000037,60,6,-2.6000000000000227,-0.015169040643926435,0.3333333333333333,-0.002506000652628478,1.6666666666666667,-0.0014112666117841455,-0.2400000000000091,-0.01375777403214229,6142
5,-1.799999999999999,1.3000000000000043,60,6,-2.6000000000000227,-0.015169040643926435,0.3333333333333333,-0.002506000652628478,1.6666666666666667,-0.0014112666117841455,-0.2400000000000091,-0.01375777403214229,6143
5,-1.6999999999999988,1.2000000000000037,60,6,-2.6000000000000227,-0.015169040643926435,0.3333333333333333,-0.002506000652628478,1.6666666666666667,-0.0014112666117841455,-0.2400000000000091,-0.01375777403214229,6144
5,-1.6999999999999988,1.3000000000000043,60,6,-2.6000000000000227,-0.015169040643926435,0.3333333333333333,-0.002506000652628478,1.6666666666666667,-0.0014112666117841455,-0.2400000000000091,-0.01375777403214229,6145
5,-0.2999999999999976,-0.5999999999999979,60,9,-2.57000000000005,-0.015216562018903645,0.6666666666666666,-0.0015082214377163024,3.6666666666666665,-0.0014112666117841455,-0.2400000000000091,-0.0138052954071195,6146
5,-0.2999999999999976,-0.4999999999999978,60,9,-2.57000000000005,-0.015216562018903645,0.6666666666666666,-0.0015082214377163024,3.6666666666666665,-0.0014112666117841455,-0.2400000000000091,-0.0138052954071195,6147
10,-0.3999999999999977,-1.3999999999999986,55,12,-2.559999999999974,-0.015225132178966594,0.75,-0.0011476749661052203,3.3333333333333335,-0.007654999123473449,-1.3100000000000023,-0.0075701330554931445,6148
10,-0.3999999999999977,-1.2999999999999985,55,12,-2.559999999999974,-0.015225132178966594,0.75,-0.0011476749661052203,3.3333333333333335,-0.007654999123473449,-1.3100000000000023,-0.0075701330554931445,6149
5,1.0000000000000036,-1.0999999999999983,60,9,-2.609999999999985,-0.015230890654620133,0.7777777777777778,-0.0015470906495401726,5.444444444444445,-0.0014112666117841455,-0.2400000000000091,-0.013819624042835987,6150
10,-0.5999999999999979,-1.1999999999999984,55,13,-2.4899999999999807,-0.015350201821546339,0.6923076923076923,-0.0010661146305966673,2.769230769230769,-0.007654999123473449,-1.3100000000000023,-0.007695202698072889,6151
10,-0.5999999999999979,-0.9999999999999982,55,11,-2.5600000000000023,-0.015378813202670205,0.6363636363636364,-0.0012611779380997264,3.090909090909091,-0.007654999123473449,-1.3100000000000023,-0.007723814079196756,6152
10,-0.5999999999999979,-1.9999999999999991,55,19,-2.5200000000000387,-0.015493448536663124,0.5789473684210527,-0.000732298961786913,2.263157894736842,-0.007654999123473449,-1.3100000000000023,-0.007838449413189674,6153
10,1.2000000000000037,-0.8999999999999981,55,3,-2.650000000000034,-0.015495382618771814,0.6666666666666666,-0.0047598078323050075,15.333333333333334,-0.007654999123473449,-1.3100000000000023,-0.007840383495298364,6154
10,1.2000000000000037,-0.799999999999998,55,3,-2.650000000000034,-0.015495382618771814,0.6666666666666666,-0.0047598078323050075,15.333333333333334,-0.007654999123473449,-1.3100000000000023,-0.007840383495298364,6155
10,1.3000000000000043,-0.8999999999999981,55,3,-2.650000000000034,-0.015495382618771814,0.6666666666666666,-0.0047598078323050075,15.333333333333334,-0.007654999123473449,-1.3100000000000023,-0.007840383495298364,6156
10,1.3000000000000043,-0.799999999999998,55,3,-2.650000000000034,-0.015495382618771814,0.6666666666666666,-0.0047598078323050075,15.333333333333334,-0.007654999123473449,-1.3100000000000023,-0.007840383495298364,6157
10,1.400000000000004,-0.8999999999999981,55,3,-2.650000000000034,-0.015495382618771814,0.6666666666666666,-0.0047598078323050075,15.333333333333334,-0.007654999123473449,-1.3100000000000023,-0.007840383495298364,6158
10,1.400000000000004,-0.799999999999998,55,3,-2.650000000000034,-0.015495382618771814,0.6666666666666666,-0.0047598078323050075,15.333333333333334,-0.007654999123473449,-1.3100000000000023,-0.007840383495298364,6159
10,1.5000000000000036,-0.8999999999999981,55,3,-2.650000000000034,-0.015495382618771814,0.6666666666666666,-0.0047598078323050075,15.333333333333334,-0.007654999123473449,-1.3100000000000023,-0.007840383495298364,6160
10,1.5000000000000036,-0.799999999999998,55,3,-2.650000000000034,-0.015495382618771814,0.6666666666666666,-0.0047598078323050075,15.333333333333334,-0.007654999123473449,-1.3100000000000023,-0.007840383495298364,6161
10,-1.899999999999999,-1.3999999999999986,55,19,-2.539999999999992,-0.015541616991591622,0.631578947368421,-0.0007642798712053908,1.5789473684210527,-0.007654999123473449,-1.3100000000000023,-0.007886617868118173,6162
10,-1.899999999999999,-1.2999999999999985,55,19,-2.539999999999992,-0.015541616991591622,0.631578947368421,-0.0007642798712053908,1.5789473684210527,-0.007654999123473449,-1.3100000000000023,-0.007886617868118173,6163
5,-0.3999999999999977,-0.9999999999999982,60,14,-2.5800000000000125,-0.01556589874744796,0.6428571428571429,-0.0010020181143104673,2.857142857142857,-0.0014112666117841455,-0.2400000000000091,-0.014154632135663814,6164
5,-0.3999999999999977,-0.8999999999999981,60,14,-2.5800000000000125,-0.01556589874744796,0.6428571428571429,-0.0010020181143104673,2.857142857142857,-0.0014112666117841455,-0.2400000000000091,-0.014154632135663814,6165
5,1.0000000000000036,-0.9999999999999982,60,9,-2.680000000000007,-0.015618791378576136,0.7777777777777778,-0.001591039655718027,5.333333333333333,-0.0014112666117841455,-0.2400000000000091,-0.01420752476679199,6166
5,1.0000000000000036,-0.8999999999999981,60,9,-2.680000000000007,-0.015618791378576136,0.7777777777777778,-0.001591039655718027,5.333333333333333,-0.0014112666117841455,-0.2400000000000091,-0.01420752476679199,6167
10,-0.2999999999999976,-2.3999999999999995,55,17,-2.5600000000000307,-0.015622985445049253,0.5882352941176471,-0.0008211656963072303,3.0,-0.007654999123473449,-1.3100000000000023,-0.007967986321575804,6168
10,-0.2999999999999976,-2.2999999999999994,55,17,-2.5600000000000307,-0.015622985445049253,0.5882352941176471,-0.0008211656963072303,3.0,-0.007654999123473449,-1.3100000000000023,-0.007967986321575804,6169
10,-0.2999999999999976,-2.1999999999999993,55,17,-2.5600000000000307,-0.015622985445049253,0.5882352941176471,-0.0008211656963072303,3.0,-0.007654999123473449,-1.3100000000000023,-0.007967986321575804,6170
10,-0.2999999999999976,-2.099999999999999,55,17,-2.5600000000000307,-0.015622985445049253,0.5882352941176471,-0.0008211656963072303,3.0,-0.007654999123473449,-1.3100000000000023,-0.007967986321575804,6171
10,-0.2999999999999976,-1.9999999999999991,55,17,-2.5600000000000307,-0.015622985445049253,0.5882352941176471,-0.0008211656963072303,3.0,-0.007654999123473449,-1.3100000000000023,-0.007967986321575804,6172
10,-0.1999999999999975,-2.3999999999999995,55,17,-2.5600000000000307,-0.015622985445049253,0.5882352941176471,-0.0008211656963072303,3.0,-0.007654999123473449,-1.3100000000000023,-0.007967986321575804,6173
10,-0.1999999999999975,-2.2999999999999994,55,17,-2.5600000000000307,-0.015622985445049253,0.5882352941176471,-0.0008211656963072303,3.0,-0.007654999123473449,-1.3100000000000023,-0.007967986321575804,6174
10,-0.1999999999999975,-2.1999999999999993,55,17,-2.5600000000000307,-0.015622985445049253,0.5882352941176471,-0.0008211656963072303,3.0,-0.007654999123473449,-1.3100000000000023,-0.007967986321575804,6175
10,-0.1999999999999975,-2.099999999999999,55,17,-2.5600000000000307,-0.015622985445049253,0.5882352941176471,-0.0008211656963072303,3.0,-0.007654999123473449,-1.3100000000000023,-0.007967986321575804,6176
10,-0.1999999999999975,-1.9999999999999991,55,17,-2.5600000000000307,-0.015622985445049253,0.5882352941176471,-0.0008211656963072303,3.0,-0.007654999123473449,-1.3100000000000023,-0.007967986321575804,6177
5,-0.2999999999999976,-1.0999999999999983,60,13,-2.6299999999999955,-0.0156268333470424,0.7692307692307693,-0.001081225061505593,2.923076923076923,-0.0014112666117841455,-0.2400000000000091,-0.014215566735258256,6178
5,-0.4999999999999978,2.6645352591003757e-15,60,8,-2.6500000000000625,-0.01563200429193734,0.625,-0.0017858498025983965,3.625,-0.0014112666117841455,-0.2400000000000091,-0.014220737680153195,6179
10,0.30000000000000293,-1.3999999999999986,55,8,-2.6399999999999864,-0.015635577111743237,0.875,-0.0017347614844796938,6.0,-0.007654999123473449,-1.3100000000000023,-0.007980577988269788,6180
10,0.30000000000000293,-1.2999999999999985,55,8,-2.6399999999999864,-0.015635577111743237,0.875,-0.0017347614844796938,6.0,-0.007654999123473449,-1.3100000000000023,-0.007980577988269788,6181
5,0.10000000000000275,-1.5999999999999988,60,17,-2.5299999999999727,-0.015677195780368747,0.7058823529411765,-0.0008208412519613964,3.4705882352941178,-0.0014112666117841455,-0.2400000000000091,-0.014265929168584601,6182
5,1.0000000000000036,-1.5999999999999988,60,12,-2.6799999999999784,-0.015704259318320535,0.8333333333333334,-0.0011944696707077707,4.833333333333333,-0.0014112666117841455,-0.2400000000000091,-0.01429299270653639,6183
5,-0.3999999999999977,2.6645352591003757e-15,60,7,-2.6700000000000443,-0.015734684535209098,0.7142857142857143,-0.0020214561239671708,4.285714285714286,-0.0014112666117841455,-0.2400000000000091,-0.014323417923424953,6184
22,-0.5999999999999979,-0.699999999999998,43,9,-2.6899999999999977,-0.015775911196350356,0.5555555555555556,-0.0016434238929560936,4.111111111111111,-0.04541877459246779,-8.080000000000013,0.029642863396117436,6185
22,-0.5999999999999979,-0.5999999999999979,43,9,-2.6899999999999977,-0.015775911196350356,0.5555555555555556,-0.0016434238929560936,4.111111111111111,-0.04541877459246779,-8.080000000000013,0.029642863396117436,6186
22,-0.4999999999999978,-0.699999999999998,43,9,-2.6899999999999977,-0.015775911196350356,0.5555555555555556,-0.0016434238929560936,4.111111111111111,-0.04541877459246779,-8.080000000000013,0.029642863396117436,6187
22,-0.4999999999999978,-0.5999999999999979,43,9,-2.6899999999999977,-0.015775911196350356,0.5555555555555556,-0.0016434238929560936,4.111111111111111,-0.04541877459246779,-8.080000000000013,0.029642863396117436,6188
5,-1.5999999999999988,-1.5999999999999988,60,26,-2.609999999999985,-0.01592550698671591,0.5769230769230769,-0.0005771226733294973,1.5,-0.0014112666117841455,-0.2400000000000091,-0.014514240374931764,6189
5,-1.4999999999999987,-1.5999999999999988,60,26,-2.609999999999985,-0.01592550698671591,0.5769230769230769,-0.0005771226733294973,1.5,-0.0014112666117841455,-0.2400000000000091,-0.014514240374931764,6190
22,-3.0,0.9000000000000035,43,7,-2.7799999999999727,-0.015955064681195785,0.2857142857142857,-0.0022688331270697614,1.2857142857142858,-0.04541877459246779,-8.080000000000013,0.029463709911272007,6191
10,-3.0,1.2000000000000037,55,5,-2.719999999999999,-0.015958742143502014,0.4,-0.003170273241894317,1.4,-0.007654999123473449,-1.3100000000000023,-0.008303743020028564,6192
10,-3.0,1.3000000000000043,55,5,-2.719999999999999,-0.015958742143502014,0.4,-0.003170273241894317,1.4,-0.007654999123473449,-1.3100000000000023,-0.008303743020028564,6193
10,-2.9,1.2000000000000037,55,5,-2.719999999999999,-0.015958742143502014,0.4,-0.003170273241894317,1.4,-0.007654999123473449,-1.3100000000000023,-0.008303743020028564,6194
10,-2.9,1.3000000000000043,55,5,-2.719999999999999,-0.015958742143502014,0.4,-0.003170273241894317,1.4,-0.007654999123473449,-1.3100000000000023,-0.008303743020028564,6195
10,-2.8,1.2000000000000037,55,5,-2.719999999999999,-0.015958742143502014,0.4,-0.003170273241894317,1.4,-0.007654999123473449,-1.3100000000000023,-0.008303743020028564,6196
10,-2.8,1.3000000000000043,55,5,-2.719999999999999,-0.015958742143502014,0.4,-0.003170273241894317,1.4,-0.007654999123473449,-1.3100000000000023,-0.008303743020028564,6197
10,-2.6999999999999997,1.2000000000000037,55,5,-2.719999999999999,-0.015958742143502014,0.4,-0.003170273241894317,1.4,-0.007654999123473449,-1.3100000000000023,-0.008303743020028564,6198
10,-2.6999999999999997,1.3000000000000043,55,5,-2.719999999999999,-0.015958742143502014,0.4,-0.003170273241894317,1.4,-0.007654999123473449,-1.3100000000000023,-0.008303743020028564,6199
10,-2.5999999999999996,1.2000000000000037,55,5,-2.719999999999999,-0.015958742143502014,0.4,-0.003170273241894317,1.4,-0.007654999123473449,-1.3100000000000023,-0.008303743020028564,6200
10,-2.5999999999999996,1.3000000000000043,55,5,-2.719999999999999,-0.015958742143502014,0.4,-0.003170273241894317,1.4,-0.007654999123473449,-1.3100000000000023,-0.008303743020028564,6201
10,-2.4999999999999996,1.2000000000000037,55,5,-2.719999999999999,-0.015958742143502014,0.4,-0.003170273241894317,1.4,-0.007654999123473449,-1.3100000000000023,-0.008303743020028564,6202
10,-2.4999999999999996,1.3000000000000043,55,5,-2.719999999999999,-0.015958742143502014,0.4,-0.003170273241894317,1.4,-0.007654999123473449,-1.3100000000000023,-0.008303743020028564,6203
10,-2.3999999999999995,1.2000000000000037,55,5,-2.719999999999999,-0.015958742143502014,0.4,-0.003170273241894317,1.4,-0.007654999123473449,-1.3100000000000023,-0.008303743020028564,6204
10,-2.3999999999999995,1.3000000000000043,55,5,-2.719999999999999,-0.015958742143502014,0.4,-0.003170273241894317,1.4,-0.007654999123473449,-1.3100000000000023,-0.008303743020028564,6205
5,1.2000000000000037,-0.799999999999998,60,5,-2.7400000000000375,-0.01605786396643538,0.6,-0.002988347725730911,10.2,-0.0014112666117841455,-0.2400000000000091,-0.014646597354651236,6206
22,-0.3999999999999977,-0.699999999999998,43,8,-2.7700000000000102,-0.01615816333138609,0.75,-0.001923645679915209,4.375,-0.04541877459246779,-8.080000000000013,0.029260611261081704,6207
22,-0.3999999999999977,-0.5999999999999979,43,8,-2.7700000000000102,-0.01615816333138609,0.75,-0.001923645679915209,4.375,-0.04541877459246779,-8.080000000000013,0.029260611261081704,6208
22,-0.2999999999999976,-0.699999999999998,43,8,-2.7700000000000102,-0.01615816333138609,0.75,-0.001923645679915209,4.375,-0.04541877459246779,-8.080000000000013,0.029260611261081704,6209
22,-0.2999999999999976,-0.5999999999999979,43,8,-2.7700000000000102,-0.01615816333138609,0.75,-0.001923645679915209,4.375,-0.04541877459246779,-8.080000000000013,0.029260611261081704,6210
5,-1.1999999999999984,-1.5999999999999988,60,24,-2.7200000000000273,-0.016162462853818504,0.625,-0.0006091452415391321,1.75,-0.0014112666117841455,-0.2400000000000091,-0.014751196242034359,6211
5,-1.0999999999999983,-1.5999999999999988,60,24,-2.7200000000000273,-0.016162462853818504,0.625,-0.0006091452415391321,1.75,-0.0014112666117841455,-0.2400000000000091,-0.014751196242034359,6212
5,-0.9999999999999982,-1.5999999999999988,60,24,-2.7200000000000273,-0.016162462853818504,0.625,-0.0006091452415391321,1.75,-0.0014112666117841455,-0.2400000000000091,-0.014751196242034359,6213
5,-3.0,-1.799999999999999,60,29,-2.8800000000000807,-0.01620181652789965,0.5517241379310345,-0.0005220137024634469,1.5517241379310345,-0.0014112666117841455,-0.2400000000000091,-0.014790549916115503,6214
5,-2.9,-1.799999999999999,60,29,-2.8800000000000807,-0.01620181652789965,0.5517241379310345,-0.0005220137024634469,1.5517241379310345,-0.0014112666117841455,-0.2400000000000091,-0.014790549916115503,6215
5,-2.8,-1.799999999999999,60,29,-2.8800000000000807,-0.01620181652789965,0.5517241379310345,-0.0005220137024634469,1.5517241379310345,-0.0014112666117841455,-0.2400000000000091,-0.014790549916115503,6216
5,-2.6999999999999997,-1.799999999999999,60,29,-2.8800000000000807,-0.01620181652789965,0.5517241379310345,-0.0005220137024634469,1.5517241379310345,-0.0014112666117841455,-0.2400000000000091,-0.014790549916115503,6217
5,-2.5999999999999996,-1.799999999999999,60,29,-2.8800000000000807,-0.01620181652789965,0.5517241379310345,-0.0005220137024634469,1.5517241379310345,-0.0014112666117841455,-0.2400000000000091,-0.014790549916115503,6218
5,-2.4999999999999996,-1.799999999999999,60,29,-2.8800000000000807,-0.01620181652789965,0.5517241379310345,-0.0005220137024634469,1.5517241379310345,-0.0014112666117841455,-0.2400000000000091,-0.014790549916115503,6219
5,-2.3999999999999995,-1.799999999999999,60,29,-2.8800000000000807,-0.01620181652789965,0.5517241379310345,-0.0005220137024634469,1.5517241379310345,-0.0014112666117841455,-0.2400000000000091,-0.014790549916115503,6220
5,-2.2999999999999994,-1.799999999999999,60,29,-2.8800000000000807,-0.01620181652789965,0.5517241379310345,-0.0005220137024634469,1.5517241379310345,-0.0014112666117841455,-0.2400000000000091,-0.014790549916115503,6221
5,-2.1999999999999993,-1.799999999999999,60,29,-2.8800000000000807,-0.01620181652789965,0.5517241379310345,-0.0005220137024634469,1.5517241379310345,-0.0014112666117841455,-0.2400000000000091,-0.014790549916115503,6222
5,-2.099999999999999,-1.799999999999999,60,29,-2.8800000000000807,-0.01620181652789965,0.5517241379310345,-0.0005220137024634469,1.5517241379310345,-0.0014112666117841455,-0.2400000000000091,-0.014790549916115503,6223
5,-1.9999999999999991,-1.799999999999999,60,29,-2.8800000000000807,-0.01620181652789965,0.5517241379310345,-0.0005220137024634469,1.5517241379310345,-0.0014112666117841455,-0.2400000000000091,-0.014790549916115503,6224
10,-0.4999999999999978,-1.4999999999999987,55,15,-2.6500000000000057,-0.01621298252804848,0.6666666666666666,-0.0009857445803990099,2.7333333333333334,-0.007654999123473449,-1.3100000000000023,-0.008557983404575031,6225
5,-0.4999999999999978,-1.3999999999999986,60,19,-2.710000000000065,-0.016238092130935633,0.5789473684210527,-0.0007745789403809743,2.473684210526316,-0.0014112666117841455,-0.2400000000000091,-0.014826825519151487,6226
22,-0.1999999999999975,-0.4999999999999978,43,7,-2.8100000000000307,-0.016253635376818454,0.5714285714285714,-0.002202493360929211,5.285714285714286,-0.04541877459246779,-8.080000000000013,0.02916513921564934,6227
5,-1.0999999999999983,-0.699999999999998,60,14,-2.7900000000000205,-0.016266611246986584,0.6428571428571429,-0.0010694227368443657,2.0714285714285716,-0.0014112666117841455,-0.2400000000000091,-0.014855344635202439,6228
5,-0.9999999999999982,-0.699999999999998,60,14,-2.7900000000000205,-0.016266611246986584,0.6428571428571429,-0.0010694227368443657,2.0714285714285716,-0.0014112666117841455,-0.2400000000000091,-0.014855344635202439,6229
5,-0.8999999999999981,-0.699999999999998,60,14,-2.7900000000000205,-0.016266611246986584,0.6428571428571429,-0.0010694227368443657,2.0714285714285716,-0.0014112666117841455,-0.2400000000000091,-0.014855344635202439,6230
5,-0.799999999999998,-0.699999999999998,60,14,-2.7900000000000205,-0.016266611246986584,0.6428571428571429,-0.0010694227368443657,2.0714285714285716,-0.0014112666117841455,-0.2400000000000091,-0.014855344635202439,6231
5,-0.699999999999998,-0.699999999999998,60,14,-2.7900000000000205,-0.016266611246986584,0.6428571428571429,-0.0010694227368443657,2.0714285714285716,-0.0014112666117841455,-0.2400000000000091,-0.014855344635202439,6232
5,-0.5999999999999979,-0.699999999999998,60,14,-2.7900000000000205,-0.016266611246986584,0.6428571428571429,-0.0010694227368443657,2.0714285714285716,-0.0014112666117841455,-0.2400000000000091,-0.014855344635202439,6233
5,0.20000000000000284,-1.5999999999999988,60,16,-2.629999999999967,-0.016269661655064382,0.6875,-0.0009191347016143867,3.75,-0.0014112666117841455,-0.2400000000000091,-0.014858395043280237,6234
5,0.30000000000000293,-1.5999999999999988,60,16,-2.629999999999967,-0.016269661655064382,0.6875,-0.0009191347016143867,3.75,-0.0014112666117841455,-0.2400000000000091,-0.014858395043280237,6235
5,-0.3999999999999977,-1.3999999999999986,60,18,-2.7300000000000466,-0.016286615783794423,0.5555555555555556,-0.0008087050685397377,2.7222222222222223,-0.0014112666117841455,-0.2400000000000091,-0.014875349172010277,6236
5,-0.4999999999999978,-1.1999999999999984,60,16,-2.7700000000000387,-0.01628923019451034,0.625,-0.0009316348231192609,2.5625,-0.0014112666117841455,-0.2400000000000091,-0.014877963582726195,6237
22,-1.2999999999999985,-3.0,43,17,-2.730000000000018,-0.01632748869792411,0.6470588235294118,-0.0008993671420980528,1.8235294117647058,-0.04541877459246779,-8.080000000000013,0.029091285894543684,6238
22,-1.2999999999999985,-2.9,43,17,-2.730000000000018,-0.01632748869792411,0.6470588235294118,-0.0008993671420980528,1.8235294117647058,-0.04541877459246779,-8.080000000000013,0.029091285894543684,6239
22,-1.2999999999999985,-2.8,43,17,-2.730000000000018,-0.01632748869792411,0.6470588235294118,-0.0008993671420980528,1.8235294117647058,-0.04541877459246779,-8.080000000000013,0.029091285894543684,6240
22,-1.2999999999999985,-2.6999999999999997,43,17,-2.730000000000018,-0.01632748869792411,0.6470588235294118,-0.0008993671420980528,1.8235294117647058,-0.04541877459246779,-8.080000000000013,0.029091285894543684,6241
22,-1.2999999999999985,-2.5999999999999996,43,17,-2.730000000000018,-0.01632748869792411,0.6470588235294118,-0.0008993671420980528,1.8235294117647058,-0.04541877459246779,-8.080000000000013,0.029091285894543684,6242
22,-1.2999999999999985,-2.4999999999999996,43,17,-2.730000000000018,-0.01632748869792411,0.6470588235294118,-0.0008993671420980528,1.8235294117647058,-0.04541877459246779,-8.080000000000013,0.029091285894543684,6243
22,-1.2999999999999985,-2.3999999999999995,43,17,-2.730000000000018,-0.01632748869792411,0.6470588235294118,-0.0008993671420980528,1.8235294117647058,-0.04541877459246779,-8.080000000000013,0.029091285894543684,6244
22,-1.2999999999999985,-2.2999999999999994,43,17,-2.730000000000018,-0.01632748869792411,0.6470588235294118,-0.0008993671420980528,1.8235294117647058,-0.04541877459246779,-8.080000000000013,0.029091285894543684,6245
22,-1.2999999999999985,-2.1999999999999993,43,17,-2.730000000000018,-0.01632748869792411,0.6470588235294118,-0.0008993671420980528,1.8235294117647058,-0.04541877459246779,-8.080000000000013,0.029091285894543684,6246
22,-1.2999999999999985,-2.099999999999999,43,17,-2.730000000000018,-0.01632748869792411,0.6470588235294118,-0.0008993671420980528,1.8235294117647058,-0.04541877459246779,-8.080000000000013,0.029091285894543684,6247
22,-1.2999999999999985,-1.9999999999999991,43,17,-2.730000000000018,-0.01632748869792411,0.6470588235294118,-0.0008993671420980528,1.8235294117647058,-0.04541877459246779,-8.080000000000013,0.029091285894543684,6248
22,-1.2999999999999985,-1.899999999999999,43,17,-2.730000000000018,-0.01632748869792411,0.6470588235294118,-0.0008993671420980528,1.8235294117647058,-0.04541877459246779,-8.080000000000013,0.029091285894543684,6249
22,-1.2999999999999985,-1.799999999999999,43,17,-2.730000000000018,-0.01632748869792411,0.6470588235294118,-0.0008993671420980528,1.8235294117647058,-0.04541877459246779,-8.080000000000013,0.029091285894543684,6250
22,-1.2999999999999985,-1.6999999999999988,43,17,-2.730000000000018,-0.01632748869792411,0.6470588235294118,-0.0008993671420980528,1.8235294117647058,-0.04541877459246779,-8.080000000000013,0.029091285894543684,6251
22,-1.2999999999999985,-1.5999999999999988,43,17,-2.730000000000018,-0.01632748869792411,0.6470588235294118,-0.0008993671420980528,1.8235294117647058,-0.04541877459246779,-8.080000000000013,0.029091285894543684,6252
22,-1.2999999999999985,-1.4999999999999987,43,17,-2.730000000000018,-0.01632748869792411,0.6470588235294118,-0.0008993671420980528,1.8235294117647058,-0.04541877459246779,-8.080000000000013,0.029091285894543684,6253
22,-1.2999999999999985,-1.3999999999999986,43,17,-2.730000000000018,-0.01632748869792411,0.6470588235294118,-0.0008993671420980528,1.8235294117647058,-0.04541877459246779,-8.080000000000013,0.029091285894543684,6254
22,-1.2999999999999985,-1.2999999999999985,43,17,-2.730000000000018,-0.01632748869792411,0.6470588235294118,-0.0008993671420980528,1.8235294117647058,-0.04541877459246779,-8.080000000000013,0.029091285894543684,6255
22,-1.2999999999999985,-1.1999999999999984,43,17,-2.730000000000018,-0.01632748869792411,0.6470588235294118,-0.0008993671420980528,1.8235294117647058,-0.04541877459246779,-8.080000000000013,0.029091285894543684,6256
10,-1.899999999999999,-3.0,55,26,-2.650000000000034,-0.01632787735002439,0.5384615384615384,-0.0005849189106400446,1.6153846153846154,-0.007654999123473449,-1.3100000000000023,-0.00867287822655094,6257
10,-1.899999999999999,-2.9,55,26,-2.650000000000034,-0.01632787735002439,0.5384615384615384,-0.0005849189106400446,1.6153846153846154,-0.007654999123473449,-1.3100000000000023,-0.00867287822655094,6258
10,-1.899999999999999,-2.8,55,26,-2.650000000000034,-0.01632787735002439,0.5384615384615384,-0.0005849189106400446,1.6153846153846154,-0.007654999123473449,-1.3100000000000023,-0.00867287822655094,6259
10,-1.899999999999999,-2.6999999999999997,55,26,-2.650000000000034,-0.01632787735002439,0.5384615384615384,-0.0005849189106400446,1.6153846153846154,-0.007654999123473449,-1.3100000000000023,-0.00867287822655094,6260
10,-1.899999999999999,-2.5999999999999996,55,26,-2.650000000000034,-0.01632787735002439,0.5384615384615384,-0.0005849189106400446,1.6153846153846154,-0.007654999123473449,-1.3100000000000023,-0.00867287822655094,6261
10,-1.899999999999999,-2.4999999999999996,55,26,-2.650000000000034,-0.01632787735002439,0.5384615384615384,-0.0005849189106400446,1.6153846153846154,-0.007654999123473449,-1.3100000000000023,-0.00867287822655094,6262
5,-0.3999999999999977,-1.1999999999999984,60,15,-2.7900000000000205,-0.016337751325004923,0.6,-0.0009830565690923294,2.8666666666666667,-0.0014112666117841455,-0.2400000000000091,-0.014926484713220778,6263
10,-1.6999999999999988,-1.799999999999999,55,23,-2.6800000000000352,-0.01638169437072956,0.6521739130434783,-0.0006488849407506265,1.6956521739130435,-0.007654999123473449,-1.3100000000000023,-0.008726695247256111,6264
10,-1.6999999999999988,-1.6999999999999988,55,23,-2.6800000000000352,-0.01638169437072956,0.6521739130434783,-0.0006488849407506265,1.6956521739130435,-0.007654999123473449,-1.3100000000000023,-0.008726695247256111,6265
10,-1.5999999999999988,-1.799999999999999,55,23,-2.6800000000000352,-0.01638169437072956,0.6521739130434783,-0.0006488849407506265,1.6956521739130435,-0.007654999123473449,-1.3100000000000023,-0.008726695247256111,6266
10,-1.5999999999999988,-1.6999999999999988,55,23,-2.6800000000000352,-0.01638169437072956,0.6521739130434783,-0.0006488849407506265,1.6956521739130435,-0.007654999123473449,-1.3100000000000023,-0.008726695247256111,6267
10,-1.4999999999999987,-1.799999999999999,55,23,-2.6800000000000352,-0.01638169437072956,0.6521739130434783,-0.0006488849407506265,1.6956521739130435,-0.007654999123473449,-1.3100000000000023,-0.008726695247256111,6268
10,-1.4999999999999987,-1.6999999999999988,55,23,-2.6800000000000352,-0.01638169437072956,0.6521739130434783,-0.0006488849407506265,1.6956521739130435,-0.007654999123473449,-1.3100000000000023,-0.008726695247256111,6269
10,-1.3999999999999986,-1.799999999999999,55,23,-2.6800000000000352,-0.01638169437072956,0.6521739130434783,-0.0006488849407506265,1.6956521739130435,-0.007654999123473449,-1.3100000000000023,-0.008726695247256111,6270
10,-1.3999999999999986,-1.6999999999999988,55,23,-2.6800000000000352,-0.01638169437072956,0.6521739130434783,-0.0006488849407506265,1.6956521739130435,-0.007654999123473449,-1.3100000000000023,-0.008726695247256111,6271
22,0.10000000000000275,-0.699999999999998,43,5,-2.8100000000000023,-0.016384580024009554,0.8,-0.0031472773267361863,8.0,-0.04541877459246779,-8.080000000000013,0.029034194568458238,6272
22,0.10000000000000275,-0.5999999999999979,43,5,-2.8100000000000023,-0.016384580024009554,0.8,-0.0031472773267361863,8.0,-0.04541877459246779,-8.080000000000013,0.029034194568458238,6273
22,0.20000000000000284,-0.699999999999998,43,5,-2.8100000000000023,-0.016384580024009554,0.8,-0.0031472773267361863,8.0,-0.04541877459246779,-8.080000000000013,0.029034194568458238,6274
22,0.20000000000000284,-0.5999999999999979,43,5,-2.8100000000000023,-0.016384580024009554,0.8,-0.0031472773267361863,8.0,-0.04541877459246779,-8.080000000000013,0.029034194568458238,6275
22,0.30000000000000293,-0.699999999999998,43,5,-2.8100000000000023,-0.016384580024009554,0.8,-0.0031472773267361863,8.0,-0.04541877459246779,-8.080000000000013,0.029034194568458238,6276
22,0.30000000000000293,-0.5999999999999979,43,5,-2.8100000000000023,-0.016384580024009554,0.8,-0.0031472773267361863,8.0,-0.04541877459246779,-8.080000000000013,0.029034194568458238,6277
5,-0.2999999999999976,2.6645352591003757e-15,60,7,-2.780000000000058,-0.01638592775145664,0.7142857142857143,-0.002110873932743134,4.428571428571429,-0.0014112666117841455,-0.2400000000000091,-0.014974661139672496,6278
22,0.400000000000003,-1.0999999999999983,43,7,-2.8300000000000125,-0.01642225264857733,0.5714285714285714,-0.002302060602935569,6.571428571428571,-0.04541877459246779,-8.080000000000013,0.028996521943890463,6279
10,-0.09999999999999742,-1.799999999999999,55,15,-2.6500000000000057,-0.0164274725731427,0.7333333333333333,-0.0009853126883258012,3.4,-0.007654999123473449,-1.3100000000000023,-0.00877247344966925,6280
10,-0.09999999999999742,-1.6999999999999988,55,15,-2.6500000000000057,-0.0164274725731427,0.7333333333333333,-0.0009853126883258012,3.4,-0.007654999123473449,-1.3100000000000023,-0.00877247344966925,6281
10,2.6645352591003757e-15,-1.799999999999999,55,15,-2.6500000000000057,-0.0164274725731427,0.7333333333333333,-0.0009853126883258012,3.4,-0.007654999123473449,-1.3100000000000023,-0.00877247344966925,6282
10,2.6645352591003757e-15,-1.6999999999999988,55,15,-2.6500000000000057,-0.0164274725731427,0.7333333333333333,-0.0009853126883258012,3.4,-0.007654999123473449,-1.3100000000000023,-0.00877247344966925,6283
10,0.10000000000000275,-1.799999999999999,55,15,-2.6500000000000057,-0.0164274725731427,0.7333333333333333,-0.0009853126883258012,3.4,-0.007654999123473449,-1.3100000000000023,-0.00877247344966925,6284
10,0.10000000000000275,-1.6999999999999988,55,15,-2.6500000000000057,-0.0164274725731427,0.7333333333333333,-0.0009853126883258012,3.4,-0.007654999123473449,-1.3100000000000023,-0.00877247344966925,6285
22,-1.1999999999999984,-0.3999999999999977,43,10,-2.850000000000051,-0.016431047164080503,0.7,-0.001548208972919307,2.6,-0.04541877459246779,-8.080000000000013,0.02898772742838729,6286
22,-0.5999999999999979,-1.0999999999999983,43,12,-2.819999999999993,-0.016451024035926798,0.5,-0.001284538847419081,3.3333333333333335,-0.04541877459246779,-8.080000000000013,0.028967750556540994,6287
22,-0.4999999999999978,-1.0999999999999983,43,12,-2.819999999999993,-0.016451024035926798,0.5,-0.001284538847419081,3.3333333333333335,-0.04541877459246779,-8.080000000000013,0.028967750556540994,6288
10,-0.699999999999998,-1.799999999999999,55,19,-2.7100000000000364,-0.01652534332383293,0.6842105263157895,-0.0007898993173281495,2.0526315789473686,-0.007654999123473449,-1.3100000000000023,-0.008870344200359481,6289
10,-0.699999999999998,-1.6999999999999988,55,19,-2.7100000000000364,-0.01652534332383293,0.6842105263157895,-0.0007898993173281495,2.0526315789473686,-0.007654999123473449,-1.3100000000000023,-0.008870344200359481,6290
22,1.400000000000004,0.9000000000000035,43,1,-2.880000000000024,-0.016546969261706512,0.0,-0.016546969261706512,44.0,-0.04541877459246779,-8.080000000000013,0.02887180533076128,6291
22,1.400000000000004,1.0000000000000036,43,1,-2.880000000000024,-0.016546969261706512,0.0,-0.016546969261706512,44.0,-0.04541877459246779,-8.080000000000013,0.02887180533076128,6292
22,1.400000000000004,1.1000000000000032,43,1,-2.880000000000024,-0.016546969261706512,0.0,-0.016546969261706512,44.0,-0.04541877459246779,-8.080000000000013,0.02887180533076128,6293
22,1.400000000000004,1.2000000000000037,43,1,-2.880000000000024,-0.016546969261706512,0.0,-0.016546969261706512,44.0,-0.04541877459246779,-8.080000000000013,0.02887180533076128,6294
22,1.400000000000004,1.3000000000000043,43,1,-2.880000000000024,-0.016546969261706512,0.0,-0.016546969261706512,44.0,-0.04541877459246779,-8.080000000000013,0.02887180533076128,6295
22,1.400000000000004,1.400000000000004,43,1,-2.880000000000024,-0.016546969261706512,0.0,-0.016546969261706512,44.0,-0.04541877459246779,-8.080000000000013,0.02887180533076128,6296
22,1.400000000000004,1.5000000000000036,43,1,-2.880000000000024,-0.016546969261706512,0.0,-0.016546969261706512,44.0,-0.04541877459246779,-8.080000000000013,0.02887180533076128,6297
22,1.5000000000000036,0.9000000000000035,43,1,-2.880000000000024,-0.016546969261706512,0.0,-0.016546969261706512,44.0,-0.04541877459246779,-8.080000000000013,0.02887180533076128,6298
22,1.5000000000000036,1.0000000000000036,43,1,-2.880000000000024,-0.016546969261706512,0.0,-0.016546969261706512,44.0,-0.04541877459246779,-8.080000000000013,0.02887180533076128,6299
22,1.5000000000000036,1.1000000000000032,43,1,-2.880000000000024,-0.016546969261706512,0.0,-0.016546969261706512,44.0,-0.04541877459246779,-8.080000000000013,0.02887180533076128,6300
22,1.5000000000000036,1.2000000000000037,43,1,-2.880000000000024,-0.016546969261706512,0.0,-0.016546969261706512,44.0,-0.04541877459246779,-8.080000000000013,0.02887180533076128,6301
22,1.5000000000000036,1.3000000000000043,43,1,-2.880000000000024,-0.016546969261706512,0.0,-0.016546969261706512,44.0,-0.04541877459246779,-8.080000000000013,0.02887180533076128,6302
22,1.5000000000000036,1.400000000000004,43,1,-2.880000000000024,-0.016546969261706512,0.0,-0.016546969261706512,44.0,-0.04541877459246779,-8.080000000000013,0.02887180533076128,6303
22,1.5000000000000036,1.5000000000000036,43,1,-2.880000000000024,-0.016546969261706512,0.0,-0.016546969261706512,44.0,-0.04541877459246779,-8.080000000000013,0.02887180533076128,6304
5,-0.4999999999999978,-1.4999999999999987,60,19,-2.7900000000000773,-0.016620164764523215,0.6842105263157895,-0.0007973836363848829,2.3684210526315788,-0.0014112666117841455,-0.2400000000000091,-0.01520889815273907,6305
22,0.8000000000000034,-1.0999999999999983,43,4,-2.960000000000008,-0.016656249359266018,0.75,-0.003981651368359235,12.5,-0.04541877459246779,-8.080000000000013,0.028762525233201774,6306
10,0.30000000000000293,1.2000000000000037,55,3,-2.840000000000032,-0.016669682080155068,0.6666666666666666,-0.005116173105503015,9.333333333333334,-0.007654999123473449,-1.3100000000000023,-0.009014682956681619,6307
10,0.30000000000000293,1.3000000000000043,55,3,-2.840000000000032,-0.016669682080155068,0.6666666666666666,-0.005116173105503015,9.333333333333334,-0.007654999123473449,-1.3100000000000023,-0.009014682956681619,6308
10,-2.2999999999999994,-1.3999999999999986,55,20,-2.7399999999999523,-0.016700526456290388,0.6,-0.000757843712407269,1.5,-0.007654999123473449,-1.3100000000000023,-0.009045527332816938,6309
10,-2.2999999999999994,-1.2999999999999985,55,20,-2.7399999999999523,-0.016700526456290388,0.6,-0.000757843712407269,1.5,-0.007654999123473449,-1.3100000000000023,-0.009045527332816938,6310
10,-2.1999999999999993,-1.3999999999999986,55,20,-2.7399999999999523,-0.016700526456290388,0.6,-0.000757843712407269,1.5,-0.007654999123473449,-1.3100000000000023,-0.009045527332816938,6311
10,-2.1999999999999993,-1.2999999999999985,55,20,-2.7399999999999523,-0.016700526456290388,0.6,-0.000757843712407269,1.5,-0.007654999123473449,-1.3100000000000023,-0.009045527332816938,6312
10,-2.099999999999999,-1.3999999999999986,55,20,-2.7399999999999523,-0.016700526456290388,0.6,-0.000757843712407269,1.5,-0.007654999123473449,-1.3100000000000023,-0.009045527332816938,6313
10,-2.099999999999999,-1.2999999999999985,55,20,-2.7399999999999523,-0.016700526456290388,0.6,-0.000757843712407269,1.5,-0.007654999123473449,-1.3100000000000023,-0.009045527332816938,6314
10,-1.9999999999999991,-1.3999999999999986,55,20,-2.7399999999999523,-0.016700526456290388,0.6,-0.000757843712407269,1.5,-0.007654999123473449,-1.3100000000000023,-0.009045527332816938,6315
10,-1.9999999999999991,-1.2999999999999985,55,20,-2.7399999999999523,-0.016700526456290388,0.6,-0.000757843712407269,1.5,-0.007654999123473449,-1.3100000000000023,-0.009045527332816938,6316
22,-0.799999999999998,-3.0,43,14,-2.8300000000000125,-0.016730096417353346,0.7142857142857143,-0.001107489717760503,2.5714285714285716,-0.04541877459246779,-8.080000000000013,0.028688678175114446,6317
22,-0.799999999999998,-2.9,43,14,-2.8300000000000125,-0.016730096417353346,0.7142857142857143,-0.001107489717760503,2.5714285714285716,-0.04541877459246779,-8.080000000000013,0.028688678175114446,6318
22,-0.799999999999998,-2.8,43,14,-2.8300000000000125,-0.016730096417353346,0.7142857142857143,-0.001107489717760503,2.5714285714285716,-0.04541877459246779,-8.080000000000013,0.028688678175114446,6319
22,-0.799999999999998,-2.6999999999999997,43,14,-2.8300000000000125,-0.016730096417353346,0.7142857142857143,-0.001107489717760503,2.5714285714285716,-0.04541877459246779,-8.080000000000013,0.028688678175114446,6320
22,-0.799999999999998,-2.5999999999999996,43,14,-2.8300000000000125,-0.016730096417353346,0.7142857142857143,-0.001107489717760503,2.5714285714285716,-0.04541877459246779,-8.080000000000013,0.028688678175114446,6321
22,-0.799999999999998,-2.4999999999999996,43,14,-2.8300000000000125,-0.016730096417353346,0.7142857142857143,-0.001107489717760503,2.5714285714285716,-0.04541877459246779,-8.080000000000013,0.028688678175114446,6322
22,-0.799999999999998,-2.3999999999999995,43,14,-2.8300000000000125,-0.016730096417353346,0.7142857142857143,-0.001107489717760503,2.5714285714285716,-0.04541877459246779,-8.080000000000013,0.028688678175114446,6323
22,-0.799999999999998,-2.2999999999999994,43,14,-2.8300000000000125,-0.016730096417353346,0.7142857142857143,-0.001107489717760503,2.5714285714285716,-0.04541877459246779,-8.080000000000013,0.028688678175114446,6324
22,-0.799999999999998,-2.1999999999999993,43,14,-2.8300000000000125,-0.016730096417353346,0.7142857142857143,-0.001107489717760503,2.5714285714285716,-0.04541877459246779,-8.080000000000013,0.028688678175114446,6325
22,-0.799999999999998,-2.099999999999999,43,14,-2.8300000000000125,-0.016730096417353346,0.7142857142857143,-0.001107489717760503,2.5714285714285716,-0.04541877459246779,-8.080000000000013,0.028688678175114446,6326
22,-0.799999999999998,-1.9999999999999991,43,14,-2.8300000000000125,-0.016730096417353346,0.7142857142857143,-0.001107489717760503,2.5714285714285716,-0.04541877459246779,-8.080000000000013,0.028688678175114446,6327
22,-0.799999999999998,-1.899999999999999,43,14,-2.8300000000000125,-0.016730096417353346,0.7142857142857143,-0.001107489717760503,2.5714285714285716,-0.04541877459246779,-8.080000000000013,0.028688678175114446,6328
22,-0.799999999999998,-1.799999999999999,43,14,-2.8300000000000125,-0.016730096417353346,0.7142857142857143,-0.001107489717760503,2.5714285714285716,-0.04541877459246779,-8.080000000000013,0.028688678175114446,6329
22,-0.799999999999998,-1.6999999999999988,43,14,-2.8300000000000125,-0.016730096417353346,0.7142857142857143,-0.001107489717760503,2.5714285714285716,-0.04541877459246779,-8.080000000000013,0.028688678175114446,6330
22,-0.799999999999998,-1.5999999999999988,43,14,-2.8300000000000125,-0.016730096417353346,0.7142857142857143,-0.001107489717760503,2.5714285714285716,-0.04541877459246779,-8.080000000000013,0.028688678175114446,6331
22,-0.799999999999998,-1.4999999999999987,43,14,-2.8300000000000125,-0.016730096417353346,0.7142857142857143,-0.001107489717760503,2.5714285714285716,-0.04541877459246779,-8.080000000000013,0.028688678175114446,6332
22,-0.799999999999998,-1.3999999999999986,43,14,-2.8300000000000125,-0.016730096417353346,0.7142857142857143,-0.001107489717760503,2.5714285714285716,-0.04541877459246779,-8.080000000000013,0.028688678175114446,6333
22,-0.799999999999998,-1.2999999999999985,43,14,-2.8300000000000125,-0.016730096417353346,0.7142857142857143,-0.001107489717760503,2.5714285714285716,-0.04541877459246779,-8.080000000000013,0.028688678175114446,6334
22,-0.799999999999998,-1.1999999999999984,43,14,-2.8300000000000125,-0.016730096417353346,0.7142857142857143,-0.001107489717760503,2.5714285714285716,-0.04541877459246779,-8.080000000000013,0.028688678175114446,6335
22,-0.699999999999998,-3.0,43,14,-2.8300000000000125,-0.016730096417353346,0.7142857142857143,-0.001107489717760503,2.5714285714285716,-0.04541877459246779,-8.080000000000013,0.028688678175114446,6336
22,-0.699999999999998,-2.9,43,14,-2.8300000000000125,-0.016730096417353346,0.7142857142857143,-0.001107489717760503,2.5714285714285716,-0.04541877459246779,-8.080000000000013,0.028688678175114446,6337
22,-0.699999999999998,-2.8,43,14,-2.8300000000000125,-0.016730096417353346,0.7142857142857143,-0.001107489717760503,2.5714285714285716,-0.04541877459246779,-8.080000000000013,0.028688678175114446,6338
22,-0.699999999999998,-2.6999999999999997,43,14,-2.8300000000000125,-0.016730096417353346,0.7142857142857143,-0.001107489717760503,2.5714285714285716,-0.04541877459246779,-8.080000000000013,0.028688678175114446,6339
22,-0.699999999999998,-2.5999999999999996,43,14,-2.8300000000000125,-0.016730096417353346,0.7142857142857143,-0.001107489717760503,2.5714285714285716,-0.04541877459246779,-8.080000000000013,0.028688678175114446,6340
22,-0.699999999999998,-2.4999999999999996,43,14,-2.8300000000000125,-0.016730096417353346,0.7142857142857143,-0.001107489717760503,2.5714285714285716,-0.04541877459246779,-8.080000000000013,0.028688678175114446,6341
22,-0.699999999999998,-2.3999999999999995,43,14,-2.8300000000000125,-0.016730096417353346,0.7142857142857143,-0.001107489717760503,2.5714285714285716,-0.04541877459246779,-8.080000000000013,0.028688678175114446,6342
22,-0.699999999999998,-2.2999999999999994,43,14,-2.8300000000000125,-0.016730096417353346,0.7142857142857143,-0.001107489717760503,2.5714285714285716,-0.04541877459246779,-8.080000000000013,0.028688678175114446,6343
22,-0.699999999999998,-2.1999999999999993,43,14,-2.8300000000000125,-0.016730096417353346,0.7142857142857143,-0.001107489717760503,2.5714285714285716,-0.04541877459246779,-8.080000000000013,0.028688678175114446,6344
22,-0.699999999999998,-2.099999999999999,43,14,-2.8300000000000125,-0.016730096417353346,0.7142857142857143,-0.001107489717760503,2.5714285714285716,-0.04541877459246779,-8.080000000000013,0.028688678175114446,6345
22,-0.699999999999998,-1.9999999999999991,43,14,-2.8300000000000125,-0.016730096417353346,0.7142857142857143,-0.001107489717760503,2.5714285714285716,-0.04541877459246779,-8.080000000000013,0.028688678175114446,6346
22,-0.699999999999998,-1.899999999999999,43,14,-2.8300000000000125,-0.016730096417353346,0.7142857142857143,-0.001107489717760503,2.5714285714285716,-0.04541877459246779,-8.080000000000013,0.028688678175114446,6347
22,-0.699999999999998,-1.799999999999999,43,14,-2.8300000000000125,-0.016730096417353346,0.7142857142857143,-0.001107489717760503,2.5714285714285716,-0.04541877459246779,-8.080000000000013,0.028688678175114446,6348
22,-0.699999999999998,-1.6999999999999988,43,14,-2.8300000000000125,-0.016730096417353346,0.7142857142857143,-0.001107489717760503,2.5714285714285716,-0.04541877459246779,-8.080000000000013,0.028688678175114446,6349
22,-0.699999999999998,-1.5999999999999988,43,14,-2.8300000000000125,-0.016730096417353346,0.7142857142857143,-0.001107489717760503,2.5714285714285716,-0.04541877459246779,-8.080000000000013,0.028688678175114446,6350
22,-0.699999999999998,-1.4999999999999987,43,14,-2.8300000000000125,-0.016730096417353346,0.7142857142857143,-0.001107489717760503,2.5714285714285716,-0.04541877459246779,-8.080000000000013,0.028688678175114446,6351
22,-0.699999999999998,-1.3999999999999986,43,14,-2.8300000000000125,-0.016730096417353346,0.7142857142857143,-0.001107489717760503,2.5714285714285716,-0.04541877459246779,-8.080000000000013,0.028688678175114446,6352
22,-0.699999999999998,-1.2999999999999985,43,14,-2.8300000000000125,-0.016730096417353346,0.7142857142857143,-0.001107489717760503,2.5714285714285716,-0.04541877459246779,-8.080000000000013,0.028688678175114446,6353
22,-0.699999999999998,-1.1999999999999984,43,14,-2.8300000000000125,-0.016730096417353346,0.7142857142857143,-0.001107489717760503,2.5714285714285716,-0.04541877459246779,-8.080000000000013,0.028688678175114446,6354
22,-0.09999999999999742,-0.699999999999998,43,7,-2.8799999999999955,-0.016799444452703538,0.7142857142857143,-0.0023070072522427703,5.142857142857143,-0.04541877459246779,-8.080000000000013,0.028619330139764254,6355
22,-0.09999999999999742,-0.5999999999999979,43,7,-2.8799999999999955,-0.016799444452703538,0.7142857142857143,-0.0023070072522427703,5.142857142857143,-0.04541877459246779,-8.080000000000013,0.028619330139764254,6356
22,-0.3999999999999977,-1.0999999999999983,43,11,-2.9000000000000057,-0.016833013971198074,0.6363636363636364,-0.0014557105974314366,3.4545454545454546,-0.04541877459246779,-8.080000000000013,0.028585760621269718,6357
22,-0.2999999999999976,-1.0999999999999983,43,11,-2.9000000000000057,-0.016833013971198074,0.6363636363636364,-0.0014557105974314366,3.4545454545454546,-0.04541877459246779,-8.080000000000013,0.028585760621269718,6358
22,-2.9,-0.799999999999998,43,16,-2.900000000000034,-0.01687886983614073,0.4375,-0.0010272970670180542,1.6875,-0.04541877459246779,-8.080000000000013,0.02853990475632706,6359
22,-2.8,-0.799999999999998,43,16,-2.900000000000034,-0.01687886983614073,0.4375,-0.0010272970670180542,1.6875,-0.04541877459246779,-8.080000000000013,0.02853990475632706,6360
22,-2.6999999999999997,-0.799999999999998,43,16,-2.900000000000034,-0.01687886983614073,0.4375,-0.0010272970670180542,1.6875,-0.04541877459246779,-8.080000000000013,0.02853990475632706,6361
22,-2.5999999999999996,-0.799999999999998,43,16,-2.900000000000034,-0.01687886983614073,0.4375,-0.0010272970670180542,1.6875,-0.04541877459246779,-8.080000000000013,0.02853990475632706,6362
22,-2.4999999999999996,-0.799999999999998,43,16,-2.900000000000034,-0.01687886983614073,0.4375,-0.0010272970670180542,1.6875,-0.04541877459246779,-8.080000000000013,0.02853990475632706,6363
22,-2.3999999999999995,-0.799999999999998,43,16,-2.900000000000034,-0.01687886983614073,0.4375,-0.0010272970670180542,1.6875,-0.04541877459246779,-8.080000000000013,0.02853990475632706,6364
22,-2.2999999999999994,-0.799999999999998,43,16,-2.900000000000034,-0.01687886983614073,0.4375,-0.0010272970670180542,1.6875,-0.04541877459246779,-8.080000000000013,0.02853990475632706,6365
22,-2.1999999999999993,-0.799999999999998,43,16,-2.900000000000034,-0.01687886983614073,0.4375,-0.0010272970670180542,1.6875,-0.04541877459246779,-8.080000000000013,0.02853990475632706,6366
22,-2.099999999999999,-0.799999999999998,43,16,-2.900000000000034,-0.01687886983614073,0.4375,-0.0010272970670180542,1.6875,-0.04541877459246779,-8.080000000000013,0.02853990475632706,6367
5,-3.0,0.10000000000000275,60,11,-2.8799999999999955,-0.016889925758942326,0.45454545454545453,-0.0015233254749139411,1.3636363636363635,-0.0014112666117841455,-0.2400000000000091,-0.01547865914715818,6368
5,-3.0,0.20000000000000284,60,11,-2.8799999999999955,-0.016889925758942326,0.45454545454545453,-0.0015233254749139411,1.3636363636363635,-0.0014112666117841455,-0.2400000000000091,-0.01547865914715818,6369
5,-3.0,0.30000000000000293,60,11,-2.8799999999999955,-0.016889925758942326,0.45454545454545453,-0.0015233254749139411,1.3636363636363635,-0.0014112666117841455,-0.2400000000000091,-0.01547865914715818,6370
5,-3.0,0.400000000000003,60,11,-2.8799999999999955,-0.016889925758942326,0.45454545454545453,-0.0015233254749139411,1.3636363636363635,-0.0014112666117841455,-0.2400000000000091,-0.01547865914715818,6371
5,-2.9,0.10000000000000275,60,11,-2.8799999999999955,-0.016889925758942326,0.45454545454545453,-0.0015233254749139411,1.3636363636363635,-0.0014112666117841455,-0.2400000000000091,-0.01547865914715818,6372
5,-2.9,0.20000000000000284,60,11,-2.8799999999999955,-0.016889925758942326,0.45454545454545453,-0.0015233254749139411,1.3636363636363635,-0.0014112666117841455,-0.2400000000000091,-0.01547865914715818,6373
5,-2.9,0.30000000000000293,60,11,-2.8799999999999955,-0.016889925758942326,0.45454545454545453,-0.0015233254749139411,1.3636363636363635,-0.0014112666117841455,-0.2400000000000091,-0.01547865914715818,6374
5,-2.9,0.400000000000003,60,11,-2.8799999999999955,-0.016889925758942326,0.45454545454545453,-0.0015233254749139411,1.3636363636363635,-0.0014112666117841455,-0.2400000000000091,-0.01547865914715818,6375
5,-2.8,0.10000000000000275,60,11,-2.8799999999999955,-0.016889925758942326,0.45454545454545453,-0.0015233254749139411,1.3636363636363635,-0.0014112666117841455,-0.2400000000000091,-0.01547865914715818,6376
5,-2.8,0.20000000000000284,60,11,-2.8799999999999955,-0.016889925758942326,0.45454545454545453,-0.0015233254749139411,1.3636363636363635,-0.0014112666117841455,-0.2400000000000091,-0.01547865914715818,6377
5,-2.8,0.30000000000000293,60,11,-2.8799999999999955,-0.016889925758942326,0.45454545454545453,-0.0015233254749139411,1.3636363636363635,-0.0014112666117841455,-0.2400000000000091,-0.01547865914715818,6378
5,-2.8,0.400000000000003,60,11,-2.8799999999999955,-0.016889925758942326,0.45454545454545453,-0.0015233254749139411,1.3636363636363635,-0.0014112666117841455,-0.2400000000000091,-0.01547865914715818,6379
5,-2.6999999999999997,0.10000000000000275,60,11,-2.8799999999999955,-0.016889925758942326,0.45454545454545453,-0.0015233254749139411,1.3636363636363635,-0.0014112666117841455,-0.2400000000000091,-0.01547865914715818,6380
5,-2.6999999999999997,0.20000000000000284,60,11,-2.8799999999999955,-0.016889925758942326,0.45454545454545453,-0.0015233254749139411,1.3636363636363635,-0.0014112666117841455,-0.2400000000000091,-0.01547865914715818,6381
5,-2.6999999999999997,0.30000000000000293,60,11,-2.8799999999999955,-0.016889925758942326,0.45454545454545453,-0.0015233254749139411,1.3636363636363635,-0.0014112666117841455,-0.2400000000000091,-0.01547865914715818,6382
5,-2.6999999999999997,0.400000000000003,60,11,-2.8799999999999955,-0.016889925758942326,0.45454545454545453,-0.0015233254749139411,1.3636363636363635,-0.0014112666117841455,-0.2400000000000091,-0.01547865914715818,6383
5,-2.5999999999999996,0.10000000000000275,60,11,-2.8799999999999955,-0.016889925758942326,0.45454545454545453,-0.0015233254749139411,1.3636363636363635,-0.0014112666117841455,-0.2400000000000091,-0.01547865914715818,6384
5,-2.5999999999999996,0.20000000000000284,60,11,-2.8799999999999955,-0.016889925758942326,0.45454545454545453,-0.0015233254749139411,1.3636363636363635,-0.0014112666117841455,-0.2400000000000091,-0.01547865914715818,6385
5,-2.5999999999999996,0.30000000000000293,60,11,-2.8799999999999955,-0.016889925758942326,0.45454545454545453,-0.0015233254749139411,1.3636363636363635,-0.0014112666117841455,-0.2400000000000091,-0.01547865914715818,6386
5,-2.5999999999999996,0.400000000000003,60,11,-2.8799999999999955,-0.016889925758942326,0.45454545454545453,-0.0015233254749139411,1.3636363636363635,-0.0014112666117841455,-0.2400000000000091,-0.01547865914715818,6387
5,-2.4999999999999996,0.10000000000000275,60,11,-2.8799999999999955,-0.016889925758942326,0.45454545454545453,-0.0015233254749139411,1.3636363636363635,-0.0014112666117841455,-0.2400000000000091,-0.01547865914715818,6388
5,-2.4999999999999996,0.20000000000000284,60,11,-2.8799999999999955,-0.016889925758942326,0.45454545454545453,-0.0015233254749139411,1.3636363636363635,-0.0014112666117841455,-0.2400000000000091,-0.01547865914715818,6389
5,-2.4999999999999996,0.30000000000000293,60,11,-2.8799999999999955,-0.016889925758942326,0.45454545454545453,-0.0015233254749139411,1.3636363636363635,-0.0014112666117841455,-0.2400000000000091,-0.01547865914715818,6390
5,-2.4999999999999996,0.400000000000003,60,11,-2.8799999999999955,-0.016889925758942326,0.45454545454545453,-0.0015233254749139411,1.3636363636363635,-0.0014112666117841455,-0.2400000000000091,-0.01547865914715818,6391
5,-2.3999999999999995,0.10000000000000275,60,11,-2.8799999999999955,-0.016889925758942326,0.45454545454545453,-0.0015233254749139411,1.3636363636363635,-0.0014112666117841455,-0.2400000000000091,-0.01547865914715818,6392
5,-2.3999999999999995,0.20000000000000284,60,11,-2.8799999999999955,-0.016889925758942326,0.45454545454545453,-0.0015233254749139411,1.3636363636363635,-0.0014112666117841455,-0.2400000000000091,-0.01547865914715818,6393
5,-2.3999999999999995,0.30000000000000293,60,11,-2.8799999999999955,-0.016889925758942326,0.45454545454545453,-0.0015233254749139411,1.3636363636363635,-0.0014112666117841455,-0.2400000000000091,-0.01547865914715818,6394
5,-2.3999999999999995,0.400000000000003,60,11,-2.8799999999999955,-0.016889925758942326,0.45454545454545453,-0.0015233254749139411,1.3636363636363635,-0.0014112666117841455,-0.2400000000000091,-0.01547865914715818,6395
5,-2.2999999999999994,0.10000000000000275,60,11,-2.8799999999999955,-0.016889925758942326,0.45454545454545453,-0.0015233254749139411,1.3636363636363635,-0.0014112666117841455,-0.2400000000000091,-0.01547865914715818,6396
5,-2.2999999999999994,0.20000000000000284,60,11,-2.8799999999999955,-0.016889925758942326,0.45454545454545453,-0.0015233254749139411,1.3636363636363635,-0.0014112666117841455,-0.2400000000000091,-0.01547865914715818,6397
5,-2.2999999999999994,0.30000000000000293,60,11,-2.8799999999999955,-0.016889925758942326,0.45454545454545453,-0.0015233254749139411,1.3636363636363635,-0.0014112666117841455,-0.2400000000000091,-0.01547865914715818,6398
5,-2.2999999999999994,0.400000000000003,60,11,-2.8799999999999955,-0.016889925758942326,0.45454545454545453,-0.0015233254749139411,1.3636363636363635,-0.0014112666117841455,-0.2400000000000091,-0.01547865914715818,6399
5,-2.1999999999999993,0.10000000000000275,60,11,-2.8799999999999955,-0.016889925758942326,0.45454545454545453,-0.0015233254749139411,1.3636363636363635,-0.0014112666117841455,-0.2400000000000091,-0.01547865914715818,6400
5,-2.1999999999999993,0.20000000000000284,60,11,-2.8799999999999955,-0.016889925758942326,0.45454545454545453,-0.0015233254749139411,1.3636363636363635,-0.0014112666117841455,-0.2400000000000091,-0.01547865914715818,6401
5,-2.1999999999999993,0.30000000000000293,60,11,-2.8799999999999955,-0.016889925758942326,0.45454545454545453,-0.0015233254749139411,1.3636363636363635,-0.0014112666117841455,-0.2400000000000091,-0.01547865914715818,6402
5,-2.1999999999999993,0.400000000000003,60,11,-2.8799999999999955,-0.016889925758942326,0.45454545454545453,-0.0015233254749139411,1.3636363636363635,-0.0014112666117841455,-0.2400000000000091,-0.01547865914715818,6403
5,-2.099999999999999,0.10000000000000275,60,11,-2.8799999999999955,-0.016889925758942326,0.45454545454545453,-0.0015233254749139411,1.3636363636363635,-0.0014112666117841455,-0.2400000000000091,-0.01547865914715818,6404
5,-2.099999999999999,0.20000000000000284,60,11,-2.8799999999999955,-0.016889925758942326,0.45454545454545453,-0.0015233254749139411,1.3636363636363635,-0.0014112666117841455,-0.2400000000000091,-0.01547865914715818,6405
5,-2.099999999999999,0.30000000000000293,60,11,-2.8799999999999955,-0.016889925758942326,0.45454545454545453,-0.0015233254749139411,1.3636363636363635,-0.0014112666117841455,-0.2400000000000091,-0.01547865914715818,6406
5,-2.099999999999999,0.400000000000003,60,11,-2.8799999999999955,-0.016889925758942326,0.45454545454545453,-0.0015233254749139411,1.3636363636363635,-0.0014112666117841455,-0.2400000000000091,-0.01547865914715818,6407
5,-1.9999999999999991,0.10000000000000275,60,11,-2.8799999999999955,-0.016889925758942326,0.45454545454545453,-0.0015233254749139411,1.3636363636363635,-0.0014112666117841455,-0.2400000000000091,-0.01547865914715818,6408
5,-1.9999999999999991,0.20000000000000284,60,11,-2.8799999999999955,-0.016889925758942326,0.45454545454545453,-0.0015233254749139411,1.3636363636363635,-0.0014112666117841455,-0.2400000000000091,-0.01547865914715818,6409
5,-1.9999999999999991,0.30000000000000293,60,11,-2.8799999999999955,-0.016889925758942326,0.45454545454545453,-0.0015233254749139411,1.3636363636363635,-0.0014112666117841455,-0.2400000000000091,-0.01547865914715818,6410
5,-1.9999999999999991,0.400000000000003,60,11,-2.8799999999999955,-0.016889925758942326,0.45454545454545453,-0.0015233254749139411,1.3636363636363635,-0.0014112666117841455,-0.2400000000000091,-0.01547865914715818,6411
5,-1.899999999999999,0.10000000000000275,60,11,-2.8799999999999955,-0.016889925758942326,0.45454545454545453,-0.0015233254749139411,1.3636363636363635,-0.0014112666117841455,-0.2400000000000091,-0.01547865914715818,6412
5,-1.899999999999999,0.20000000000000284,60,11,-2.8799999999999955,-0.016889925758942326,0.45454545454545453,-0.0015233254749139411,1.3636363636363635,-0.0014112666117841455,-0.2400000000000091,-0.01547865914715818,6413
5,-1.899999999999999,0.30000000000000293,60,11,-2.8799999999999955,-0.016889925758942326,0.45454545454545453,-0.0015233254749139411,1.3636363636363635,-0.0014112666117841455,-0.2400000000000091,-0.01547865914715818,6414
5,-1.899999999999999,0.400000000000003,60,11,-2.8799999999999955,-0.016889925758942326,0.45454545454545453,-0.0015233254749139411,1.3636363636363635,-0.0014112666117841455,-0.2400000000000091,-0.01547865914715818,6415
5,-1.799999999999999,0.10000000000000275,60,11,-2.8799999999999955,-0.016889925758942326,0.45454545454545453,-0.0015233254749139411,1.3636363636363635,-0.0014112666117841455,-0.2400000000000091,-0.01547865914715818,6416
5,-1.799999999999999,0.20000000000000284,60,11,-2.8799999999999955,-0.016889925758942326,0.45454545454545453,-0.0015233254749139411,1.3636363636363635,-0.0014112666117841455,-0.2400000000000091,-0.01547865914715818,6417
5,-1.799999999999999,0.30000000000000293,60,11,-2.8799999999999955,-0.016889925758942326,0.45454545454545453,-0.0015233254749139411,1.3636363636363635,-0.0014112666117841455,-0.2400000000000091,-0.01547865914715818,6418
5,-1.799999999999999,0.400000000000003,60,11,-2.8799999999999955,-0.016889925758942326,0.45454545454545453,-0.0015233254749139411,1.3636363636363635,-0.0014112666117841455,-0.2400000000000091,-0.01547865914715818,6419
5,-1.6999999999999988,0.10000000000000275,60,11,-2.8799999999999955,-0.016889925758942326,0.45454545454545453,-0.0015233254749139411,1.3636363636363635,-0.0014112666117841455,-0.2400000000000091,-0.01547865914715818,6420
5,-1.6999999999999988,0.20000000000000284,60,11,-2.8799999999999955,-0.016889925758942326,0.45454545454545453,-0.0015233254749139411,1.3636363636363635,-0.0014112666117841455,-0.2400000000000091,-0.01547865914715818,6421
5,-1.6999999999999988,0.30000000000000293,60,11,-2.8799999999999955,-0.016889925758942326,0.45454545454545453,-0.0015233254749139411,1.3636363636363635,-0.0014112666117841455,-0.2400000000000091,-0.01547865914715818,6422
5,-1.6999999999999988,0.400000000000003,60,11,-2.8799999999999955,-0.016889925758942326,0.45454545454545453,-0.0015233254749139411,1.3636363636363635,-0.0014112666117841455,-0.2400000000000091,-0.01547865914715818,6423
5,-0.8999999999999981,-1.899999999999999,60,24,-2.9500000000001023,-0.016962728621252476,0.625,-0.0006428281347666404,1.875,-0.0014112666117841455,-0.2400000000000091,-0.015551462009468331,6424
5,-0.8999999999999981,-1.799999999999999,60,24,-2.9500000000001023,-0.016962728621252476,0.625,-0.0006428281347666404,1.875,-0.0014112666117841455,-0.2400000000000091,-0.015551462009468331,6425
5,-0.799999999999998,-1.899999999999999,60,24,-2.9500000000001023,-0.016962728621252476,0.625,-0.0006428281347666404,1.875,-0.0014112666117841455,-0.2400000000000091,-0.015551462009468331,6426
5,-0.799999999999998,-1.799999999999999,60,24,-2.9500000000001023,-0.016962728621252476,0.625,-0.0006428281347666404,1.875,-0.0014112666117841455,-0.2400000000000091,-0.015551462009468331,6427
5,-0.699999999999998,-1.899999999999999,60,24,-2.9500000000001023,-0.016962728621252476,0.625,-0.0006428281347666404,1.875,-0.0014112666117841455,-0.2400000000000091,-0.015551462009468331,6428
5,-0.699999999999998,-1.799999999999999,60,24,-2.9500000000001023,-0.016962728621252476,0.625,-0.0006428281347666404,1.875,-0.0014112666117841455,-0.2400000000000091,-0.015551462009468331,6429
5,-0.5999999999999979,-1.899999999999999,60,24,-2.9500000000001023,-0.016962728621252476,0.625,-0.0006428281347666404,1.875,-0.0014112666117841455,-0.2400000000000091,-0.015551462009468331,6430
5,-0.5999999999999979,-1.799999999999999,60,24,-2.9500000000001023,-0.016962728621252476,0.625,-0.0006428281347666404,1.875,-0.0014112666117841455,-0.2400000000000091,-0.015551462009468331,6431
5,0.400000000000003,-1.6999999999999988,60,15,-2.7999999999999545,-0.01696976204881384,0.8666666666666667,-0.0010330766146192363,3.8,-0.0014112666117841455,-0.2400000000000091,-0.015558495437029696,6432
10,0.400000000000003,-1.799999999999999,55,11,-2.8600000000000136,-0.01701888901529025,0.8181818181818182,-0.0014558306662385354,4.909090909090909,-0.007654999123473449,-1.3100000000000023,-0.009363889891816801,6433
10,0.400000000000003,-1.6999999999999988,55,11,-2.8600000000000136,-0.01701888901529025,0.8181818181818182,-0.0014558306662385354,4.909090909090909,-0.007654999123473449,-1.3100000000000023,-0.009363889891816801,6434
10,0.5000000000000031,-1.799999999999999,55,11,-2.8600000000000136,-0.01701888901529025,0.8181818181818182,-0.0014558306662385354,4.909090909090909,-0.007654999123473449,-1.3100000000000023,-0.009363889891816801,6435
10,0.5000000000000031,-1.6999999999999988,55,11,-2.8600000000000136,-0.01701888901529025,0.8181818181818182,-0.0014558306662385354,4.909090909090909,-0.007654999123473449,-1.3100000000000023,-0.009363889891816801,6436
10,0.6000000000000032,-1.799999999999999,55,11,-2.8600000000000136,-0.01701888901529025,0.8181818181818182,-0.0014558306662385354,4.909090909090909,-0.007654999123473449,-1.3100000000000023,-0.009363889891816801,6437
10,0.6000000000000032,-1.6999999999999988,55,11,-2.8600000000000136,-0.01701888901529025,0.8181818181818182,-0.0014558306662385354,4.909090909090909,-0.007654999123473449,-1.3100000000000023,-0.009363889891816801,6438
10,0.7000000000000033,-1.799999999999999,55,11,-2.8600000000000136,-0.01701888901529025,0.8181818181818182,-0.0014558306662385354,4.909090909090909,-0.007654999123473449,-1.3100000000000023,-0.009363889891816801,6439
10,0.7000000000000033,-1.6999999999999988,55,11,-2.8600000000000136,-0.01701888901529025,0.8181818181818182,-0.0014558306662385354,4.909090909090909,-0.007654999123473449,-1.3100000000000023,-0.009363889891816801,6440
10,0.8000000000000034,-1.799999999999999,55,11,-2.8600000000000136,-0.01701888901529025,0.8181818181818182,-0.0014558306662385354,4.909090909090909,-0.007654999123473449,-1.3100000000000023,-0.009363889891816801,6441
10,0.8000000000000034,-1.6999999999999988,55,11,-2.8600000000000136,-0.01701888901529025,0.8181818181818182,-0.0014558306662385354,4.909090909090909,-0.007654999123473449,-1.3100000000000023,-0.009363889891816801,6442
10,0.9000000000000035,-1.799999999999999,55,11,-2.8600000000000136,-0.01701888901529025,0.8181818181818182,-0.0014558306662385354,4.909090909090909,-0.007654999123473449,-1.3100000000000023,-0.009363889891816801,6443
10,0.9000000000000035,-1.6999999999999988,55,11,-2.8600000000000136,-0.01701888901529025,0.8181818181818182,-0.0014558306662385354,4.909090909090909,-0.007654999123473449,-1.3100000000000023,-0.009363889891816801,6444
5,2.6645352591003757e-15,-1.799999999999999,60,18,-2.890000000000015,-0.01707794616958591,0.6666666666666666,-0.0008116979282808967,3.2777777777777777,-0.0014112666117841455,-0.2400000000000091,-0.015666679557801766,6445
5,0.400000000000003,1.400000000000004,60,4,-2.9600000000000364,-0.017085473921971128,0.75,-0.003896759338527872,5.75,-0.0014112666117841455,-0.2400000000000091,-0.015674207310186983,6446
5,1.2000000000000037,-0.699999999999998,60,5,-2.9300000000000352,-0.01710872965416088,0.6,-0.0032032249680842726,9.2,-0.0014112666117841455,-0.2400000000000091,-0.015697463042376736,6447
22,-1.9999999999999991,-0.4999999999999978,43,13,-2.9600000000000364,-0.017111025986041417,0.6153846153846154,-0.0012372758899360941,1.9230769230769231,-0.04541877459246779,-8.080000000000013,0.028307748606426375,6448
22,1.2000000000000037,0.9000000000000035,43,1,-2.980000000000018,-0.01712151680551577,0.0,-0.01712151680551577,30.0,-0.04541877459246779,-8.080000000000013,0.028297257786952024,6449
22,1.2000000000000037,1.0000000000000036,43,1,-2.980000000000018,-0.01712151680551577,0.0,-0.01712151680551577,30.0,-0.04541877459246779,-8.080000000000013,0.028297257786952024,6450
22,1.2000000000000037,1.1000000000000032,43,1,-2.980000000000018,-0.01712151680551577,0.0,-0.01712151680551577,30.0,-0.04541877459246779,-8.080000000000013,0.028297257786952024,6451
22,1.2000000000000037,1.2000000000000037,43,1,-2.980000000000018,-0.01712151680551577,0.0,-0.01712151680551577,30.0,-0.04541877459246779,-8.080000000000013,0.028297257786952024,6452
22,1.2000000000000037,1.3000000000000043,43,1,-2.980000000000018,-0.01712151680551577,0.0,-0.01712151680551577,30.0,-0.04541877459246779,-8.080000000000013,0.028297257786952024,6453
22,1.2000000000000037,1.400000000000004,43,1,-2.980000000000018,-0.01712151680551577,0.0,-0.01712151680551577,30.0,-0.04541877459246779,-8.080000000000013,0.028297257786952024,6454
22,1.2000000000000037,1.5000000000000036,43,1,-2.980000000000018,-0.01712151680551577,0.0,-0.01712151680551577,30.0,-0.04541877459246779,-8.080000000000013,0.028297257786952024,6455
22,1.3000000000000043,0.9000000000000035,43,1,-2.980000000000018,-0.01712151680551577,0.0,-0.01712151680551577,30.0,-0.04541877459246779,-8.080000000000013,0.028297257786952024,6456
22,1.3000000000000043,1.0000000000000036,43,1,-2.980000000000018,-0.01712151680551577,0.0,-0.01712151680551577,30.0,-0.04541877459246779,-8.080000000000013,0.028297257786952024,6457
22,1.3000000000000043,1.1000000000000032,43,1,-2.980000000000018,-0.01712151680551577,0.0,-0.01712151680551577,30.0,-0.04541877459246779,-8.080000000000013,0.028297257786952024,6458
22,1.3000000000000043,1.2000000000000037,43,1,-2.980000000000018,-0.01712151680551577,0.0,-0.01712151680551577,30.0,-0.04541877459246779,-8.080000000000013,0.028297257786952024,6459
22,1.3000000000000043,1.3000000000000043,43,1,-2.980000000000018,-0.01712151680551577,0.0,-0.01712151680551577,30.0,-0.04541877459246779,-8.080000000000013,0.028297257786952024,6460
22,1.3000000000000043,1.400000000000004,43,1,-2.980000000000018,-0.01712151680551577,0.0,-0.01712151680551577,30.0,-0.04541877459246779,-8.080000000000013,0.028297257786952024,6461
22,1.3000000000000043,1.5000000000000036,43,1,-2.980000000000018,-0.01712151680551577,0.0,-0.01712151680551577,30.0,-0.04541877459246779,-8.080000000000013,0.028297257786952024,6462
5,1.2000000000000037,-1.1999999999999984,60,7,-2.910000000000025,-0.017128586033653193,0.7142857142857143,-0.002298786693182318,8.142857142857142,-0.0014112666117841455,-0.2400000000000091,-0.015717319421869047,6463
5,1.2000000000000037,-1.2999999999999985,60,8,-2.8500000000000227,-0.017161746708145964,0.75,-0.0020032993996377257,7.5,-0.0014112666117841455,-0.2400000000000091,-0.01575048009636182,6464
5,-0.3999999999999977,-0.699999999999998,60,11,-2.900000000000034,-0.017190344182690165,0.5454545454545454,-0.001420061598481999,3.272727272727273,-0.0014112666117841455,-0.2400000000000091,-0.01577907757090602,6465
5,1.0000000000000036,-0.699999999999998,60,6,-3.0000000000000284,-0.01724314953403694,0.6666666666666666,-0.002651963480736282,7.333333333333333,-0.0014112666117841455,-0.2400000000000091,-0.015831882922252793,6466
5,-1.1999999999999984,-1.2999999999999985,60,22,-2.87000000000009,-0.017259151086735813,0.6363636363636364,-0.0007192344167132376,1.8181818181818181,-0.0014112666117841455,-0.2400000000000091,-0.015847884474951668,6467
5,-1.0999999999999983,-1.2999999999999985,60,22,-2.87000000000009,-0.017259151086735813,0.6363636363636364,-0.0007192344167132376,1.8181818181818181,-0.0014112666117841455,-0.2400000000000091,-0.015847884474951668,6468
5,-0.9999999999999982,-1.2999999999999985,60,22,-2.87000000000009,-0.017259151086735813,0.6363636363636364,-0.0007192344167132376,1.8181818181818181,-0.0014112666117841455,-0.2400000000000091,-0.015847884474951668,6469
22,0.400000000000003,0.9000000000000035,43,1,-3.0100000000000193,-0.01729388106865859,0.0,-0.01729388106865859,29.0,-0.04541877459246779,-8.080000000000013,0.028124893523809202,6470
22,0.400000000000003,1.0000000000000036,43,1,-3.0100000000000193,-0.01729388106865859,0.0,-0.01729388106865859,29.0,-0.04541877459246779,-8.080000000000013,0.028124893523809202,6471
22,0.400000000000003,1.1000000000000032,43,1,-3.0100000000000193,-0.01729388106865859,0.0,-0.01729388106865859,29.0,-0.04541877459246779,-8.080000000000013,0.028124893523809202,6472
22,0.400000000000003,1.2000000000000037,43,1,-3.0100000000000193,-0.01729388106865859,0.0,-0.01729388106865859,29.0,-0.04541877459246779,-8.080000000000013,0.028124893523809202,6473
22,0.400000000000003,1.3000000000000043,43,1,-3.0100000000000193,-0.01729388106865859,0.0,-0.01729388106865859,29.0,-0.04541877459246779,-8.080000000000013,0.028124893523809202,6474
22,0.400000000000003,1.400000000000004,43,1,-3.0100000000000193,-0.01729388106865859,0.0,-0.01729388106865859,29.0,-0.04541877459246779,-8.080000000000013,0.028124893523809202,6475
22,0.400000000000003,1.5000000000000036,43,1,-3.0100000000000193,-0.01729388106865859,0.0,-0.01729388106865859,29.0,-0.04541877459246779,-8.080000000000013,0.028124893523809202,6476
22,0.5000000000000031,0.9000000000000035,43,1,-3.0100000000000193,-0.01729388106865859,0.0,-0.01729388106865859,29.0,-0.04541877459246779,-8.080000000000013,0.028124893523809202,6477
22,0.5000000000000031,1.0000000000000036,43,1,-3.0100000000000193,-0.01729388106865859,0.0,-0.01729388106865859,29.0,-0.04541877459246779,-8.080000000000013,0.028124893523809202,6478
22,0.5000000000000031,1.1000000000000032,43,1,-3.0100000000000193,-0.01729388106865859,0.0,-0.01729388106865859,29.0,-0.04541877459246779,-8.080000000000013,0.028124893523809202,6479
22,0.5000000000000031,1.2000000000000037,43,1,-3.0100000000000193,-0.01729388106865859,0.0,-0.01729388106865859,29.0,-0.04541877459246779,-8.080000000000013,0.028124893523809202,6480
22,0.5000000000000031,1.3000000000000043,43,1,-3.0100000000000193,-0.01729388106865859,0.0,-0.01729388106865859,29.0,-0.04541877459246779,-8.080000000000013,0.028124893523809202,6481
22,0.5000000000000031,1.400000000000004,43,1,-3.0100000000000193,-0.01729388106865859,0.0,-0.01729388106865859,29.0,-0.04541877459246779,-8.080000000000013,0.028124893523809202,6482
22,0.5000000000000031,1.5000000000000036,43,1,-3.0100000000000193,-0.01729388106865859,0.0,-0.01729388106865859,29.0,-0.04541877459246779,-8.080000000000013,0.028124893523809202,6483
22,0.6000000000000032,0.9000000000000035,43,1,-3.0100000000000193,-0.01729388106865859,0.0,-0.01729388106865859,29.0,-0.04541877459246779,-8.080000000000013,0.028124893523809202,6484
22,0.6000000000000032,1.0000000000000036,43,1,-3.0100000000000193,-0.01729388106865859,0.0,-0.01729388106865859,29.0,-0.04541877459246779,-8.080000000000013,0.028124893523809202,6485
22,0.6000000000000032,1.1000000000000032,43,1,-3.0100000000000193,-0.01729388106865859,0.0,-0.01729388106865859,29.0,-0.04541877459246779,-8.080000000000013,0.028124893523809202,6486
22,0.6000000000000032,1.2000000000000037,43,1,-3.0100000000000193,-0.01729388106865859,0.0,-0.01729388106865859,29.0,-0.04541877459246779,-8.080000000000013,0.028124893523809202,6487
22,0.6000000000000032,1.3000000000000043,43,1,-3.0100000000000193,-0.01729388106865859,0.0,-0.01729388106865859,29.0,-0.04541877459246779,-8.080000000000013,0.028124893523809202,6488
22,0.6000000000000032,1.400000000000004,43,1,-3.0100000000000193,-0.01729388106865859,0.0,-0.01729388106865859,29.0,-0.04541877459246779,-8.080000000000013,0.028124893523809202,6489
22,0.6000000000000032,1.5000000000000036,43,1,-3.0100000000000193,-0.01729388106865859,0.0,-0.01729388106865859,29.0,-0.04541877459246779,-8.080000000000013,0.028124893523809202,6490
22,0.7000000000000033,0.9000000000000035,43,1,-3.0100000000000193,-0.01729388106865859,0.0,-0.01729388106865859,29.0,-0.04541877459246779,-8.080000000000013,0.028124893523809202,6491
22,0.7000000000000033,1.0000000000000036,43,1,-3.0100000000000193,-0.01729388106865859,0.0,-0.01729388106865859,29.0,-0.04541877459246779,-8.080000000000013,0.028124893523809202,6492
22,0.7000000000000033,1.1000000000000032,43,1,-3.0100000000000193,-0.01729388106865859,0.0,-0.01729388106865859,29.0,-0.04541877459246779,-8.080000000000013,0.028124893523809202,6493
22,0.7000000000000033,1.2000000000000037,43,1,-3.0100000000000193,-0.01729388106865859,0.0,-0.01729388106865859,29.0,-0.04541877459246779,-8.080000000000013,0.028124893523809202,6494
22,0.7000000000000033,1.3000000000000043,43,1,-3.0100000000000193,-0.01729388106865859,0.0,-0.01729388106865859,29.0,-0.04541877459246779,-8.080000000000013,0.028124893523809202,6495
22,0.7000000000000033,1.400000000000004,43,1,-3.0100000000000193,-0.01729388106865859,0.0,-0.01729388106865859,29.0,-0.04541877459246779,-8.080000000000013,0.028124893523809202,6496
22,0.7000000000000033,1.5000000000000036,43,1,-3.0100000000000193,-0.01729388106865859,0.0,-0.01729388106865859,29.0,-0.04541877459246779,-8.080000000000013,0.028124893523809202,6497
22,0.8000000000000034,0.9000000000000035,43,1,-3.0100000000000193,-0.01729388106865859,0.0,-0.01729388106865859,29.0,-0.04541877459246779,-8.080000000000013,0.028124893523809202,6498
22,0.8000000000000034,1.0000000000000036,43,1,-3.0100000000000193,-0.01729388106865859,0.0,-0.01729388106865859,29.0,-0.04541877459246779,-8.080000000000013,0.028124893523809202,6499
22,0.8000000000000034,1.1000000000000032,43,1,-3.0100000000000193,-0.01729388106865859,0.0,-0.01729388106865859,29.0,-0.04541877459246779,-8.080000000000013,0.028124893523809202,6500
22,0.8000000000000034,1.2000000000000037,43,1,-3.0100000000000193,-0.01729388106865859,0.0,-0.01729388106865859,29.0,-0.04541877459246779,-8.080000000000013,0.028124893523809202,6501
22,0.8000000000000034,1.3000000000000043,43,1,-3.0100000000000193,-0.01729388106865859,0.0,-0.01729388106865859,29.0,-0.04541877459246779,-8.080000000000013,0.028124893523809202,6502
22,0.8000000000000034,1.400000000000004,43,1,-3.0100000000000193,-0.01729388106865859,0.0,-0.01729388106865859,29.0,-0.04541877459246779,-8.080000000000013,0.028124893523809202,6503
22,0.8000000000000034,1.5000000000000036,43,1,-3.0100000000000193,-0.01729388106865859,0.0,-0.01729388106865859,29.0,-0.04541877459246779,-8.080000000000013,0.028124893523809202,6504
22,0.9000000000000035,0.9000000000000035,43,1,-3.0100000000000193,-0.01729388106865859,0.0,-0.01729388106865859,29.0,-0.04541877459246779,-8.080000000000013,0.028124893523809202,6505
22,0.9000000000000035,1.0000000000000036,43,1,-3.0100000000000193,-0.01729388106865859,0.0,-0.01729388106865859,29.0,-0.04541877459246779,-8.080000000000013,0.028124893523809202,6506
22,0.9000000000000035,1.1000000000000032,43,1,-3.0100000000000193,-0.01729388106865859,0.0,-0.01729388106865859,29.0,-0.04541877459246779,-8.080000000000013,0.028124893523809202,6507
22,0.9000000000000035,1.2000000000000037,43,1,-3.0100000000000193,-0.01729388106865859,0.0,-0.01729388106865859,29.0,-0.04541877459246779,-8.080000000000013,0.028124893523809202,6508
22,0.9000000000000035,1.3000000000000043,43,1,-3.0100000000000193,-0.01729388106865859,0.0,-0.01729388106865859,29.0,-0.04541877459246779,-8.080000000000013,0.028124893523809202,6509
22,0.9000000000000035,1.400000000000004,43,1,-3.0100000000000193,-0.01729388106865859,0.0,-0.01729388106865859,29.0,-0.04541877459246779,-8.080000000000013,0.028124893523809202,6510
22,0.9000000000000035,1.5000000000000036,43,1,-3.0100000000000193,-0.01729388106865859,0.0,-0.01729388106865859,29.0,-0.04541877459246779,-8.080000000000013,0.028124893523809202,6511
22,1.0000000000000036,0.9000000000000035,43,1,-3.0100000000000193,-0.01729388106865859,0.0,-0.01729388106865859,29.0,-0.04541877459246779,-8.080000000000013,0.028124893523809202,6512
22,1.0000000000000036,1.0000000000000036,43,1,-3.0100000000000193,-0.01729388106865859,0.0,-0.01729388106865859,29.0,-0.04541877459246779,-8.080000000000013,0.028124893523809202,6513
22,1.0000000000000036,1.1000000000000032,43,1,-3.0100000000000193,-0.01729388106865859,0.0,-0.01729388106865859,29.0,-0.04541877459246779,-8.080000000000013,0.028124893523809202,6514
22,1.0000000000000036,1.2000000000000037,43,1,-3.0100000000000193,-0.01729388106865859,0.0,-0.01729388106865859,29.0,-0.04541877459246779,-8.080000000000013,0.028124893523809202,6515
22,1.0000000000000036,1.3000000000000043,43,1,-3.0100000000000193,-0.01729388106865859,0.0,-0.01729388106865859,29.0,-0.04541877459246779,-8.080000000000013,0.028124893523809202,6516
22,1.0000000000000036,1.400000000000004,43,1,-3.0100000000000193,-0.01729388106865859,0.0,-0.01729388106865859,29.0,-0.04541877459246779,-8.080000000000013,0.028124893523809202,6517
22,1.0000000000000036,1.5000000000000036,43,1,-3.0100000000000193,-0.01729388106865859,0.0,-0.01729388106865859,29.0,-0.04541877459246779,-8.080000000000013,0.028124893523809202,6518
22,1.1000000000000032,0.9000000000000035,43,1,-3.0100000000000193,-0.01729388106865859,0.0,-0.01729388106865859,29.0,-0.04541877459246779,-8.080000000000013,0.028124893523809202,6519
22,1.1000000000000032,1.0000000000000036,43,1,-3.0100000000000193,-0.01729388106865859,0.0,-0.01729388106865859,29.0,-0.04541877459246779,-8.080000000000013,0.028124893523809202,6520
22,1.1000000000000032,1.1000000000000032,43,1,-3.0100000000000193,-0.01729388106865859,0.0,-0.01729388106865859,29.0,-0.04541877459246779,-8.080000000000013,0.028124893523809202,6521
22,1.1000000000000032,1.2000000000000037,43,1,-3.0100000000000193,-0.01729388106865859,0.0,-0.01729388106865859,29.0,-0.04541877459246779,-8.080000000000013,0.028124893523809202,6522
22,1.1000000000000032,1.3000000000000043,43,1,-3.0100000000000193,-0.01729388106865859,0.0,-0.01729388106865859,29.0,-0.04541877459246779,-8.080000000000013,0.028124893523809202,6523
22,1.1000000000000032,1.400000000000004,43,1,-3.0100000000000193,-0.01729388106865859,0.0,-0.01729388106865859,29.0,-0.04541877459246779,-8.080000000000013,0.028124893523809202,6524
22,1.1000000000000032,1.5000000000000036,43,1,-3.0100000000000193,-0.01729388106865859,0.0,-0.01729388106865859,29.0,-0.04541877459246779,-8.080000000000013,0.028124893523809202,6525
5,1.2000000000000037,-1.0999999999999983,60,7,-2.9399999999999977,-0.0172998776708031,0.7142857142857143,-0.0023237672722250364,8.0,-0.0014112666117841455,-0.2400000000000091,-0.015888611059018953,6526
22,-0.8999999999999981,-0.699999999999998,43,10,-2.940000000000026,-0.01730301776200649,0.7,-0.0016564940778233338,3.0,-0.04541877459246779,-8.080000000000013,0.028115756830461303,6527
22,-0.8999999999999981,-0.5999999999999979,43,10,-2.940000000000026,-0.01730301776200649,0.7,-0.0016564940778233338,3.0,-0.04541877459246779,-8.080000000000013,0.028115756830461303,6528
10,-0.3999999999999977,-1.0999999999999983,55,10,-2.9399999999999977,-0.017343457394588646,0.7,-0.0015927118403597396,3.6,-0.007654999123473449,-1.3100000000000023,-0.009688458271115197,6529
22,-0.09999999999999742,-1.0999999999999983,43,10,-3.009999999999991,-0.017473855215943246,0.6,-0.001677270189812352,3.9,-0.04541877459246779,-8.080000000000013,0.027944919376524546,6530
22,2.6645352591003757e-15,-1.0999999999999983,43,10,-3.009999999999991,-0.017473855215943246,0.6,-0.001677270189812352,3.9,-0.04541877459246779,-8.080000000000013,0.027944919376524546,6531
22,-0.5999999999999979,1.600000000000004,43,1,-2.990000000000009,-0.01747413944246401,0.0,-0.01747413944246401,20.0,-0.04541877459246779,-8.080000000000013,0.027944635150003783,6532
22,-0.5999999999999979,1.7000000000000046,43,1,-2.990000000000009,-0.01747413944246401,0.0,-0.01747413944246401,20.0,-0.04541877459246779,-8.080000000000013,0.027944635150003783,6533
22,-0.5999999999999979,1.8000000000000043,43,1,-2.990000000000009,-0.01747413944246401,0.0,-0.01747413944246401,20.0,-0.04541877459246779,-8.080000000000013,0.027944635150003783,6534
22,-0.5999999999999979,1.900000000000004,43,1,-2.990000000000009,-0.01747413944246401,0.0,-0.01747413944246401,20.0,-0.04541877459246779,-8.080000000000013,0.027944635150003783,6535
22,-0.5999999999999979,2.0000000000000044,43,1,-2.990000000000009,-0.01747413944246401,0.0,-0.01747413944246401,20.0,-0.04541877459246779,-8.080000000000013,0.027944635150003783,6536
22,-0.5999999999999979,2.100000000000005,43,1,-2.990000000000009,-0.01747413944246401,0.0,-0.01747413944246401,20.0,-0.04541877459246779,-8.080000000000013,0.027944635150003783,6537
22,-0.5999999999999979,2.2000000000000046,43,1,-2.990000000000009,-0.01747413944246401,0.0,-0.01747413944246401,20.0,-0.04541877459246779,-8.080000000000013,0.027944635150003783,6538
22,-0.5999999999999979,2.3000000000000043,43,1,-2.990000000000009,-0.01747413944246401,0.0,-0.01747413944246401,20.0,-0.04541877459246779,-8.080000000000013,0.027944635150003783,6539
22,-0.5999999999999979,2.400000000000005,43,1,-2.990000000000009,-0.01747413944246401,0.0,-0.01747413944246401,20.0,-0.04541877459246779,-8.080000000000013,0.027944635150003783,6540
22,-0.5999999999999979,2.5000000000000053,43,1,-2.990000000000009,-0.01747413944246401,0.0,-0.01747413944246401,20.0,-0.04541877459246779,-8.080000000000013,0.027944635150003783,6541
22,-0.5999999999999979,2.600000000000005,43,1,-2.990000000000009,-0.01747413944246401,0.0,-0.01747413944246401,20.0,-0.04541877459246779,-8.080000000000013,0.027944635150003783,6542
22,-0.5999999999999979,2.7000000000000046,43,1,-2.990000000000009,-0.01747413944246401,0.0,-0.01747413944246401,20.0,-0.04541877459246779,-8.080000000000013,0.027944635150003783,6543
22,-0.5999999999999979,2.800000000000005,43,1,-2.990000000000009,-0.01747413944246401,0.0,-0.01747413944246401,20.0,-0.04541877459246779,-8.080000000000013,0.027944635150003783,6544
22,-0.5999999999999979,2.9000000000000057,43,1,-2.990000000000009,-0.01747413944246401,0.0,-0.01747413944246401,20.0,-0.04541877459246779,-8.080000000000013,0.027944635150003783,6545
22,-0.4999999999999978,1.600000000000004,43,1,-2.990000000000009,-0.01747413944246401,0.0,-0.01747413944246401,20.0,-0.04541877459246779,-8.080000000000013,0.027944635150003783,6546
22,-0.4999999999999978,1.7000000000000046,43,1,-2.990000000000009,-0.01747413944246401,0.0,-0.01747413944246401,20.0,-0.04541877459246779,-8.080000000000013,0.027944635150003783,6547
22,-0.4999999999999978,1.8000000000000043,43,1,-2.990000000000009,-0.01747413944246401,0.0,-0.01747413944246401,20.0,-0.04541877459246779,-8.080000000000013,0.027944635150003783,6548
22,-0.4999999999999978,1.900000000000004,43,1,-2.990000000000009,-0.01747413944246401,0.0,-0.01747413944246401,20.0,-0.04541877459246779,-8.080000000000013,0.027944635150003783,6549
22,-0.4999999999999978,2.0000000000000044,43,1,-2.990000000000009,-0.01747413944246401,0.0,-0.01747413944246401,20.0,-0.04541877459246779,-8.080000000000013,0.027944635150003783,6550
22,-0.4999999999999978,2.100000000000005,43,1,-2.990000000000009,-0.01747413944246401,0.0,-0.01747413944246401,20.0,-0.04541877459246779,-8.080000000000013,0.027944635150003783,6551
22,-0.4999999999999978,2.2000000000000046,43,1,-2.990000000000009,-0.01747413944246401,0.0,-0.01747413944246401,20.0,-0.04541877459246779,-8.080000000000013,0.027944635150003783,6552
22,-0.4999999999999978,2.3000000000000043,43,1,-2.990000000000009,-0.01747413944246401,0.0,-0.01747413944246401,20.0,-0.04541877459246779,-8.080000000000013,0.027944635150003783,6553
22,-0.4999999999999978,2.400000000000005,43,1,-2.990000000000009,-0.01747413944246401,0.0,-0.01747413944246401,20.0,-0.04541877459246779,-8.080000000000013,0.027944635150003783,6554
22,-0.4999999999999978,2.5000000000000053,43,1,-2.990000000000009,-0.01747413944246401,0.0,-0.01747413944246401,20.0,-0.04541877459246779,-8.080000000000013,0.027944635150003783,6555
22,-0.4999999999999978,2.600000000000005,43,1,-2.990000000000009,-0.01747413944246401,0.0,-0.01747413944246401,20.0,-0.04541877459246779,-8.080000000000013,0.027944635150003783,6556
22,-0.4999999999999978,2.7000000000000046,43,1,-2.990000000000009,-0.01747413944246401,0.0,-0.01747413944246401,20.0,-0.04541877459246779,-8.080000000000013,0.027944635150003783,6557
22,-0.4999999999999978,2.800000000000005,43,1,-2.990000000000009,-0.01747413944246401,0.0,-0.01747413944246401,20.0,-0.04541877459246779,-8.080000000000013,0.027944635150003783,6558
22,-0.4999999999999978,2.9000000000000057,43,1,-2.990000000000009,-0.01747413944246401,0.0,-0.01747413944246401,20.0,-0.04541877459246779,-8.080000000000013,0.027944635150003783,6559
10,1.600000000000004,1.900000000000004,55,1,-2.990000000000009,-0.01747413944246401,0.0,-0.01747413944246401,20.0,-0.007654999123473449,-1.3100000000000023,-0.00981914031899056,6560
10,1.600000000000004,2.0000000000000044,55,1,-2.990000000000009,-0.01747413944246401,0.0,-0.01747413944246401,20.0,-0.007654999123473449,-1.3100000000000023,-0.00981914031899056,6561
10,1.600000000000004,2.100000000000005,55,1,-2.990000000000009,-0.01747413944246401,0.0,-0.01747413944246401,20.0,-0.007654999123473449,-1.3100000000000023,-0.00981914031899056,6562
10,1.600000000000004,2.2000000000000046,55,1,-2.990000000000009,-0.01747413944246401,0.0,-0.01747413944246401,20.0,-0.007654999123473449,-1.3100000000000023,-0.00981914031899056,6563
10,1.600000000000004,2.3000000000000043,55,1,-2.990000000000009,-0.01747413944246401,0.0,-0.01747413944246401,20.0,-0.007654999123473449,-1.3100000000000023,-0.00981914031899056,6564
10,1.7000000000000046,1.900000000000004,55,1,-2.990000000000009,-0.01747413944246401,0.0,-0.01747413944246401,20.0,-0.007654999123473449,-1.3100000000000023,-0.00981914031899056,6565
10,1.7000000000000046,2.0000000000000044,55,1,-2.990000000000009,-0.01747413944246401,0.0,-0.01747413944246401,20.0,-0.007654999123473449,-1.3100000000000023,-0.00981914031899056,6566
10,1.7000000000000046,2.100000000000005,55,1,-2.990000000000009,-0.01747413944246401,0.0,-0.01747413944246401,20.0,-0.007654999123473449,-1.3100000000000023,-0.00981914031899056,6567
10,1.7000000000000046,2.2000000000000046,55,1,-2.990000000000009,-0.01747413944246401,0.0,-0.01747413944246401,20.0,-0.007654999123473449,-1.3100000000000023,-0.00981914031899056,6568
10,1.7000000000000046,2.3000000000000043,55,1,-2.990000000000009,-0.01747413944246401,0.0,-0.01747413944246401,20.0,-0.007654999123473449,-1.3100000000000023,-0.00981914031899056,6569
10,1.8000000000000043,1.900000000000004,55,1,-2.990000000000009,-0.01747413944246401,0.0,-0.01747413944246401,20.0,-0.007654999123473449,-1.3100000000000023,-0.00981914031899056,6570
10,1.8000000000000043,2.0000000000000044,55,1,-2.990000000000009,-0.01747413944246401,0.0,-0.01747413944246401,20.0,-0.007654999123473449,-1.3100000000000023,-0.00981914031899056,6571
10,1.8000000000000043,2.100000000000005,55,1,-2.990000000000009,-0.01747413944246401,0.0,-0.01747413944246401,20.0,-0.007654999123473449,-1.3100000000000023,-0.00981914031899056,6572
10,1.8000000000000043,2.2000000000000046,55,1,-2.990000000000009,-0.01747413944246401,0.0,-0.01747413944246401,20.0,-0.007654999123473449,-1.3100000000000023,-0.00981914031899056,6573
10,1.8000000000000043,2.3000000000000043,55,1,-2.990000000000009,-0.01747413944246401,0.0,-0.01747413944246401,20.0,-0.007654999123473449,-1.3100000000000023,-0.00981914031899056,6574
10,1.900000000000004,1.900000000000004,55,1,-2.990000000000009,-0.01747413944246401,0.0,-0.01747413944246401,20.0,-0.007654999123473449,-1.3100000000000023,-0.00981914031899056,6575
10,1.900000000000004,2.0000000000000044,55,1,-2.990000000000009,-0.01747413944246401,0.0,-0.01747413944246401,20.0,-0.007654999123473449,-1.3100000000000023,-0.00981914031899056,6576
10,1.900000000000004,2.100000000000005,55,1,-2.990000000000009,-0.01747413944246401,0.0,-0.01747413944246401,20.0,-0.007654999123473449,-1.3100000000000023,-0.00981914031899056,6577
10,1.900000000000004,2.2000000000000046,55,1,-2.990000000000009,-0.01747413944246401,0.0,-0.01747413944246401,20.0,-0.007654999123473449,-1.3100000000000023,-0.00981914031899056,6578
10,1.900000000000004,2.3000000000000043,55,1,-2.990000000000009,-0.01747413944246401,0.0,-0.01747413944246401,20.0,-0.007654999123473449,-1.3100000000000023,-0.00981914031899056,6579
10,2.0000000000000044,1.900000000000004,55,1,-2.990000000000009,-0.01747413944246401,0.0,-0.01747413944246401,20.0,-0.007654999123473449,-1.3100000000000023,-0.00981914031899056,6580
10,2.0000000000000044,2.0000000000000044,55,1,-2.990000000000009,-0.01747413944246401,0.0,-0.01747413944246401,20.0,-0.007654999123473449,-1.3100000000000023,-0.00981914031899056,6581
10,2.0000000000000044,2.100000000000005,55,1,-2.990000000000009,-0.01747413944246401,0.0,-0.01747413944246401,20.0,-0.007654999123473449,-1.3100000000000023,-0.00981914031899056,6582
10,2.0000000000000044,2.2000000000000046,55,1,-2.990000000000009,-0.01747413944246401,0.0,-0.01747413944246401,20.0,-0.007654999123473449,-1.3100000000000023,-0.00981914031899056,6583
10,2.0000000000000044,2.3000000000000043,55,1,-2.990000000000009,-0.01747413944246401,0.0,-0.01747413944246401,20.0,-0.007654999123473449,-1.3100000000000023,-0.00981914031899056,6584
10,-1.899999999999999,1.600000000000004,55,3,-2.9300000000000352,-0.01751623879723463,0.3333333333333333,-0.00576872403683341,2.3333333333333335,-0.007654999123473449,-1.3100000000000023,-0.00986123967376118,6585
10,-1.899999999999999,1.7000000000000046,55,3,-2.9300000000000352,-0.01751623879723463,0.3333333333333333,-0.00576872403683341,2.3333333333333335,-0.007654999123473449,-1.3100000000000023,-0.00986123967376118,6586
10,-1.799999999999999,1.600000000000004,55,3,-2.9300000000000352,-0.01751623879723463,0.3333333333333333,-0.00576872403683341,2.3333333333333335,-0.007654999123473449,-1.3100000000000023,-0.00986123967376118,6587
10,-1.799999999999999,1.7000000000000046,55,3,-2.9300000000000352,-0.01751623879723463,0.3333333333333333,-0.00576872403683341,2.3333333333333335,-0.007654999123473449,-1.3100000000000023,-0.00986123967376118,6588
5,-0.4999999999999978,-0.2999999999999976,60,9,-2.990000000000066,-0.01751946830355877,0.5555555555555556,-0.0018004706468995016,3.3333333333333335,-0.0014112666117841455,-0.2400000000000091,-0.016108201691774626,6589
5,-0.4999999999999978,-0.1999999999999975,60,9,-2.990000000000066,-0.01751946830355877,0.5555555555555556,-0.0018004706468995016,3.3333333333333335,-0.0014112666117841455,-0.2400000000000091,-0.016108201691774626,6590
5,-0.4999999999999978,-0.09999999999999742,60,9,-2.990000000000066,-0.01751946830355877,0.5555555555555556,-0.0018004706468995016,3.3333333333333335,-0.0014112666117841455,-0.2400000000000091,-0.016108201691774626,6591
5,1.3000000000000043,-0.5999999999999979,60,4,-2.9600000000000364,-0.017527936547010348,0.5,-0.004073358116256753,11.75,-0.0014112666117841455,-0.2400000000000091,-0.016116669935226202,6592
5,1.3000000000000043,-0.4999999999999978,60,4,-2.9600000000000364,-0.017527936547010348,0.5,-0.004073358116256753,11.75,-0.0014112666117841455,-0.2400000000000091,-0.016116669935226202,6593
5,1.3000000000000043,-0.3999999999999977,60,4,-2.9600000000000364,-0.017527936547010348,0.5,-0.004073358116256753,11.75,-0.0014112666117841455,-0.2400000000000091,-0.016116669935226202,6594
5,1.3000000000000043,-0.2999999999999976,60,4,-2.9600000000000364,-0.017527936547010348,0.5,-0.004073358116256753,11.75,-0.0014112666117841455,-0.2400000000000091,-0.016116669935226202,6595
5,1.3000000000000043,-0.1999999999999975,60,4,-2.9600000000000364,-0.017527936547010348,0.5,-0.004073358116256753,11.75,-0.0014112666117841455,-0.2400000000000091,-0.016116669935226202,6596
5,1.3000000000000043,-0.09999999999999742,60,4,-2.9600000000000364,-0.017527936547010348,0.5,-0.004073358116256753,11.75,-0.0014112666117841455,-0.2400000000000091,-0.016116669935226202,6597
5,1.3000000000000043,2.6645352591003757e-15,60,4,-2.9600000000000364,-0.017527936547010348,0.5,-0.004073358116256753,11.75,-0.0014112666117841455,-0.2400000000000091,-0.016116669935226202,6598
5,-1.0999999999999983,-0.5999999999999979,60,13,-3.0100000000000193,-0.017545546039124837,0.6153846153846154,-0.001251822574134621,2.1538461538461537,-0.0014112666117841455,-0.2400000000000091,-0.016134279427340692,6599
5,-1.0999999999999983,-0.4999999999999978,60,13,-3.0100000000000193,-0.017545546039124837,0.6153846153846154,-0.001251822574134621,2.1538461538461537,-0.0014112666117841455,-0.2400000000000091,-0.016134279427340692,6600
5,-0.9999999999999982,-0.5999999999999979,60,13,-3.0100000000000193,-0.017545546039124837,0.6153846153846154,-0.001251822574134621,2.1538461538461537,-0.0014112666117841455,-0.2400000000000091,-0.016134279427340692,6601
5,-0.9999999999999982,-0.4999999999999978,60,13,-3.0100000000000193,-0.017545546039124837,0.6153846153846154,-0.001251822574134621,2.1538461538461537,-0.0014112666117841455,-0.2400000000000091,-0.016134279427340692,6602
5,-0.8999999999999981,-0.5999999999999979,60,13,-3.0100000000000193,-0.017545546039124837,0.6153846153846154,-0.001251822574134621,2.1538461538461537,-0.0014112666117841455,-0.2400000000000091,-0.016134279427340692,6603
5,-0.8999999999999981,-0.4999999999999978,60,13,-3.0100000000000193,-0.017545546039124837,0.6153846153846154,-0.001251822574134621,2.1538461538461537,-0.0014112666117841455,-0.2400000000000091,-0.016134279427340692,6604
5,-0.799999999999998,-0.5999999999999979,60,13,-3.0100000000000193,-0.017545546039124837,0.6153846153846154,-0.001251822574134621,2.1538461538461537,-0.0014112666117841455,-0.2400000000000091,-0.016134279427340692,6605
5,-0.799999999999998,-0.4999999999999978,60,13,-3.0100000000000193,-0.017545546039124837,0.6153846153846154,-0.001251822574134621,2.1538461538461537,-0.0014112666117841455,-0.2400000000000091,-0.016134279427340692,6606
5,-0.699999999999998,-0.5999999999999979,60,13,-3.0100000000000193,-0.017545546039124837,0.6153846153846154,-0.001251822574134621,2.1538461538461537,-0.0014112666117841455,-0.2400000000000091,-0.016134279427340692,6607
5,-0.699999999999998,-0.4999999999999978,60,13,-3.0100000000000193,-0.017545546039124837,0.6153846153846154,-0.001251822574134621,2.1538461538461537,-0.0014112666117841455,-0.2400000000000091,-0.016134279427340692,6608
5,-0.5999999999999979,-0.5999999999999979,60,13,-3.0100000000000193,-0.017545546039124837,0.6153846153846154,-0.001251822574134621,2.1538461538461537,-0.0014112666117841455,-0.2400000000000091,-0.016134279427340692,6609
5,-0.5999999999999979,-0.4999999999999978,60,13,-3.0100000000000193,-0.017545546039124837,0.6153846153846154,-0.001251822574134621,2.1538461538461537,-0.0014112666117841455,-0.2400000000000091,-0.016134279427340692,6610
5,0.10000000000000275,-1.6999999999999988,60,17,-2.8799999999999386,-0.017556688099787165,0.7058823529411765,-0.0009348802601980631,3.588235294117647,-0.0014112666117841455,-0.2400000000000091,-0.01614542148800302,6611
5,-1.1999999999999984,-0.799999999999998,60,15,-2.9800000000000466,-0.017573891145437948,0.6666666666666666,-0.0010854727933723662,2.0,-0.0014112666117841455,-0.2400000000000091,-0.016162624533653802,6612
10,-3.0,1.400000000000004,55,4,-3.0,-0.017594526708924918,0.25,-0.004379111771207117,1.5,-0.007654999123473449,-1.3100000000000023,-0.009939527585451469,6613
10,-3.0,1.5000000000000036,55,4,-3.0,-0.017594526708924918,0.25,-0.004379111771207117,1.5,-0.007654999123473449,-1.3100000000000023,-0.009939527585451469,6614
10,-2.9,1.400000000000004,55,4,-3.0,-0.017594526708924918,0.25,-0.004379111771207117,1.5,-0.007654999123473449,-1.3100000000000023,-0.009939527585451469,6615
10,-2.9,1.5000000000000036,55,4,-3.0,-0.017594526708924918,0.25,-0.004379111771207117,1.5,-0.007654999123473449,-1.3100000000000023,-0.009939527585451469,6616
10,-2.8,1.400000000000004,55,4,-3.0,-0.017594526708924918,0.25,-0.004379111771207117,1.5,-0.007654999123473449,-1.3100000000000023,-0.009939527585451469,6617
10,-2.8,1.5000000000000036,55,4,-3.0,-0.017594526708924918,0.25,-0.004379111771207117,1.5,-0.007654999123473449,-1.3100000000000023,-0.009939527585451469,6618
10,-2.6999999999999997,1.400000000000004,55,4,-3.0,-0.017594526708924918,0.25,-0.004379111771207117,1.5,-0.007654999123473449,-1.3100000000000023,-0.009939527585451469,6619
10,-2.6999999999999997,1.5000000000000036,55,4,-3.0,-0.017594526708924918,0.25,-0.004379111771207117,1.5,-0.007654999123473449,-1.3100000000000023,-0.009939527585451469,6620
10,-2.5999999999999996,1.400000000000004,55,4,-3.0,-0.017594526708924918,0.25,-0.004379111771207117,1.5,-0.007654999123473449,-1.3100000000000023,-0.009939527585451469,6621
10,-2.5999999999999996,1.5000000000000036,55,4,-3.0,-0.017594526708924918,0.25,-0.004379111771207117,1.5,-0.007654999123473449,-1.3100000000000023,-0.009939527585451469,6622
10,-2.4999999999999996,1.400000000000004,55,4,-3.0,-0.017594526708924918,0.25,-0.004379111771207117,1.5,-0.007654999123473449,-1.3100000000000023,-0.009939527585451469,6623
10,-2.4999999999999996,1.5000000000000036,55,4,-3.0,-0.017594526708924918,0.25,-0.004379111771207117,1.5,-0.007654999123473449,-1.3100000000000023,-0.009939527585451469,6624
10,-2.3999999999999995,1.400000000000004,55,4,-3.0,-0.017594526708924918,0.25,-0.004379111771207117,1.5,-0.007654999123473449,-1.3100000000000023,-0.009939527585451469,6625
10,-2.3999999999999995,1.5000000000000036,55,4,-3.0,-0.017594526708924918,0.25,-0.004379111771207117,1.5,-0.007654999123473449,-1.3100000000000023,-0.009939527585451469,6626
5,-0.3999999999999977,-0.09999999999999742,60,8,-3.0100000000000477,-0.0176219516638918,0.625,-0.002008453783634817,3.875,-0.0014112666117841455,-0.2400000000000091,-0.016210685052107654,6627
5,0.10000000000000275,-1.2999999999999985,60,15,-2.860000000000042,-0.017649148883318033,0.8,-0.0010631006306326628,3.2666666666666666,-0.0014112666117841455,-0.2400000000000091,-0.016237882271533888,6628
10,-1.899999999999999,-1.0999999999999983,55,17,-2.920000000000016,-0.017659261424446848,0.5882352941176471,-0.0009809609625433633,1.5294117647058822,-0.007654999123473449,-1.3100000000000023,-0.010004262300973399,6629
5,1.2000000000000037,-0.9999999999999982,60,7,-3.0100000000000193,-0.017686963420412316,0.7142857142857143,-0.0023803966785564006,7.857142857142857,-0.0014112666117841455,-0.2400000000000091,-0.01627569680862817,6630
5,1.2000000000000037,-0.8999999999999981,60,7,-3.0100000000000193,-0.017686963420412316,0.7142857142857143,-0.0023803966785564006,7.857142857142857,-0.0014112666117841455,-0.2400000000000091,-0.01627569680862817,6631
5,0.20000000000000284,0.6000000000000032,60,5,-3.0200000000000387,-0.0177255045521284,0.6,-0.0032498958663776502,6.0,-0.0014112666117841455,-0.2400000000000091,-0.016314237940344256,6632
5,0.20000000000000284,0.7000000000000033,60,5,-3.0200000000000387,-0.0177255045521284,0.6,-0.0032498958663776502,6.0,-0.0014112666117841455,-0.2400000000000091,-0.016314237940344256,6633
5,0.20000000000000284,0.8000000000000034,60,5,-3.0200000000000387,-0.0177255045521284,0.6,-0.0032498958663776502,6.0,-0.0014112666117841455,-0.2400000000000091,-0.016314237940344256,6634
5,0.20000000000000284,0.9000000000000035,60,5,-3.0200000000000387,-0.0177255045521284,0.6,-0.0032498958663776502,6.0,-0.0014112666117841455,-0.2400000000000091,-0.016314237940344256,6635
5,0.30000000000000293,0.6000000000000032,60,5,-3.0200000000000387,-0.0177255045521284,0.6,-0.0032498958663776502,6.0,-0.0014112666117841455,-0.2400000000000091,-0.016314237940344256,6636
5,0.30000000000000293,0.7000000000000033,60,5,-3.0200000000000387,-0.0177255045521284,0.6,-0.0032498958663776502,6.0,-0.0014112666117841455,-0.2400000000000091,-0.016314237940344256,6637
5,0.30000000000000293,0.8000000000000034,60,5,-3.0200000000000387,-0.0177255045521284,0.6,-0.0032498958663776502,6.0,-0.0014112666117841455,-0.2400000000000091,-0.016314237940344256,6638
5,0.30000000000000293,0.9000000000000035,60,5,-3.0200000000000387,-0.0177255045521284,0.6,-0.0032498958663776502,6.0,-0.0014112666117841455,-0.2400000000000091,-0.016314237940344256,6639
10,0.30000000000000293,-1.0999999999999983,55,6,-3.0200000000000102,-0.017753019429274652,0.8333333333333334,-0.0026721851143620503,7.333333333333333,-0.007654999123473449,-1.3100000000000023,-0.010098020305801203,6640
22,-1.5999999999999988,-0.4999999999999978,43,12,-3.07000000000005,-0.01776135854027594,0.6666666666666666,-0.001390769533401337,2.1666666666666665,-0.04541877459246779,-8.080000000000013,0.027657416052191852,6641
10,-0.4999999999999978,-1.799999999999999,55,18,-2.9300000000000352,-0.017794803497477085,0.6666666666666666,-0.0009071618919435889,2.4444444444444446,-0.007654999123473449,-1.3100000000000023,-0.010139804374003636,6642
10,-0.4999999999999978,-1.6999999999999988,55,18,-2.9300000000000352,-0.017794803497477085,0.6666666666666666,-0.0009071618919435889,2.4444444444444446,-0.007654999123473449,-1.3100000000000023,-0.010139804374003636,6643
5,1.2000000000000037,-1.3999999999999986,60,8,-2.960000000000008,-0.017802373680545047,0.75,-0.002085046594976908,7.625,-0.0014112666117841455,-0.2400000000000091,-0.0163911070687609,6644
5,0.5000000000000031,1.400000000000004,60,4,-3.090000000000032,-0.017803857507680765,0.75,-0.004082187535024734,6.5,-0.0014112666117841455,-0.2400000000000091,-0.01639259089589662,6645
5,-1.5999999999999988,-0.799999999999998,60,18,-2.9099999999999966,-0.017839385349146974,0.5555555555555556,-0.000951636560331432,1.4444444444444444,-0.0014112666117841455,-0.2400000000000091,-0.01642811873736283,6646
5,-1.4999999999999987,-0.799999999999998,60,18,-2.9099999999999966,-0.017839385349146974,0.5555555555555556,-0.000951636560331432,1.4444444444444444,-0.0014112666117841455,-0.2400000000000091,-0.01642811873736283,6647
5,-1.3999999999999986,-0.799999999999998,60,18,-2.9099999999999966,-0.017839385349146974,0.5555555555555556,-0.000951636560331432,1.4444444444444444,-0.0014112666117841455,-0.2400000000000091,-0.01642811873736283,6648
5,0.20000000000000284,0.10000000000000275,60,5,-3.040000000000049,-0.017841468721356613,0.6,-0.0032734932843902385,6.8,-0.0014112666117841455,-0.2400000000000091,-0.016430202109572467,6649
5,0.20000000000000284,0.20000000000000284,60,5,-3.040000000000049,-0.017841468721356613,0.6,-0.0032734932843902385,6.8,-0.0014112666117841455,-0.2400000000000091,-0.016430202109572467,6650
5,0.20000000000000284,0.30000000000000293,60,5,-3.040000000000049,-0.017841468721356613,0.6,-0.0032734932843902385,6.8,-0.0014112666117841455,-0.2400000000000091,-0.016430202109572467,6651
5,0.20000000000000284,0.400000000000003,60,5,-3.040000000000049,-0.017841468721356613,0.6,-0.0032734932843902385,6.8,-0.0014112666117841455,-0.2400000000000091,-0.016430202109572467,6652
5,0.20000000000000284,0.5000000000000031,60,5,-3.040000000000049,-0.017841468721356613,0.6,-0.0032734932843902385,6.8,-0.0014112666117841455,-0.2400000000000091,-0.016430202109572467,6653
5,0.30000000000000293,0.10000000000000275,60,5,-3.040000000000049,-0.017841468721356613,0.6,-0.0032734932843902385,6.8,-0.0014112666117841455,-0.2400000000000091,-0.016430202109572467,6654
5,0.30000000000000293,0.20000000000000284,60,5,-3.040000000000049,-0.017841468721356613,0.6,-0.0032734932843902385,6.8,-0.0014112666117841455,-0.2400000000000091,-0.016430202109572467,6655
5,0.30000000000000293,0.30000000000000293,60,5,-3.040000000000049,-0.017841468721356613,0.6,-0.0032734932843902385,6.8,-0.0014112666117841455,-0.2400000000000091,-0.016430202109572467,6656
5,0.30000000000000293,0.400000000000003,60,5,-3.040000000000049,-0.017841468721356613,0.6,-0.0032734932843902385,6.8,-0.0014112666117841455,-0.2400000000000091,-0.016430202109572467,6657
5,0.30000000000000293,0.5000000000000031,60,5,-3.040000000000049,-0.017841468721356613,0.6,-0.0032734932843902385,6.8,-0.0014112666117841455,-0.2400000000000091,-0.016430202109572467,6658
10,0.20000000000000284,-0.8999999999999981,55,6,-2.9799999999999898,-0.01785343404348827,0.8333333333333334,-0.002712857469308901,6.5,-0.007654999123473449,-1.3100000000000023,-0.01019843492001482,6659
10,0.20000000000000284,-0.799999999999998,55,6,-2.9799999999999898,-0.01785343404348827,0.8333333333333334,-0.002712857469308901,6.5,-0.007654999123473449,-1.3100000000000023,-0.01019843492001482,6660
5,0.6000000000000032,1.400000000000004,60,4,-3.1000000000000227,-0.01786281639731957,0.75,-0.004096413095511814,7.25,-0.0014112666117841455,-0.2400000000000091,-0.016451549785535424,6661
5,0.7000000000000033,1.400000000000004,60,4,-3.1000000000000227,-0.01786281639731957,0.75,-0.004096413095511814,7.25,-0.0014112666117841455,-0.2400000000000091,-0.016451549785535424,6662
5,0.8000000000000034,1.400000000000004,60,4,-3.1000000000000227,-0.01786281639731957,0.75,-0.004096413095511814,7.25,-0.0014112666117841455,-0.2400000000000091,-0.016451549785535424,6663
5,0.9000000000000035,1.400000000000004,60,4,-3.1000000000000227,-0.01786281639731957,0.75,-0.004096413095511814,7.25,-0.0014112666117841455,-0.2400000000000091,-0.016451549785535424,6664
22,-1.9999999999999991,0.20000000000000284,43,7,-3.1000000000000227,-0.0179201169310651,0.42857142857142855,-0.0025176781015040822,2.0,-0.04541877459246779,-8.080000000000013,0.027498657661402692,6665
22,-1.9999999999999991,0.30000000000000293,43,7,-3.1000000000000227,-0.0179201169310651,0.42857142857142855,-0.0025176781015040822,2.0,-0.04541877459246779,-8.080000000000013,0.027498657661402692,6666
22,-1.9999999999999991,0.400000000000003,43,7,-3.1000000000000227,-0.0179201169310651,0.42857142857142855,-0.0025176781015040822,2.0,-0.04541877459246779,-8.080000000000013,0.027498657661402692,6667
10,-0.9999999999999982,-1.3999999999999986,55,16,-2.9799999999999898,-0.017920333142190437,0.6875,-0.0010179572558337707,2.25,-0.007654999123473449,-1.3100000000000023,-0.010265334018716987,6668
10,-0.9999999999999982,-1.2999999999999985,55,16,-2.9799999999999898,-0.017920333142190437,0.6875,-0.0010179572558337707,2.25,-0.007654999123473449,-1.3100000000000023,-0.010265334018716987,6669
5,-0.8999999999999981,-1.0999999999999983,60,17,-3.0699999999999648,-0.017954847087575332,0.6470588235294118,-0.0009802764307707773,1.9411764705882353,-0.0014112666117841455,-0.2400000000000091,-0.016543580475791186,6670
5,-0.799999999999998,-1.0999999999999983,60,17,-3.0699999999999648,-0.017954847087575332,0.6470588235294118,-0.0009802764307707773,1.9411764705882353,-0.0014112666117841455,-0.2400000000000091,-0.016543580475791186,6671
5,-0.699999999999998,-1.0999999999999983,60,17,-3.0699999999999648,-0.017954847087575332,0.6470588235294118,-0.0009802764307707773,1.9411764705882353,-0.0014112666117841455,-0.2400000000000091,-0.016543580475791186,6672
5,-0.5999999999999979,-1.0999999999999983,60,17,-3.0699999999999648,-0.017954847087575332,0.6470588235294118,-0.0009802764307707773,1.9411764705882353,-0.0014112666117841455,-0.2400000000000091,-0.016543580475791186,6673
22,-0.8999999999999981,-1.0999999999999983,43,13,-3.0700000000000216,-0.017977083107154068,0.6153846153846154,-0.0013221993777428821,2.5384615384615383,-0.04541877459246779,-8.080000000000013,0.027441691485313724,6674
5,-1.1999999999999984,-1.0999999999999983,60,18,-3.0699999999999648,-0.018069883691994915,0.6666666666666666,-0.0009275356115322055,1.8333333333333333,-0.0014112666117841455,-0.2400000000000091,-0.01665861708021077,6675
5,0.5000000000000031,-1.5999999999999988,60,14,-3.0,-0.01813463499794954,0.8571428571428571,-0.00119055700057468,4.0,-0.0014112666117841455,-0.2400000000000091,-0.016723368386165394,6676
5,0.20000000000000284,-1.6999999999999988,60,16,-2.979999999999933,-0.0181480227042774,0.6875,-0.001040301147865845,3.875,-0.0014112666117841455,-0.2400000000000091,-0.016736756092493255,6677
5,0.30000000000000293,-1.6999999999999988,60,16,-2.979999999999933,-0.0181480227042774,0.6875,-0.001040301147865845,3.875,-0.0014112666117841455,-0.2400000000000091,-0.016736756092493255,6678
10,-0.2999999999999976,-1.4999999999999987,55,13,-3.0,-0.018158273703248073,0.6923076923076923,-0.0012813204135102647,3.4615384615384617,-0.007654999123473449,-1.3100000000000023,-0.010503274579774624,6679
10,-0.1999999999999975,-1.4999999999999987,55,13,-3.0,-0.018158273703248073,0.6923076923076923,-0.0012813204135102647,3.4615384615384617,-0.007654999123473449,-1.3100000000000023,-0.010503274579774624,6680
22,-0.1999999999999975,-0.3999999999999977,43,6,-3.140000000000043,-0.01817353779757469,0.5,-0.0028954822006922267,6.0,-0.04541877459246779,-8.080000000000013,0.027245236794893102,6681
5,0.20000000000000284,-1.2999999999999985,60,14,-2.9600000000000364,-0.018240427835476747,0.7857142857142857,-0.0011927402429983136,3.5714285714285716,-0.0014112666117841455,-0.2400000000000091,-0.0168291612236926,6682
5,0.30000000000000293,-1.2999999999999985,60,14,-2.9600000000000364,-0.018240427835476747,0.7857142857142857,-0.0011927402429983136,3.5714285714285716,-0.0014112666117841455,-0.2400000000000091,-0.0168291612236926,6683
5,-0.2999999999999976,-0.3999999999999977,60,8,-3.1200000000000614,-0.018271946162039088,0.625,-0.002086694366313785,4.0,-0.0014112666117841455,-0.2400000000000091,-0.016860679550254942,6684
5,-0.2999999999999976,-0.2999999999999976,60,8,-3.1200000000000614,-0.018271946162039088,0.625,-0.002086694366313785,4.0,-0.0014112666117841455,-0.2400000000000091,-0.016860679550254942,6685
5,-0.2999999999999976,-0.1999999999999975,60,8,-3.1200000000000614,-0.018271946162039088,0.625,-0.002086694366313785,4.0,-0.0014112666117841455,-0.2400000000000091,-0.016860679550254942,6686
5,-0.2999999999999976,-0.09999999999999742,60,8,-3.1200000000000614,-0.018271946162039088,0.625,-0.002086694366313785,4.0,-0.0014112666117841455,-0.2400000000000091,-0.016860679550254942,6687
5,-1.5999999999999988,-1.0999999999999983,60,21,-2.9999999999999147,-0.01833524385697627,0.5714285714285714,-0.0008353812949028562,1.380952380952381,-0.0014112666117841455,-0.2400000000000091,-0.016923977245192123,6688
5,-1.4999999999999987,-1.0999999999999983,60,21,-2.9999999999999147,-0.01833524385697627,0.5714285714285714,-0.0008353812949028562,1.380952380952381,-0.0014112666117841455,-0.2400000000000091,-0.016923977245192123,6689
5,-1.3999999999999986,-1.0999999999999983,60,21,-2.9999999999999147,-0.01833524385697627,0.5714285714285714,-0.0008353812949028562,1.380952380952381,-0.0014112666117841455,-0.2400000000000091,-0.016923977245192123,6690
10,1.400000000000004,-1.0999999999999983,55,4,-3.2400000000000375,-0.0183416180791256,0.75,-0.004079727704007968,12.5,-0.007654999123473449,-1.3100000000000023,-0.01068661895565215,6691
10,1.5000000000000036,-1.0999999999999983,55,4,-3.2400000000000375,-0.0183416180791256,0.75,-0.004079727704007968,12.5,-0.007654999123473449,-1.3100000000000023,-0.01068661895565215,6692
10,-0.4999999999999978,-1.1999999999999984,55,12,-3.009999999999991,-0.018399316561622192,0.6666666666666666,-0.0014163395241730732,3.0,-0.007654999123473449,-1.3100000000000023,-0.010744317438148743,6693
5,-0.3999999999999977,-0.4999999999999978,60,9,-3.110000000000042,-0.01840915549054356,0.5555555555555556,-0.0018736027909476889,3.5555555555555554,-0.0014112666117841455,-0.2400000000000091,-0.016997888878759415,6694
10,-0.4999999999999978,-0.9999999999999982,55,10,-3.0800000000000125,-0.018427839343343355,0.6,-0.0017009541411417196,3.4,-0.007654999123473449,-1.3100000000000023,-0.010772840219869906,6695
5,-0.3999999999999977,-1.5999999999999988,60,19,-3.119999999999976,-0.018431388241275548,0.5789473684210527,-0.0008844514181567924,2.9473684210526314,-0.0014112666117841455,-0.2400000000000091,-0.017020121629491403,6696
22,-2.9,-0.699999999999998,43,15,-3.1100000000000136,-0.018459232047199237,0.5333333333333333,-0.0011691283738529013,1.9333333333333333,-0.04541877459246779,-8.080000000000013,0.026959542545268556,6697
22,-2.9,-0.5999999999999979,43,15,-3.1100000000000136,-0.018459232047199237,0.5333333333333333,-0.0011691283738529013,1.9333333333333333,-0.04541877459246779,-8.080000000000013,0.026959542545268556,6698
22,-2.8,-0.699999999999998,43,15,-3.1100000000000136,-0.018459232047199237,0.5333333333333333,-0.0011691283738529013,1.9333333333333333,-0.04541877459246779,-8.080000000000013,0.026959542545268556,6699
22,-2.8,-0.5999999999999979,43,15,-3.1100000000000136,-0.018459232047199237,0.5333333333333333,-0.0011691283738529013,1.9333333333333333,-0.04541877459246779,-8.080000000000013,0.026959542545268556,6700
22,-2.6999999999999997,-0.699999999999998,43,15,-3.1100000000000136,-0.018459232047199237,0.5333333333333333,-0.0011691283738529013,1.9333333333333333,-0.04541877459246779,-8.080000000000013,0.026959542545268556,6701
22,-2.6999999999999997,-0.5999999999999979,43,15,-3.1100000000000136,-0.018459232047199237,0.5333333333333333,-0.0011691283738529013,1.9333333333333333,-0.04541877459246779,-8.080000000000013,0.026959542545268556,6702
22,-2.5999999999999996,-0.699999999999998,43,15,-3.1100000000000136,-0.018459232047199237,0.5333333333333333,-0.0011691283738529013,1.9333333333333333,-0.04541877459246779,-8.080000000000013,0.026959542545268556,6703
22,-2.5999999999999996,-0.5999999999999979,43,15,-3.1100000000000136,-0.018459232047199237,0.5333333333333333,-0.0011691283738529013,1.9333333333333333,-0.04541877459246779,-8.080000000000013,0.026959542545268556,6704
22,-2.4999999999999996,-0.699999999999998,43,15,-3.1100000000000136,-0.018459232047199237,0.5333333333333333,-0.0011691283738529013,1.9333333333333333,-0.04541877459246779,-8.080000000000013,0.026959542545268556,6705
22,-2.4999999999999996,-0.5999999999999979,43,15,-3.1100000000000136,-0.018459232047199237,0.5333333333333333,-0.0011691283738529013,1.9333333333333333,-0.04541877459246779,-8.080000000000013,0.026959542545268556,6706
22,-2.3999999999999995,-0.699999999999998,43,15,-3.1100000000000136,-0.018459232047199237,0.5333333333333333,-0.0011691283738529013,1.9333333333333333,-0.04541877459246779,-8.080000000000013,0.026959542545268556,6707
22,-2.3999999999999995,-0.5999999999999979,43,15,-3.1100000000000136,-0.018459232047199237,0.5333333333333333,-0.0011691283738529013,1.9333333333333333,-0.04541877459246779,-8.080000000000013,0.026959542545268556,6708
22,-2.2999999999999994,-0.699999999999998,43,15,-3.1100000000000136,-0.018459232047199237,0.5333333333333333,-0.0011691283738529013,1.9333333333333333,-0.04541877459246779,-8.080000000000013,0.026959542545268556,6709
22,-2.2999999999999994,-0.5999999999999979,43,15,-3.1100000000000136,-0.018459232047199237,0.5333333333333333,-0.0011691283738529013,1.9333333333333333,-0.04541877459246779,-8.080000000000013,0.026959542545268556,6710
22,-2.1999999999999993,-0.699999999999998,43,15,-3.1100000000000136,-0.018459232047199237,0.5333333333333333,-0.0011691283738529013,1.9333333333333333,-0.04541877459246779,-8.080000000000013,0.026959542545268556,6711
22,-2.1999999999999993,-0.5999999999999979,43,15,-3.1100000000000136,-0.018459232047199237,0.5333333333333333,-0.0011691283738529013,1.9333333333333333,-0.04541877459246779,-8.080000000000013,0.026959542545268556,6712
22,-2.099999999999999,-0.699999999999998,43,15,-3.1100000000000136,-0.018459232047199237,0.5333333333333333,-0.0011691283738529013,1.9333333333333333,-0.04541877459246779,-8.080000000000013,0.026959542545268556,6713
22,-2.099999999999999,-0.5999999999999979,43,15,-3.1100000000000136,-0.018459232047199237,0.5333333333333333,-0.0011691283738529013,1.9333333333333333,-0.04541877459246779,-8.080000000000013,0.026959542545268556,6714
5,-0.3999999999999977,-0.5999999999999979,60,10,-3.120000000000033,-0.018468078045589364,0.5,-0.0016922452731230942,3.5,-0.0014112666117841455,-0.2400000000000091,-0.01705681143380522,6715
22,-1.899999999999999,-1.2999999999999985,43,18,-3.069999999999993,-0.018468446250818005,0.5555555555555556,-0.0009590205472992571,1.8888888888888888,-0.04541877459246779,-8.080000000000013,0.026950328341649787,6716
22,-1.899999999999999,-1.1999999999999984,43,18,-3.069999999999993,-0.018468446250818005,0.5555555555555556,-0.0009590205472992571,1.8888888888888888,-0.04541877459246779,-8.080000000000013,0.026950328341649787,6717
22,-1.799999999999999,-1.2999999999999985,43,18,-3.069999999999993,-0.018468446250818005,0.5555555555555556,-0.0009590205472992571,1.8888888888888888,-0.04541877459246779,-8.080000000000013,0.026950328341649787,6718
22,-1.799999999999999,-1.1999999999999984,43,18,-3.069999999999993,-0.018468446250818005,0.5555555555555556,-0.0009590205472992571,1.8888888888888888,-0.04541877459246779,-8.080000000000013,0.026950328341649787,6719
22,-1.6999999999999988,-1.2999999999999985,43,18,-3.069999999999993,-0.018468446250818005,0.5555555555555556,-0.0009590205472992571,1.8888888888888888,-0.04541877459246779,-8.080000000000013,0.026950328341649787,6720
22,-1.6999999999999988,-1.1999999999999984,43,18,-3.069999999999993,-0.018468446250818005,0.5555555555555556,-0.0009590205472992571,1.8888888888888888,-0.04541877459246779,-8.080000000000013,0.026950328341649787,6721
22,-1.0999999999999983,-0.699999999999998,43,11,-3.1200000000000045,-0.018480878976964377,0.5454545454545454,-0.0015847977802711773,3.1818181818181817,-0.04541877459246779,-8.080000000000013,0.026937895615503415,6722
22,-1.0999999999999983,-0.5999999999999979,43,11,-3.1200000000000045,-0.018480878976964377,0.5454545454545454,-0.0015847977802711773,3.1818181818181817,-0.04541877459246779,-8.080000000000013,0.026937895615503415,6723
22,-0.9999999999999982,-0.699999999999998,43,11,-3.1200000000000045,-0.018480878976964377,0.5454545454545454,-0.0015847977802711773,3.1818181818181817,-0.04541877459246779,-8.080000000000013,0.026937895615503415,6724
22,-0.9999999999999982,-0.5999999999999979,43,11,-3.1200000000000045,-0.018480878976964377,0.5454545454545454,-0.0015847977802711773,3.1818181818181817,-0.04541877459246779,-8.080000000000013,0.026937895615503415,6725
5,1.0000000000000036,-1.4999999999999987,60,11,-3.170000000000016,-0.018507083844563788,0.8181818181818182,-0.001562659238806769,5.090909090909091,-0.0014112666117841455,-0.2400000000000091,-0.017095817232779642,6726
5,1.0000000000000036,-0.5999999999999979,60,5,-3.2200000000000273,-0.018520814745610625,0.6,-0.003442711206469329,8.6,-0.0014112666117841455,-0.2400000000000091,-0.01710954813382648,6727
5,1.0000000000000036,-0.4999999999999978,60,5,-3.2200000000000273,-0.018520814745610625,0.6,-0.003442711206469329,8.6,-0.0014112666117841455,-0.2400000000000091,-0.01710954813382648,6728
5,1.0000000000000036,-0.3999999999999977,60,5,-3.2200000000000273,-0.018520814745610625,0.6,-0.003442711206469329,8.6,-0.0014112666117841455,-0.2400000000000091,-0.01710954813382648,6729
5,1.0000000000000036,-0.2999999999999976,60,5,-3.2200000000000273,-0.018520814745610625,0.6,-0.003442711206469329,8.6,-0.0014112666117841455,-0.2400000000000091,-0.01710954813382648,6730
5,1.0000000000000036,-0.1999999999999975,60,5,-3.2200000000000273,-0.018520814745610625,0.6,-0.003442711206469329,8.6,-0.0014112666117841455,-0.2400000000000091,-0.01710954813382648,6731
5,1.0000000000000036,-0.09999999999999742,60,5,-3.2200000000000273,-0.018520814745610625,0.6,-0.003442711206469329,8.6,-0.0014112666117841455,-0.2400000000000091,-0.01710954813382648,6732
5,1.0000000000000036,2.6645352591003757e-15,60,5,-3.2200000000000273,-0.018520814745610625,0.6,-0.003442711206469329,8.6,-0.0014112666117841455,-0.2400000000000091,-0.01710954813382648,6733
5,1.1000000000000032,-0.5999999999999979,60,5,-3.2200000000000273,-0.018520814745610625,0.6,-0.003442711206469329,8.6,-0.0014112666117841455,-0.2400000000000091,-0.01710954813382648,6734
5,1.1000000000000032,-0.4999999999999978,60,5,-3.2200000000000273,-0.018520814745610625,0.6,-0.003442711206469329,8.6,-0.0014112666117841455,-0.2400000000000091,-0.01710954813382648,6735
5,1.1000000000000032,-0.3999999999999977,60,5,-3.2200000000000273,-0.018520814745610625,0.6,-0.003442711206469329,8.6,-0.0014112666117841455,-0.2400000000000091,-0.01710954813382648,6736
5,1.1000000000000032,-0.2999999999999976,60,5,-3.2200000000000273,-0.018520814745610625,0.6,-0.003442711206469329,8.6,-0.0014112666117841455,-0.2400000000000091,-0.01710954813382648,6737
5,1.1000000000000032,-0.1999999999999975,60,5,-3.2200000000000273,-0.018520814745610625,0.6,-0.003442711206469329,8.6,-0.0014112666117841455,-0.2400000000000091,-0.01710954813382648,6738
5,1.1000000000000032,-0.09999999999999742,60,5,-3.2200000000000273,-0.018520814745610625,0.6,-0.003442711206469329,8.6,-0.0014112666117841455,-0.2400000000000091,-0.01710954813382648,6739
5,1.1000000000000032,2.6645352591003757e-15,60,5,-3.2200000000000273,-0.018520814745610625,0.6,-0.003442711206469329,8.6,-0.0014112666117841455,-0.2400000000000091,-0.01710954813382648,6740
5,-0.2999999999999976,-1.4999999999999987,60,18,-3.100000000000051,-0.018551108332933053,0.6111111111111112,-0.0009355315124076798,2.888888888888889,-0.0014112666117841455,-0.2400000000000091,-0.017139841721148907,6741
22,-1.5999999999999988,0.20000000000000284,43,6,-3.2100000000000364,-0.018569914146930433,0.5,-0.003041520899467298,2.5,-0.04541877459246779,-8.080000000000013,0.02684886044553736,6742
22,-1.5999999999999988,0.30000000000000293,43,6,-3.2100000000000364,-0.018569914146930433,0.5,-0.003041520899467298,2.5,-0.04541877459246779,-8.080000000000013,0.02684886044553736,6743
22,-1.5999999999999988,0.400000000000003,43,6,-3.2100000000000364,-0.018569914146930433,0.5,-0.003041520899467298,2.5,-0.04541877459246779,-8.080000000000013,0.02684886044553736,6744
22,-1.899999999999999,-0.9999999999999982,43,17,-3.180000000000007,-0.0186379852250671,0.47058823529411764,-0.0010612000642819563,1.7647058823529411,-0.04541877459246779,-8.080000000000013,0.026780789367400692,6745
22,-1.899999999999999,-0.8999999999999981,43,17,-3.180000000000007,-0.0186379852250671,0.47058823529411764,-0.0010612000642819563,1.7647058823529411,-0.04541877459246779,-8.080000000000013,0.026780789367400692,6746
22,-1.799999999999999,-0.9999999999999982,43,17,-3.180000000000007,-0.0186379852250671,0.47058823529411764,-0.0010612000642819563,1.7647058823529411,-0.04541877459246779,-8.080000000000013,0.026780789367400692,6747
22,-1.799999999999999,-0.8999999999999981,43,17,-3.180000000000007,-0.0186379852250671,0.47058823529411764,-0.0010612000642819563,1.7647058823529411,-0.04541877459246779,-8.080000000000013,0.026780789367400692,6748
22,-1.6999999999999988,-0.9999999999999982,43,17,-3.180000000000007,-0.0186379852250671,0.47058823529411764,-0.0010612000642819563,1.7647058823529411,-0.04541877459246779,-8.080000000000013,0.026780789367400692,6749
22,-1.6999999999999988,-0.8999999999999981,43,17,-3.180000000000007,-0.0186379852250671,0.47058823529411764,-0.0010612000642819563,1.7647058823529411,-0.04541877459246779,-8.080000000000013,0.026780789367400692,6750
10,0.400000000000003,-1.3999999999999986,55,7,-3.1899999999999977,-0.01867937557460131,0.8571428571428571,-0.0025253854786673508,7.0,-0.007654999123473449,-1.3100000000000023,-0.01102437645112786,6751
10,0.400000000000003,-1.2999999999999985,55,7,-3.1899999999999977,-0.01867937557460131,0.8571428571428571,-0.0025253854786673508,7.0,-0.007654999123473449,-1.3100000000000023,-0.01102437645112786,6752
10,0.5000000000000031,-1.3999999999999986,55,7,-3.1899999999999977,-0.01867937557460131,0.8571428571428571,-0.0025253854786673508,7.0,-0.007654999123473449,-1.3100000000000023,-0.01102437645112786,6753
10,0.5000000000000031,-1.2999999999999985,55,7,-3.1899999999999977,-0.01867937557460131,0.8571428571428571,-0.0025253854786673508,7.0,-0.007654999123473449,-1.3100000000000023,-0.01102437645112786,6754
10,0.6000000000000032,-1.3999999999999986,55,7,-3.1899999999999977,-0.01867937557460131,0.8571428571428571,-0.0025253854786673508,7.0,-0.007654999123473449,-1.3100000000000023,-0.01102437645112786,6755
10,0.6000000000000032,-1.2999999999999985,55,7,-3.1899999999999977,-0.01867937557460131,0.8571428571428571,-0.0025253854786673508,7.0,-0.007654999123473449,-1.3100000000000023,-0.01102437645112786,6756
10,0.7000000000000033,-1.3999999999999986,55,7,-3.1899999999999977,-0.01867937557460131,0.8571428571428571,-0.0025253854786673508,7.0,-0.007654999123473449,-1.3100000000000023,-0.01102437645112786,6757
10,0.7000000000000033,-1.2999999999999985,55,7,-3.1899999999999977,-0.01867937557460131,0.8571428571428571,-0.0025253854786673508,7.0,-0.007654999123473449,-1.3100000000000023,-0.01102437645112786,6758
10,0.8000000000000034,-1.3999999999999986,55,7,-3.1899999999999977,-0.01867937557460131,0.8571428571428571,-0.0025253854786673508,7.0,-0.007654999123473449,-1.3100000000000023,-0.01102437645112786,6759
10,0.8000000000000034,-1.2999999999999985,55,7,-3.1899999999999977,-0.01867937557460131,0.8571428571428571,-0.0025253854786673508,7.0,-0.007654999123473449,-1.3100000000000023,-0.01102437645112786,6760
10,0.9000000000000035,-1.3999999999999986,55,7,-3.1899999999999977,-0.01867937557460131,0.8571428571428571,-0.0025253854786673508,7.0,-0.007654999123473449,-1.3100000000000023,-0.01102437645112786,6761
10,0.9000000000000035,-1.2999999999999985,55,7,-3.1899999999999977,-0.01867937557460131,0.8571428571428571,-0.0025253854786673508,7.0,-0.007654999123473449,-1.3100000000000023,-0.01102437645112786,6762
10,-2.2999999999999994,-1.799999999999999,55,24,-3.0500000000000114,-0.018682861786877947,0.5833333333333334,-0.0007149204329064499,1.4166666666666667,-0.007654999123473449,-1.3100000000000023,-0.011027862663404497,6763
10,-2.2999999999999994,-1.6999999999999988,55,24,-3.0500000000000114,-0.018682861786877947,0.5833333333333334,-0.0007149204329064499,1.4166666666666667,-0.007654999123473449,-1.3100000000000023,-0.011027862663404497,6764
10,-2.1999999999999993,-1.799999999999999,55,24,-3.0500000000000114,-0.018682861786877947,0.5833333333333334,-0.0007149204329064499,1.4166666666666667,-0.007654999123473449,-1.3100000000000023,-0.011027862663404497,6765
10,-2.1999999999999993,-1.6999999999999988,55,24,-3.0500000000000114,-0.018682861786877947,0.5833333333333334,-0.0007149204329064499,1.4166666666666667,-0.007654999123473449,-1.3100000000000023,-0.011027862663404497,6766
10,-2.099999999999999,-1.799999999999999,55,24,-3.0500000000000114,-0.018682861786877947,0.5833333333333334,-0.0007149204329064499,1.4166666666666667,-0.007654999123473449,-1.3100000000000023,-0.011027862663404497,6767
10,-2.099999999999999,-1.6999999999999988,55,24,-3.0500000000000114,-0.018682861786877947,0.5833333333333334,-0.0007149204329064499,1.4166666666666667,-0.007654999123473449,-1.3100000000000023,-0.011027862663404497,6768
10,-1.9999999999999991,-1.799999999999999,55,24,-3.0500000000000114,-0.018682861786877947,0.5833333333333334,-0.0007149204329064499,1.4166666666666667,-0.007654999123473449,-1.3100000000000023,-0.011027862663404497,6769
10,-1.9999999999999991,-1.6999999999999988,55,24,-3.0500000000000114,-0.018682861786877947,0.5833333333333334,-0.0007149204329064499,1.4166666666666667,-0.007654999123473449,-1.3100000000000023,-0.011027862663404497,6770
5,-1.2999999999999985,-3.0,60,26,-3.2200000000000273,-0.018740190613960483,0.6538461538461539,-0.000638355728701096,1.7692307692307692,-0.0014112666117841455,-0.2400000000000091,-0.017328924002176338,6771
5,-1.2999999999999985,-2.9,60,26,-3.2200000000000273,-0.018740190613960483,0.6538461538461539,-0.000638355728701096,1.7692307692307692,-0.0014112666117841455,-0.2400000000000091,-0.017328924002176338,6772
5,-1.2999999999999985,-2.8,60,26,-3.2200000000000273,-0.018740190613960483,0.6538461538461539,-0.000638355728701096,1.7692307692307692,-0.0014112666117841455,-0.2400000000000091,-0.017328924002176338,6773
5,-1.2999999999999985,-2.6999999999999997,60,26,-3.2200000000000273,-0.018740190613960483,0.6538461538461539,-0.000638355728701096,1.7692307692307692,-0.0014112666117841455,-0.2400000000000091,-0.017328924002176338,6774
5,-1.2999999999999985,-2.5999999999999996,60,26,-3.2200000000000273,-0.018740190613960483,0.6538461538461539,-0.000638355728701096,1.7692307692307692,-0.0014112666117841455,-0.2400000000000091,-0.017328924002176338,6775
5,-1.2999999999999985,-2.4999999999999996,60,26,-3.2200000000000273,-0.018740190613960483,0.6538461538461539,-0.000638355728701096,1.7692307692307692,-0.0014112666117841455,-0.2400000000000091,-0.017328924002176338,6776
5,-1.2999999999999985,-2.3999999999999995,60,26,-3.2200000000000273,-0.018740190613960483,0.6538461538461539,-0.000638355728701096,1.7692307692307692,-0.0014112666117841455,-0.2400000000000091,-0.017328924002176338,6777
5,-1.2999999999999985,-2.2999999999999994,60,26,-3.2200000000000273,-0.018740190613960483,0.6538461538461539,-0.000638355728701096,1.7692307692307692,-0.0014112666117841455,-0.2400000000000091,-0.017328924002176338,6778
5,-1.2999999999999985,-2.1999999999999993,60,26,-3.2200000000000273,-0.018740190613960483,0.6538461538461539,-0.000638355728701096,1.7692307692307692,-0.0014112666117841455,-0.2400000000000091,-0.017328924002176338,6779
5,-1.2999999999999985,-2.099999999999999,60,26,-3.2200000000000273,-0.018740190613960483,0.6538461538461539,-0.000638355728701096,1.7692307692307692,-0.0014112666117841455,-0.2400000000000091,-0.017328924002176338,6780
5,-1.2999999999999985,-1.9999999999999991,60,26,-3.2200000000000273,-0.018740190613960483,0.6538461538461539,-0.000638355728701096,1.7692307692307692,-0.0014112666117841455,-0.2400000000000091,-0.017328924002176338,6781
22,1.1000000000000032,-3.0,43,3,-3.2600000000000193,-0.018788592710472396,0.6666666666666666,-0.006219749690463757,18.666666666666668,-0.04541877459246779,-8.080000000000013,0.026630181881995396,6782
22,1.1000000000000032,-2.9,43,3,-3.2600000000000193,-0.018788592710472396,0.6666666666666666,-0.006219749690463757,18.666666666666668,-0.04541877459246779,-8.080000000000013,0.026630181881995396,6783
22,1.1000000000000032,-2.8,43,3,-3.2600000000000193,-0.018788592710472396,0.6666666666666666,-0.006219749690463757,18.666666666666668,-0.04541877459246779,-8.080000000000013,0.026630181881995396,6784
22,1.1000000000000032,-2.6999999999999997,43,3,-3.2600000000000193,-0.018788592710472396,0.6666666666666666,-0.006219749690463757,18.666666666666668,-0.04541877459246779,-8.080000000000013,0.026630181881995396,6785
22,1.1000000000000032,-2.5999999999999996,43,3,-3.2600000000000193,-0.018788592710472396,0.6666666666666666,-0.006219749690463757,18.666666666666668,-0.04541877459246779,-8.080000000000013,0.026630181881995396,6786
22,1.1000000000000032,-2.4999999999999996,43,3,-3.2600000000000193,-0.018788592710472396,0.6666666666666666,-0.006219749690463757,18.666666666666668,-0.04541877459246779,-8.080000000000013,0.026630181881995396,6787
22,1.1000000000000032,-2.3999999999999995,43,3,-3.2600000000000193,-0.018788592710472396,0.6666666666666666,-0.006219749690463757,18.666666666666668,-0.04541877459246779,-8.080000000000013,0.026630181881995396,6788
22,1.1000000000000032,-2.2999999999999994,43,3,-3.2600000000000193,-0.018788592710472396,0.6666666666666666,-0.006219749690463757,18.666666666666668,-0.04541877459246779,-8.080000000000013,0.026630181881995396,6789
22,1.1000000000000032,-2.1999999999999993,43,3,-3.2600000000000193,-0.018788592710472396,0.6666666666666666,-0.006219749690463757,18.666666666666668,-0.04541877459246779,-8.080000000000013,0.026630181881995396,6790
22,1.1000000000000032,-2.099999999999999,43,3,-3.2600000000000193,-0.018788592710472396,0.6666666666666666,-0.006219749690463757,18.666666666666668,-0.04541877459246779,-8.080000000000013,0.026630181881995396,6791
22,1.1000000000000032,-1.9999999999999991,43,3,-3.2600000000000193,-0.018788592710472396,0.6666666666666666,-0.006219749690463757,18.666666666666668,-0.04541877459246779,-8.080000000000013,0.026630181881995396,6792
22,1.1000000000000032,-1.899999999999999,43,3,-3.2600000000000193,-0.018788592710472396,0.6666666666666666,-0.006219749690463757,18.666666666666668,-0.04541877459246779,-8.080000000000013,0.026630181881995396,6793
22,1.1000000000000032,-1.799999999999999,43,3,-3.2600000000000193,-0.018788592710472396,0.6666666666666666,-0.006219749690463757,18.666666666666668,-0.04541877459246779,-8.080000000000013,0.026630181881995396,6794
22,1.1000000000000032,-1.6999999999999988,43,3,-3.2600000000000193,-0.018788592710472396,0.6666666666666666,-0.006219749690463757,18.666666666666668,-0.04541877459246779,-8.080000000000013,0.026630181881995396,6795
22,1.1000000000000032,-1.5999999999999988,43,3,-3.2600000000000193,-0.018788592710472396,0.6666666666666666,-0.006219749690463757,18.666666666666668,-0.04541877459246779,-8.080000000000013,0.026630181881995396,6796
22,1.1000000000000032,-1.4999999999999987,43,3,-3.2600000000000193,-0.018788592710472396,0.6666666666666666,-0.006219749690463757,18.666666666666668,-0.04541877459246779,-8.080000000000013,0.026630181881995396,6797
22,1.1000000000000032,-1.3999999999999986,43,3,-3.2600000000000193,-0.018788592710472396,0.6666666666666666,-0.006219749690463757,18.666666666666668,-0.04541877459246779,-8.080000000000013,0.026630181881995396,6798
10,-2.2999999999999994,-1.0999999999999983,55,18,-3.119999999999976,-0.01881567798724315,0.5555555555555556,-0.0009617718365822295,1.4444444444444444,-0.007654999123473449,-1.3100000000000023,-0.011160678863769702,6799
10,-2.1999999999999993,-1.0999999999999983,55,18,-3.119999999999976,-0.01881567798724315,0.5555555555555556,-0.0009617718365822295,1.4444444444444444,-0.007654999123473449,-1.3100000000000023,-0.011160678863769702,6800
10,-2.099999999999999,-1.0999999999999983,55,18,-3.119999999999976,-0.01881567798724315,0.5555555555555556,-0.0009617718365822295,1.4444444444444444,-0.007654999123473449,-1.3100000000000023,-0.011160678863769702,6801
10,-1.9999999999999991,-1.0999999999999983,55,18,-3.119999999999976,-0.01881567798724315,0.5555555555555556,-0.0009617718365822295,1.4444444444444444,-0.007654999123473449,-1.3100000000000023,-0.011160678863769702,6802
10,-3.0,1.900000000000004,55,2,-3.2400000000000375,-0.01886933662213608,0.5,-0.009246419575561049,2.0,-0.007654999123473449,-1.3100000000000023,-0.01121433749866263,6803
10,-2.9,1.900000000000004,55,2,-3.2400000000000375,-0.01886933662213608,0.5,-0.009246419575561049,2.0,-0.007654999123473449,-1.3100000000000023,-0.01121433749866263,6804
10,-2.8,1.900000000000004,55,2,-3.2400000000000375,-0.01886933662213608,0.5,-0.009246419575561049,2.0,-0.007654999123473449,-1.3100000000000023,-0.01121433749866263,6805
10,-2.6999999999999997,1.900000000000004,55,2,-3.2400000000000375,-0.01886933662213608,0.5,-0.009246419575561049,2.0,-0.007654999123473449,-1.3100000000000023,-0.01121433749866263,6806
10,-2.5999999999999996,1.900000000000004,55,2,-3.2400000000000375,-0.01886933662213608,0.5,-0.009246419575561049,2.0,-0.007654999123473449,-1.3100000000000023,-0.01121433749866263,6807
10,-2.4999999999999996,1.900000000000004,55,2,-3.2400000000000375,-0.01886933662213608,0.5,-0.009246419575561049,2.0,-0.007654999123473449,-1.3100000000000023,-0.01121433749866263,6808
5,-0.3999999999999977,-1.0999999999999983,60,14,-3.1799999999999784,-0.018876994757324517,0.6428571428571429,-0.001243170399382638,2.857142857142857,-0.0014112666117841455,-0.2400000000000091,-0.01746572814554037,6809
10,-1.0999999999999983,-0.8999999999999981,55,13,-3.25,-0.018979401417307695,0.5384615384615384,-0.0013405005192649482,2.3846153846153846,-0.007654999123473449,-1.3100000000000023,-0.011324402293834246,6810
10,-1.0999999999999983,-0.799999999999998,55,13,-3.25,-0.018979401417307695,0.5384615384615384,-0.0013405005192649482,2.3846153846153846,-0.007654999123473449,-1.3100000000000023,-0.011324402293834246,6811
10,0.30000000000000293,1.0000000000000036,55,3,-3.2400000000000375,-0.01900316646060085,0.6666666666666666,-0.005921346036534603,10.333333333333334,-0.007654999123473449,-1.3100000000000023,-0.011348167337127402,6812
10,0.30000000000000293,1.1000000000000032,55,3,-3.2400000000000375,-0.01900316646060085,0.6666666666666666,-0.005921346036534603,10.333333333333334,-0.007654999123473449,-1.3100000000000023,-0.011348167337127402,6813
22,-1.9999999999999991,-0.3999999999999977,43,12,-3.290000000000049,-0.019029255103225284,0.5833333333333334,-0.0015033355205681758,2.0,-0.04541877459246779,-8.080000000000013,0.026389519489242508,6814
22,-1.4999999999999987,-1.2999999999999985,43,17,-3.1699999999999875,-0.01905923206624427,0.5294117647058824,-0.0010581976902592053,2.0588235294117645,-0.04541877459246779,-8.080000000000013,0.026359542526223523,6815
22,-1.4999999999999987,-1.1999999999999984,43,17,-3.1699999999999875,-0.01905923206624427,0.5294117647058824,-0.0010581976902592053,2.0588235294117645,-0.04541877459246779,-8.080000000000013,0.026359542526223523,6816
22,-1.3999999999999986,-1.2999999999999985,43,17,-3.1699999999999875,-0.01905923206624427,0.5294117647058824,-0.0010581976902592053,2.0588235294117645,-0.04541877459246779,-8.080000000000013,0.026359542526223523,6817
22,-1.3999999999999986,-1.1999999999999984,43,17,-3.1699999999999875,-0.01905923206624427,0.5294117647058824,-0.0010581976902592053,2.0588235294117645,-0.04541877459246779,-8.080000000000013,0.026359542526223523,6818
22,-2.9,-1.0999999999999983,43,18,-3.240000000000009,-0.01913250430557123,0.5,-0.0010089209300120916,1.7777777777777777,-0.04541877459246779,-8.080000000000013,0.026286270286896563,6819
22,-2.8,-1.0999999999999983,43,18,-3.240000000000009,-0.01913250430557123,0.5,-0.0010089209300120916,1.7777777777777777,-0.04541877459246779,-8.080000000000013,0.026286270286896563,6820
22,-2.6999999999999997,-1.0999999999999983,43,18,-3.240000000000009,-0.01913250430557123,0.5,-0.0010089209300120916,1.7777777777777777,-0.04541877459246779,-8.080000000000013,0.026286270286896563,6821
22,-2.5999999999999996,-1.0999999999999983,43,18,-3.240000000000009,-0.01913250430557123,0.5,-0.0010089209300120916,1.7777777777777777,-0.04541877459246779,-8.080000000000013,0.026286270286896563,6822
22,-2.4999999999999996,-1.0999999999999983,43,18,-3.240000000000009,-0.01913250430557123,0.5,-0.0010089209300120916,1.7777777777777777,-0.04541877459246779,-8.080000000000013,0.026286270286896563,6823
22,-2.3999999999999995,-1.0999999999999983,43,18,-3.240000000000009,-0.01913250430557123,0.5,-0.0010089209300120916,1.7777777777777777,-0.04541877459246779,-8.080000000000013,0.026286270286896563,6824
22,-2.2999999999999994,-1.0999999999999983,43,18,-3.240000000000009,-0.01913250430557123,0.5,-0.0010089209300120916,1.7777777777777777,-0.04541877459246779,-8.080000000000013,0.026286270286896563,6825
22,-2.1999999999999993,-1.0999999999999983,43,18,-3.240000000000009,-0.01913250430557123,0.5,-0.0010089209300120916,1.7777777777777777,-0.04541877459246779,-8.080000000000013,0.026286270286896563,6826
22,-2.099999999999999,-1.0999999999999983,43,18,-3.240000000000009,-0.01913250430557123,0.5,-0.0010089209300120916,1.7777777777777777,-0.04541877459246779,-8.080000000000013,0.026286270286896563,6827
22,-1.0999999999999983,-1.0999999999999983,43,14,-3.25,-0.0191541363869695,0.5,-0.0012897447653862201,2.7142857142857144,-0.04541877459246779,-8.080000000000013,0.026264638205498292,6828
22,-0.9999999999999982,-1.0999999999999983,43,14,-3.25,-0.0191541363869695,0.5,-0.0012897447653862201,2.7142857142857144,-0.04541877459246779,-8.080000000000013,0.026264638205498292,6829
10,-1.6999999999999988,-1.3999999999999986,55,18,-3.1999999999999886,-0.019260594341402815,0.6666666666666666,-0.00099358787190844,1.7222222222222223,-0.007654999123473449,-1.3100000000000023,-0.011605595217929365,6830
10,-1.6999999999999988,-1.2999999999999985,55,18,-3.1999999999999886,-0.019260594341402815,0.6666666666666666,-0.00099358787190844,1.7222222222222223,-0.007654999123473449,-1.3100000000000023,-0.011605595217929365,6831
10,-1.5999999999999988,-1.3999999999999986,55,18,-3.1999999999999886,-0.019260594341402815,0.6666666666666666,-0.00099358787190844,1.7222222222222223,-0.007654999123473449,-1.3100000000000023,-0.011605595217929365,6832
10,-1.5999999999999988,-1.2999999999999985,55,18,-3.1999999999999886,-0.019260594341402815,0.6666666666666666,-0.00099358787190844,1.7222222222222223,-0.007654999123473449,-1.3100000000000023,-0.011605595217929365,6833
10,-1.4999999999999987,-1.3999999999999986,55,18,-3.1999999999999886,-0.019260594341402815,0.6666666666666666,-0.00099358787190844,1.7222222222222223,-0.007654999123473449,-1.3100000000000023,-0.011605595217929365,6834
10,-1.4999999999999987,-1.2999999999999985,55,18,-3.1999999999999886,-0.019260594341402815,0.6666666666666666,-0.00099358787190844,1.7222222222222223,-0.007654999123473449,-1.3100000000000023,-0.011605595217929365,6835
10,-1.3999999999999986,-1.3999999999999986,55,18,-3.1999999999999886,-0.019260594341402815,0.6666666666666666,-0.00099358787190844,1.7222222222222223,-0.007654999123473449,-1.3100000000000023,-0.011605595217929365,6836
10,-1.3999999999999986,-1.2999999999999985,55,18,-3.1999999999999886,-0.019260594341402815,0.6666666666666666,-0.00099358787190844,1.7222222222222223,-0.007654999123473449,-1.3100000000000023,-0.011605595217929365,6837
10,-1.2999999999999985,-1.3999999999999986,55,18,-3.1999999999999886,-0.019260594341402815,0.6666666666666666,-0.00099358787190844,1.7222222222222223,-0.007654999123473449,-1.3100000000000023,-0.011605595217929365,6838
10,-1.2999999999999985,-1.2999999999999985,55,18,-3.1999999999999886,-0.019260594341402815,0.6666666666666666,-0.00099358787190844,1.7222222222222223,-0.007654999123473449,-1.3100000000000023,-0.011605595217929365,6839
10,-1.1999999999999984,-1.3999999999999986,55,18,-3.1999999999999886,-0.019260594341402815,0.6666666666666666,-0.00099358787190844,1.7222222222222223,-0.007654999123473449,-1.3100000000000023,-0.011605595217929365,6840
10,-1.1999999999999984,-1.2999999999999985,55,18,-3.1999999999999886,-0.019260594341402815,0.6666666666666666,-0.00099358787190844,1.7222222222222223,-0.007654999123473449,-1.3100000000000023,-0.011605595217929365,6841
10,-3.0,1.0000000000000036,55,7,-3.3000000000000114,-0.019298310913763106,0.2857142857142857,-0.0027469822904530356,1.5714285714285714,-0.007654999123473449,-1.3100000000000023,-0.011643311790289657,6842
10,-2.9,1.0000000000000036,55,7,-3.3000000000000114,-0.019298310913763106,0.2857142857142857,-0.0027469822904530356,1.5714285714285714,-0.007654999123473449,-1.3100000000000023,-0.011643311790289657,6843
10,-2.8,1.0000000000000036,55,7,-3.3000000000000114,-0.019298310913763106,0.2857142857142857,-0.0027469822904530356,1.5714285714285714,-0.007654999123473449,-1.3100000000000023,-0.011643311790289657,6844
10,-2.6999999999999997,1.0000000000000036,55,7,-3.3000000000000114,-0.019298310913763106,0.2857142857142857,-0.0027469822904530356,1.5714285714285714,-0.007654999123473449,-1.3100000000000023,-0.011643311790289657,6845
10,-2.5999999999999996,1.0000000000000036,55,7,-3.3000000000000114,-0.019298310913763106,0.2857142857142857,-0.0027469822904530356,1.5714285714285714,-0.007654999123473449,-1.3100000000000023,-0.011643311790289657,6846
10,-2.4999999999999996,1.0000000000000036,55,7,-3.3000000000000114,-0.019298310913763106,0.2857142857142857,-0.0027469822904530356,1.5714285714285714,-0.007654999123473449,-1.3100000000000023,-0.011643311790289657,6847
10,-2.3999999999999995,1.0000000000000036,55,7,-3.3000000000000114,-0.019298310913763106,0.2857142857142857,-0.0027469822904530356,1.5714285714285714,-0.007654999123473449,-1.3100000000000023,-0.011643311790289657,6848
10,-0.699999999999998,-1.3999999999999986,55,14,-3.2499999999999716,-0.01941155001470163,0.7142857142857143,-0.0012872355996042845,2.642857142857143,-0.007654999123473449,-1.3100000000000023,-0.011756550891228179,6849
10,-0.699999999999998,-1.2999999999999985,55,14,-3.2499999999999716,-0.01941155001470163,0.7142857142857143,-0.0012872355996042845,2.642857142857143,-0.007654999123473449,-1.3100000000000023,-0.011756550891228179,6850
5,0.400000000000003,1.2000000000000037,60,4,-3.360000000000042,-0.019417971610813267,0.75,-0.004494006485345398,6.5,-0.0014112666117841455,-0.2400000000000091,-0.01800670499902912,6851
5,0.400000000000003,1.3000000000000043,60,4,-3.360000000000042,-0.019417971610813267,0.75,-0.004494006485345398,6.5,-0.0014112666117841455,-0.2400000000000091,-0.01800670499902912,6852
5,-1.899999999999999,-1.6999999999999988,60,27,-3.479999999999933,-0.019571582612877947,0.5185185185185185,-0.0007147931172648394,1.5185185185185186,-0.0014112666117841455,-0.2400000000000091,-0.0181603160010938,6853
5,-1.799999999999999,-1.6999999999999988,60,27,-3.479999999999933,-0.019571582612877947,0.5185185185185185,-0.0007147931172648394,1.5185185185185186,-0.0014112666117841455,-0.2400000000000091,-0.0181603160010938,6854
5,-1.6999999999999988,-1.6999999999999988,60,27,-3.479999999999933,-0.019571582612877947,0.5185185185185185,-0.0007147931172648394,1.5185185185185186,-0.0014112666117841455,-0.2400000000000091,-0.0181603160010938,6855
10,-0.5999999999999979,-1.799999999999999,55,18,-3.2400000000000375,-0.019607971320984574,0.6666666666666666,-0.0010085430089645181,2.2222222222222223,-0.007654999123473449,-1.3100000000000023,-0.011952972197511125,6856
10,-0.5999999999999979,-1.6999999999999988,55,18,-3.2400000000000375,-0.019607971320984574,0.6666666666666666,-0.0010085430089645181,2.2222222222222223,-0.007654999123473449,-1.3100000000000023,-0.011952972197511125,6857
10,1.400000000000004,-0.9999999999999982,55,4,-3.4600000000000364,-0.019617855190711686,0.75,-0.004408671713731688,12.25,-0.007654999123473449,-1.3100000000000023,-0.011962856067238237,6858
10,1.5000000000000036,-0.9999999999999982,55,4,-3.4600000000000364,-0.019617855190711686,0.75,-0.004408671713731688,12.25,-0.007654999123473449,-1.3100000000000023,-0.011962856067238237,6859
10,-1.799999999999999,-0.699999999999998,55,14,-3.2900000000000205,-0.019624751888342784,0.5,-0.0013756353376613453,1.6428571428571428,-0.007654999123473449,-1.3100000000000023,-0.011969752764869335,6860
10,-1.799999999999999,-0.5999999999999979,55,14,-3.2900000000000205,-0.019624751888342784,0.5,-0.0013756353376613453,1.6428571428571428,-0.007654999123473449,-1.3100000000000023,-0.011969752764869335,6861
10,-1.799999999999999,-0.4999999999999978,55,14,-3.2900000000000205,-0.019624751888342784,0.5,-0.0013756353376613453,1.6428571428571428,-0.007654999123473449,-1.3100000000000023,-0.011969752764869335,6862
10,-1.799999999999999,-0.3999999999999977,55,14,-3.2900000000000205,-0.019624751888342784,0.5,-0.0013756353376613453,1.6428571428571428,-0.007654999123473449,-1.3100000000000023,-0.011969752764869335,6863
22,0.10000000000000275,-1.4999999999999987,43,10,-3.3499999999999943,-0.019631426919406003,0.6,-0.0019002283665406129,4.4,-0.04541877459246779,-8.080000000000013,0.02578734767306179,6864
22,0.10000000000000275,-1.3999999999999986,43,10,-3.3499999999999943,-0.019631426919406003,0.6,-0.0019002283665406129,4.4,-0.04541877459246779,-8.080000000000013,0.02578734767306179,6865
22,0.10000000000000275,-1.2999999999999985,43,10,-3.3499999999999943,-0.019631426919406003,0.6,-0.0019002283665406129,4.4,-0.04541877459246779,-8.080000000000013,0.02578734767306179,6866
22,0.10000000000000275,-1.1999999999999984,43,10,-3.3499999999999943,-0.019631426919406003,0.6,-0.0019002283665406129,4.4,-0.04541877459246779,-8.080000000000013,0.02578734767306179,6867
22,0.20000000000000284,-1.4999999999999987,43,10,-3.3499999999999943,-0.019631426919406003,0.6,-0.0019002283665406129,4.4,-0.04541877459246779,-8.080000000000013,0.02578734767306179,6868
22,0.20000000000000284,-1.3999999999999986,43,10,-3.3499999999999943,-0.019631426919406003,0.6,-0.0019002283665406129,4.4,-0.04541877459246779,-8.080000000000013,0.02578734767306179,6869
22,0.20000000000000284,-1.2999999999999985,43,10,-3.3499999999999943,-0.019631426919406003,0.6,-0.0019002283665406129,4.4,-0.04541877459246779,-8.080000000000013,0.02578734767306179,6870
22,0.20000000000000284,-1.1999999999999984,43,10,-3.3499999999999943,-0.019631426919406003,0.6,-0.0019002283665406129,4.4,-0.04541877459246779,-8.080000000000013,0.02578734767306179,6871
5,-3.0,1.400000000000004,60,5,-3.32000000000005,-0.01967384785663495,0.6,-0.0038598922356164246,1.4,-0.0014112666117841455,-0.2400000000000091,-0.018262581244850806,6872
5,-2.9,1.400000000000004,60,5,-3.32000000000005,-0.01967384785663495,0.6,-0.0038598922356164246,1.4,-0.0014112666117841455,-0.2400000000000091,-0.018262581244850806,6873
5,-2.8,1.400000000000004,60,5,-3.32000000000005,-0.01967384785663495,0.6,-0.0038598922356164246,1.4,-0.0014112666117841455,-0.2400000000000091,-0.018262581244850806,6874
5,-2.6999999999999997,1.400000000000004,60,5,-3.32000000000005,-0.01967384785663495,0.6,-0.0038598922356164246,1.4,-0.0014112666117841455,-0.2400000000000091,-0.018262581244850806,6875
5,-2.5999999999999996,1.400000000000004,60,5,-3.32000000000005,-0.01967384785663495,0.6,-0.0038598922356164246,1.4,-0.0014112666117841455,-0.2400000000000091,-0.018262581244850806,6876
5,-2.4999999999999996,1.400000000000004,60,5,-3.32000000000005,-0.01967384785663495,0.6,-0.0038598922356164246,1.4,-0.0014112666117841455,-0.2400000000000091,-0.018262581244850806,6877
5,-2.3999999999999995,1.400000000000004,60,5,-3.32000000000005,-0.01967384785663495,0.6,-0.0038598922356164246,1.4,-0.0014112666117841455,-0.2400000000000091,-0.018262581244850806,6878
5,-2.2999999999999994,1.400000000000004,60,5,-3.32000000000005,-0.01967384785663495,0.6,-0.0038598922356164246,1.4,-0.0014112666117841455,-0.2400000000000091,-0.018262581244850806,6879
5,-2.1999999999999993,1.400000000000004,60,5,-3.32000000000005,-0.01967384785663495,0.6,-0.0038598922356164246,1.4,-0.0014112666117841455,-0.2400000000000091,-0.018262581244850806,6880
5,-2.099999999999999,1.400000000000004,60,5,-3.32000000000005,-0.01967384785663495,0.6,-0.0038598922356164246,1.4,-0.0014112666117841455,-0.2400000000000091,-0.018262581244850806,6881
5,-1.9999999999999991,1.400000000000004,60,5,-3.32000000000005,-0.01967384785663495,0.6,-0.0038598922356164246,1.4,-0.0014112666117841455,-0.2400000000000091,-0.018262581244850806,6882
5,-1.899999999999999,1.400000000000004,60,5,-3.32000000000005,-0.01967384785663495,0.6,-0.0038598922356164246,1.4,-0.0014112666117841455,-0.2400000000000091,-0.018262581244850806,6883
22,-1.5999999999999988,-0.3999999999999977,43,11,-3.4000000000000625,-0.01967831845323198,0.6363636363636364,-0.001694970370769539,2.272727272727273,-0.04541877459246779,-8.080000000000013,0.025740456139235812,6884
10,-0.2999999999999976,-1.799999999999999,55,16,-3.2800000000000296,-0.019736966859117522,0.6875,-0.001137494420289556,3.0,-0.007654999123473449,-1.3100000000000023,-0.012081967735644072,6885
10,-0.2999999999999976,-1.6999999999999988,55,16,-3.2800000000000296,-0.019736966859117522,0.6875,-0.001137494420289556,3.0,-0.007654999123473449,-1.3100000000000023,-0.012081967735644072,6886
10,-0.1999999999999975,-1.799999999999999,55,16,-3.2800000000000296,-0.019736966859117522,0.6875,-0.001137494420289556,3.0,-0.007654999123473449,-1.3100000000000023,-0.012081967735644072,6887
10,-0.1999999999999975,-1.6999999999999988,55,16,-3.2800000000000296,-0.019736966859117522,0.6875,-0.001137494420289556,3.0,-0.007654999123473449,-1.3100000000000023,-0.012081967735644072,6888
22,-0.5999999999999979,-0.4999999999999978,43,8,-3.450000000000017,-0.019984363472094868,0.5,-0.002385635696956115,4.5,-0.04541877459246779,-8.080000000000013,0.025434411120372924,6889
22,-0.4999999999999978,-0.4999999999999978,43,8,-3.450000000000017,-0.019984363472094868,0.5,-0.002385635696956115,4.5,-0.04541877459246779,-8.080000000000013,0.025434411120372924,6890
5,0.5000000000000031,-1.6999999999999988,60,14,-3.349999999999966,-0.02000943501712371,0.8571428571428571,-0.0013290329391477753,4.142857142857143,-0.0014112666117841455,-0.2400000000000091,-0.018598168405339566,6891
10,-0.9999999999999982,-1.0999999999999983,55,14,-3.3600000000000136,-0.02003286077671229,0.6428571428571429,-0.0013173096359767916,2.2857142857142856,-0.007654999123473449,-1.3100000000000023,-0.012377861653238842,6892
10,-1.6999999999999988,-3.0,55,25,-3.3100000000000307,-0.020043884452931815,0.56,-0.0007428462327236263,1.72,-0.007654999123473449,-1.3100000000000023,-0.012388885329458366,6893
10,-1.6999999999999988,-2.9,55,25,-3.3100000000000307,-0.020043884452931815,0.56,-0.0007428462327236263,1.72,-0.007654999123473449,-1.3100000000000023,-0.012388885329458366,6894
10,-1.6999999999999988,-2.8,55,25,-3.3100000000000307,-0.020043884452931815,0.56,-0.0007428462327236263,1.72,-0.007654999123473449,-1.3100000000000023,-0.012388885329458366,6895
10,-1.6999999999999988,-2.6999999999999997,55,25,-3.3100000000000307,-0.020043884452931815,0.56,-0.0007428462327236263,1.72,-0.007654999123473449,-1.3100000000000023,-0.012388885329458366,6896
10,-1.6999999999999988,-2.5999999999999996,55,25,-3.3100000000000307,-0.020043884452931815,0.56,-0.0007428462327236263,1.72,-0.007654999123473449,-1.3100000000000023,-0.012388885329458366,6897
10,-1.6999999999999988,-2.4999999999999996,55,25,-3.3100000000000307,-0.020043884452931815,0.56,-0.0007428462327236263,1.72,-0.007654999123473449,-1.3100000000000023,-0.012388885329458366,6898
10,-1.5999999999999988,-3.0,55,25,-3.3100000000000307,-0.020043884452931815,0.56,-0.0007428462327236263,1.72,-0.007654999123473449,-1.3100000000000023,-0.012388885329458366,6899
10,-1.5999999999999988,-2.9,55,25,-3.3100000000000307,-0.020043884452931815,0.56,-0.0007428462327236263,1.72,-0.007654999123473449,-1.3100000000000023,-0.012388885329458366,6900
10,-1.5999999999999988,-2.8,55,25,-3.3100000000000307,-0.020043884452931815,0.56,-0.0007428462327236263,1.72,-0.007654999123473449,-1.3100000000000023,-0.012388885329458366,6901
10,-1.5999999999999988,-2.6999999999999997,55,25,-3.3100000000000307,-0.020043884452931815,0.56,-0.0007428462327236263,1.72,-0.007654999123473449,-1.3100000000000023,-0.012388885329458366,6902
10,-1.5999999999999988,-2.5999999999999996,55,25,-3.3100000000000307,-0.020043884452931815,0.56,-0.0007428462327236263,1.72,-0.007654999123473449,-1.3100000000000023,-0.012388885329458366,6903
10,-1.5999999999999988,-2.4999999999999996,55,25,-3.3100000000000307,-0.020043884452931815,0.56,-0.0007428462327236263,1.72,-0.007654999123473449,-1.3100000000000023,-0.012388885329458366,6904
10,-1.4999999999999987,-3.0,55,25,-3.3100000000000307,-0.020043884452931815,0.56,-0.0007428462327236263,1.72,-0.007654999123473449,-1.3100000000000023,-0.012388885329458366,6905
10,-1.4999999999999987,-2.9,55,25,-3.3100000000000307,-0.020043884452931815,0.56,-0.0007428462327236263,1.72,-0.007654999123473449,-1.3100000000000023,-0.012388885329458366,6906
10,-1.4999999999999987,-2.8,55,25,-3.3100000000000307,-0.020043884452931815,0.56,-0.0007428462327236263,1.72,-0.007654999123473449,-1.3100000000000023,-0.012388885329458366,6907
10,-1.4999999999999987,-2.6999999999999997,55,25,-3.3100000000000307,-0.020043884452931815,0.56,-0.0007428462327236263,1.72,-0.007654999123473449,-1.3100000000000023,-0.012388885329458366,6908
10,-1.4999999999999987,-2.5999999999999996,55,25,-3.3100000000000307,-0.020043884452931815,0.56,-0.0007428462327236263,1.72,-0.007654999123473449,-1.3100000000000023,-0.012388885329458366,6909
10,-1.4999999999999987,-2.4999999999999996,55,25,-3.3100000000000307,-0.020043884452931815,0.56,-0.0007428462327236263,1.72,-0.007654999123473449,-1.3100000000000023,-0.012388885329458366,6910
10,-1.3999999999999986,-3.0,55,25,-3.3100000000000307,-0.020043884452931815,0.56,-0.0007428462327236263,1.72,-0.007654999123473449,-1.3100000000000023,-0.012388885329458366,6911
10,-1.3999999999999986,-2.9,55,25,-3.3100000000000307,-0.020043884452931815,0.56,-0.0007428462327236263,1.72,-0.007654999123473449,-1.3100000000000023,-0.012388885329458366,6912
10,-1.3999999999999986,-2.8,55,25,-3.3100000000000307,-0.020043884452931815,0.56,-0.0007428462327236263,1.72,-0.007654999123473449,-1.3100000000000023,-0.012388885329458366,6913
10,-1.3999999999999986,-2.6999999999999997,55,25,-3.3100000000000307,-0.020043884452931815,0.56,-0.0007428462327236263,1.72,-0.007654999123473449,-1.3100000000000023,-0.012388885329458366,6914
10,-1.3999999999999986,-2.5999999999999996,55,25,-3.3100000000000307,-0.020043884452931815,0.56,-0.0007428462327236263,1.72,-0.007654999123473449,-1.3100000000000023,-0.012388885329458366,6915
10,-1.3999999999999986,-2.4999999999999996,55,25,-3.3100000000000307,-0.020043884452931815,0.56,-0.0007428462327236263,1.72,-0.007654999123473449,-1.3100000000000023,-0.012388885329458366,6916
10,-0.09999999999999742,-3.0,55,17,-3.280000000000001,-0.020089492214760862,0.5882352941176471,-0.0010839113238654862,3.235294117647059,-0.007654999123473449,-1.3100000000000023,-0.012434493091287413,6917
10,-0.09999999999999742,-2.9,55,17,-3.280000000000001,-0.020089492214760862,0.5882352941176471,-0.0010839113238654862,3.235294117647059,-0.007654999123473449,-1.3100000000000023,-0.012434493091287413,6918
10,-0.09999999999999742,-2.8,55,17,-3.280000000000001,-0.020089492214760862,0.5882352941176471,-0.0010839113238654862,3.235294117647059,-0.007654999123473449,-1.3100000000000023,-0.012434493091287413,6919
10,-0.09999999999999742,-2.6999999999999997,55,17,-3.280000000000001,-0.020089492214760862,0.5882352941176471,-0.0010839113238654862,3.235294117647059,-0.007654999123473449,-1.3100000000000023,-0.012434493091287413,6920
10,-0.09999999999999742,-2.5999999999999996,55,17,-3.280000000000001,-0.020089492214760862,0.5882352941176471,-0.0010839113238654862,3.235294117647059,-0.007654999123473449,-1.3100000000000023,-0.012434493091287413,6921
10,-0.09999999999999742,-2.4999999999999996,55,17,-3.280000000000001,-0.020089492214760862,0.5882352941176471,-0.0010839113238654862,3.235294117647059,-0.007654999123473449,-1.3100000000000023,-0.012434493091287413,6922
10,2.6645352591003757e-15,-3.0,55,17,-3.280000000000001,-0.020089492214760862,0.5882352941176471,-0.0010839113238654862,3.235294117647059,-0.007654999123473449,-1.3100000000000023,-0.012434493091287413,6923
10,2.6645352591003757e-15,-2.9,55,17,-3.280000000000001,-0.020089492214760862,0.5882352941176471,-0.0010839113238654862,3.235294117647059,-0.007654999123473449,-1.3100000000000023,-0.012434493091287413,6924
10,2.6645352591003757e-15,-2.8,55,17,-3.280000000000001,-0.020089492214760862,0.5882352941176471,-0.0010839113238654862,3.235294117647059,-0.007654999123473449,-1.3100000000000023,-0.012434493091287413,6925
10,2.6645352591003757e-15,-2.6999999999999997,55,17,-3.280000000000001,-0.020089492214760862,0.5882352941176471,-0.0010839113238654862,3.235294117647059,-0.007654999123473449,-1.3100000000000023,-0.012434493091287413,6926
10,2.6645352591003757e-15,-2.5999999999999996,55,17,-3.280000000000001,-0.020089492214760862,0.5882352941176471,-0.0010839113238654862,3.235294117647059,-0.007654999123473449,-1.3100000000000023,-0.012434493091287413,6927
10,2.6645352591003757e-15,-2.4999999999999996,55,17,-3.280000000000001,-0.020089492214760862,0.5882352941176471,-0.0010839113238654862,3.235294117647059,-0.007654999123473449,-1.3100000000000023,-0.012434493091287413,6928
10,0.10000000000000275,-3.0,55,17,-3.280000000000001,-0.020089492214760862,0.5882352941176471,-0.0010839113238654862,3.235294117647059,-0.007654999123473449,-1.3100000000000023,-0.012434493091287413,6929
10,0.10000000000000275,-2.9,55,17,-3.280000000000001,-0.020089492214760862,0.5882352941176471,-0.0010839113238654862,3.235294117647059,-0.007654999123473449,-1.3100000000000023,-0.012434493091287413,6930
10,0.10000000000000275,-2.8,55,17,-3.280000000000001,-0.020089492214760862,0.5882352941176471,-0.0010839113238654862,3.235294117647059,-0.007654999123473449,-1.3100000000000023,-0.012434493091287413,6931
10,0.10000000000000275,-2.6999999999999997,55,17,-3.280000000000001,-0.020089492214760862,0.5882352941176471,-0.0010839113238654862,3.235294117647059,-0.007654999123473449,-1.3100000000000023,-0.012434493091287413,6932
10,0.10000000000000275,-2.5999999999999996,55,17,-3.280000000000001,-0.020089492214760862,0.5882352941176471,-0.0010839113238654862,3.235294117647059,-0.007654999123473449,-1.3100000000000023,-0.012434493091287413,6933
10,0.10000000000000275,-2.4999999999999996,55,17,-3.280000000000001,-0.020089492214760862,0.5882352941176471,-0.0010839113238654862,3.235294117647059,-0.007654999123473449,-1.3100000000000023,-0.012434493091287413,6934
5,0.5000000000000031,1.2000000000000037,60,4,-3.4900000000000375,-0.020134650441929414,0.75,-0.004679434681842259,7.25,-0.0014112666117841455,-0.2400000000000091,-0.018723383830145268,6935
5,0.5000000000000031,1.3000000000000043,60,4,-3.4900000000000375,-0.020134650441929414,0.75,-0.004679434681842259,7.25,-0.0014112666117841455,-0.2400000000000091,-0.018723383830145268,6936
10,0.30000000000000293,0.6000000000000032,55,3,-3.440000000000026,-0.020165760479964767,0.6666666666666666,-0.0063225011683260375,11.0,-0.007654999123473449,-1.3100000000000023,-0.012510761356491318,6937
10,0.30000000000000293,0.7000000000000033,55,3,-3.440000000000026,-0.020165760479964767,0.6666666666666666,-0.0063225011683260375,11.0,-0.007654999123473449,-1.3100000000000023,-0.012510761356491318,6938
10,0.30000000000000293,0.8000000000000034,55,3,-3.440000000000026,-0.020165760479964767,0.6666666666666666,-0.0063225011683260375,11.0,-0.007654999123473449,-1.3100000000000023,-0.012510761356491318,6939
10,0.30000000000000293,0.9000000000000035,55,3,-3.440000000000026,-0.020165760479964767,0.6666666666666666,-0.0063225011683260375,11.0,-0.007654999123473449,-1.3100000000000023,-0.012510761356491318,6940
5,0.6000000000000032,1.2000000000000037,60,4,-3.5000000000000284,-0.020193469419632626,0.75,-0.004693660242329339,8.0,-0.0014112666117841455,-0.2400000000000091,-0.01878220280784848,6941
5,0.6000000000000032,1.3000000000000043,60,4,-3.5000000000000284,-0.020193469419632626,0.75,-0.004693660242329339,8.0,-0.0014112666117841455,-0.2400000000000091,-0.01878220280784848,6942
5,0.7000000000000033,1.2000000000000037,60,4,-3.5000000000000284,-0.020193469419632626,0.75,-0.004693660242329339,8.0,-0.0014112666117841455,-0.2400000000000091,-0.01878220280784848,6943
5,0.7000000000000033,1.3000000000000043,60,4,-3.5000000000000284,-0.020193469419632626,0.75,-0.004693660242329339,8.0,-0.0014112666117841455,-0.2400000000000091,-0.01878220280784848,6944
5,0.8000000000000034,1.2000000000000037,60,4,-3.5000000000000284,-0.020193469419632626,0.75,-0.004693660242329339,8.0,-0.0014112666117841455,-0.2400000000000091,-0.01878220280784848,6945
5,0.8000000000000034,1.3000000000000043,60,4,-3.5000000000000284,-0.020193469419632626,0.75,-0.004693660242329339,8.0,-0.0014112666117841455,-0.2400000000000091,-0.01878220280784848,6946
5,0.9000000000000035,1.2000000000000037,60,4,-3.5000000000000284,-0.020193469419632626,0.75,-0.004693660242329339,8.0,-0.0014112666117841455,-0.2400000000000091,-0.01878220280784848,6947
5,0.9000000000000035,1.3000000000000043,60,4,-3.5000000000000284,-0.020193469419632626,0.75,-0.004693660242329339,8.0,-0.0014112666117841455,-0.2400000000000091,-0.01878220280784848,6948
22,0.400000000000003,-0.1999999999999975,43,2,-3.5700000000000216,-0.02020397748295455,0.5,-0.010012131520084677,17.5,-0.04541877459246779,-8.080000000000013,0.025214797109513243,6949
22,0.400000000000003,-0.09999999999999742,43,2,-3.5700000000000216,-0.02020397748295455,0.5,-0.010012131520084677,17.5,-0.04541877459246779,-8.080000000000013,0.025214797109513243,6950
22,0.400000000000003,2.6645352591003757e-15,43,2,-3.5700000000000216,-0.02020397748295455,0.5,-0.010012131520084677,17.5,-0.04541877459246779,-8.080000000000013,0.025214797109513243,6951
22,0.5000000000000031,-0.1999999999999975,43,2,-3.5700000000000216,-0.02020397748295455,0.5,-0.010012131520084677,17.5,-0.04541877459246779,-8.080000000000013,0.025214797109513243,6952
22,0.5000000000000031,-0.09999999999999742,43,2,-3.5700000000000216,-0.02020397748295455,0.5,-0.010012131520084677,17.5,-0.04541877459246779,-8.080000000000013,0.025214797109513243,6953
22,0.5000000000000031,2.6645352591003757e-15,43,2,-3.5700000000000216,-0.02020397748295455,0.5,-0.010012131520084677,17.5,-0.04541877459246779,-8.080000000000013,0.025214797109513243,6954
10,-1.899999999999999,0.400000000000003,55,10,-3.4600000000000364,-0.020210542704486745,0.6,-0.0019443182348469646,1.9,-0.007654999123473449,-1.3100000000000023,-0.012555543581013295,6955
10,-1.899999999999999,0.5000000000000031,55,10,-3.4600000000000364,-0.020210542704486745,0.6,-0.0019443182348469646,1.9,-0.007654999123473449,-1.3100000000000023,-0.012555543581013295,6956
22,0.8000000000000034,-3.0,43,6,-3.540000000000049,-0.020213627505690668,0.5,-0.00324086135661709,8.166666666666666,-0.04541877459246779,-8.080000000000013,0.025205147086777124,6957
22,0.8000000000000034,-2.9,43,6,-3.540000000000049,-0.020213627505690668,0.5,-0.00324086135661709,8.166666666666666,-0.04541877459246779,-8.080000000000013,0.025205147086777124,6958
22,0.8000000000000034,-2.8,43,6,-3.540000000000049,-0.020213627505690668,0.5,-0.00324086135661709,8.166666666666666,-0.04541877459246779,-8.080000000000013,0.025205147086777124,6959
22,0.8000000000000034,-2.6999999999999997,43,6,-3.540000000000049,-0.020213627505690668,0.5,-0.00324086135661709,8.166666666666666,-0.04541877459246779,-8.080000000000013,0.025205147086777124,6960
22,0.8000000000000034,-2.5999999999999996,43,6,-3.540000000000049,-0.020213627505690668,0.5,-0.00324086135661709,8.166666666666666,-0.04541877459246779,-8.080000000000013,0.025205147086777124,6961
22,0.8000000000000034,-2.4999999999999996,43,6,-3.540000000000049,-0.020213627505690668,0.5,-0.00324086135661709,8.166666666666666,-0.04541877459246779,-8.080000000000013,0.025205147086777124,6962
22,0.8000000000000034,-2.3999999999999995,43,6,-3.540000000000049,-0.020213627505690668,0.5,-0.00324086135661709,8.166666666666666,-0.04541877459246779,-8.080000000000013,0.025205147086777124,6963
22,0.8000000000000034,-2.2999999999999994,43,6,-3.540000000000049,-0.020213627505690668,0.5,-0.00324086135661709,8.166666666666666,-0.04541877459246779,-8.080000000000013,0.025205147086777124,6964
22,0.8000000000000034,-2.1999999999999993,43,6,-3.540000000000049,-0.020213627505690668,0.5,-0.00324086135661709,8.166666666666666,-0.04541877459246779,-8.080000000000013,0.025205147086777124,6965
22,0.8000000000000034,-2.099999999999999,43,6,-3.540000000000049,-0.020213627505690668,0.5,-0.00324086135661709,8.166666666666666,-0.04541877459246779,-8.080000000000013,0.025205147086777124,6966
22,0.8000000000000034,-1.9999999999999991,43,6,-3.540000000000049,-0.020213627505690668,0.5,-0.00324086135661709,8.166666666666666,-0.04541877459246779,-8.080000000000013,0.025205147086777124,6967
22,0.8000000000000034,-1.899999999999999,43,6,-3.540000000000049,-0.020213627505690668,0.5,-0.00324086135661709,8.166666666666666,-0.04541877459246779,-8.080000000000013,0.025205147086777124,6968
22,0.8000000000000034,-1.799999999999999,43,6,-3.540000000000049,-0.020213627505690668,0.5,-0.00324086135661709,8.166666666666666,-0.04541877459246779,-8.080000000000013,0.025205147086777124,6969
22,0.8000000000000034,-1.6999999999999988,43,6,-3.540000000000049,-0.020213627505690668,0.5,-0.00324086135661709,8.166666666666666,-0.04541877459246779,-8.080000000000013,0.025205147086777124,6970
22,0.8000000000000034,-1.5999999999999988,43,6,-3.540000000000049,-0.020213627505690668,0.5,-0.00324086135661709,8.166666666666666,-0.04541877459246779,-8.080000000000013,0.025205147086777124,6971
22,0.8000000000000034,-1.4999999999999987,43,6,-3.540000000000049,-0.020213627505690668,0.5,-0.00324086135661709,8.166666666666666,-0.04541877459246779,-8.080000000000013,0.025205147086777124,6972
22,0.8000000000000034,-1.3999999999999986,43,6,-3.540000000000049,-0.020213627505690668,0.5,-0.00324086135661709,8.166666666666666,-0.04541877459246779,-8.080000000000013,0.025205147086777124,6973
22,1.400000000000004,0.20000000000000284,43,1,-3.5400000000000205,-0.02026214870356602,0.0,-0.02026214870356602,45.0,-0.04541877459246779,-8.080000000000013,0.025156625888901774,6974
22,1.400000000000004,0.30000000000000293,43,1,-3.5400000000000205,-0.02026214870356602,0.0,-0.02026214870356602,45.0,-0.04541877459246779,-8.080000000000013,0.025156625888901774,6975
22,1.400000000000004,0.400000000000003,43,1,-3.5400000000000205,-0.02026214870356602,0.0,-0.02026214870356602,45.0,-0.04541877459246779,-8.080000000000013,0.025156625888901774,6976
22,1.400000000000004,0.5000000000000031,43,1,-3.5400000000000205,-0.02026214870356602,0.0,-0.02026214870356602,45.0,-0.04541877459246779,-8.080000000000013,0.025156625888901774,6977
22,1.400000000000004,0.6000000000000032,43,1,-3.5400000000000205,-0.02026214870356602,0.0,-0.02026214870356602,45.0,-0.04541877459246779,-8.080000000000013,0.025156625888901774,6978
22,1.400000000000004,0.7000000000000033,43,1,-3.5400000000000205,-0.02026214870356602,0.0,-0.02026214870356602,45.0,-0.04541877459246779,-8.080000000000013,0.025156625888901774,6979
22,1.400000000000004,0.8000000000000034,43,1,-3.5400000000000205,-0.02026214870356602,0.0,-0.02026214870356602,45.0,-0.04541877459246779,-8.080000000000013,0.025156625888901774,6980
22,1.5000000000000036,0.20000000000000284,43,1,-3.5400000000000205,-0.02026214870356602,0.0,-0.02026214870356602,45.0,-0.04541877459246779,-8.080000000000013,0.025156625888901774,6981
22,1.5000000000000036,0.30000000000000293,43,1,-3.5400000000000205,-0.02026214870356602,0.0,-0.02026214870356602,45.0,-0.04541877459246779,-8.080000000000013,0.025156625888901774,6982
22,1.5000000000000036,0.400000000000003,43,1,-3.5400000000000205,-0.02026214870356602,0.0,-0.02026214870356602,45.0,-0.04541877459246779,-8.080000000000013,0.025156625888901774,6983
22,1.5000000000000036,0.5000000000000031,43,1,-3.5400000000000205,-0.02026214870356602,0.0,-0.02026214870356602,45.0,-0.04541877459246779,-8.080000000000013,0.025156625888901774,6984
22,1.5000000000000036,0.6000000000000032,43,1,-3.5400000000000205,-0.02026214870356602,0.0,-0.02026214870356602,45.0,-0.04541877459246779,-8.080000000000013,0.025156625888901774,6985
22,1.5000000000000036,0.7000000000000033,43,1,-3.5400000000000205,-0.02026214870356602,0.0,-0.02026214870356602,45.0,-0.04541877459246779,-8.080000000000013,0.025156625888901774,6986
22,1.5000000000000036,0.8000000000000034,43,1,-3.5400000000000205,-0.02026214870356602,0.0,-0.02026214870356602,45.0,-0.04541877459246779,-8.080000000000013,0.025156625888901774,6987
10,2.100000000000005,1.8000000000000043,55,1,-3.5400000000000205,-0.02026214870356602,0.0,-0.02026214870356602,45.0,-0.007654999123473449,-1.3100000000000023,-0.01260714958009257,6988
10,2.2000000000000046,1.8000000000000043,55,1,-3.5400000000000205,-0.02026214870356602,0.0,-0.02026214870356602,45.0,-0.007654999123473449,-1.3100000000000023,-0.01260714958009257,6989
10,2.3000000000000043,1.8000000000000043,55,1,-3.5400000000000205,-0.02026214870356602,0.0,-0.02026214870356602,45.0,-0.007654999123473449,-1.3100000000000023,-0.01260714958009257,6990
10,2.400000000000005,1.8000000000000043,55,1,-3.5400000000000205,-0.02026214870356602,0.0,-0.02026214870356602,45.0,-0.007654999123473449,-1.3100000000000023,-0.01260714958009257,6991
10,-0.2999999999999976,-1.1999999999999984,55,10,-3.359999999999985,-0.020340284589406732,0.7,-0.0018867070959725173,4.0,-0.007654999123473449,-1.3100000000000023,-0.012685285465933283,6992
10,-0.1999999999999975,-1.1999999999999984,55,10,-3.359999999999985,-0.020340284589406732,0.7,-0.0018867070959725173,4.0,-0.007654999123473449,-1.3100000000000023,-0.012685285465933283,6993
5,-0.4999999999999978,-1.2999999999999985,60,18,-3.4300000000000637,-0.020349502845530054,0.6666666666666666,-0.0010531718752582494,2.4444444444444446,-0.0014112666117841455,-0.2400000000000091,-0.01893823623374591,6994
22,-0.3999999999999977,-0.4999999999999978,43,7,-3.5300000000000296,-0.020364981131927196,0.7142857142857143,-0.002811919425480821,4.857142857142857,-0.04541877459246779,-8.080000000000013,0.025053793460540597,6995
22,-0.2999999999999976,-0.4999999999999978,43,7,-3.5300000000000296,-0.020364981131927196,0.7142857142857143,-0.002811919425480821,4.857142857142857,-0.04541877459246779,-8.080000000000013,0.025053793460540597,6996
10,-0.2999999999999976,-0.9999999999999982,55,8,-3.430000000000007,-0.020368750971607952,0.625,-0.0023600672601331862,4.75,-0.007654999123473449,-1.3100000000000023,-0.012713751848134502,6997
10,-0.1999999999999975,-0.9999999999999982,55,8,-3.430000000000007,-0.020368750971607952,0.625,-0.0023600672601331862,4.75,-0.007654999123473449,-1.3100000000000023,-0.012713751848134502,6998
5,-0.1999999999999975,0.6000000000000032,60,5,-3.4700000000000557,-0.020378866236212434,0.6,-0.003762016043912664,5.6,-0.0014112666117841455,-0.2400000000000091,-0.01896759962442829,6999
5,-0.1999999999999975,0.7000000000000033,60,5,-3.4700000000000557,-0.020378866236212434,0.6,-0.003762016043912664,5.6,-0.0014112666117841455,-0.2400000000000091,-0.01896759962442829,7000
5,-0.1999999999999975,0.8000000000000034,60,5,-3.4700000000000557,-0.020378866236212434,0.6,-0.003762016043912664,5.6,-0.0014112666117841455,-0.2400000000000091,-0.01896759962442829,7001
5,-0.1999999999999975,0.9000000000000035,60,5,-3.4700000000000557,-0.020378866236212434,0.6,-0.003762016043912664,5.6,-0.0014112666117841455,-0.2400000000000091,-0.01896759962442829,7002
5,-0.09999999999999742,0.6000000000000032,60,5,-3.4700000000000557,-0.020378866236212434,0.6,-0.003762016043912664,5.6,-0.0014112666117841455,-0.2400000000000091,-0.01896759962442829,7003
5,-0.09999999999999742,0.7000000000000033,60,5,-3.4700000000000557,-0.020378866236212434,0.6,-0.003762016043912664,5.6,-0.0014112666117841455,-0.2400000000000091,-0.01896759962442829,7004
5,-0.09999999999999742,0.8000000000000034,60,5,-3.4700000000000557,-0.020378866236212434,0.6,-0.003762016043912664,5.6,-0.0014112666117841455,-0.2400000000000091,-0.01896759962442829,7005
5,-0.09999999999999742,0.9000000000000035,60,5,-3.4700000000000557,-0.020378866236212434,0.6,-0.003762016043912664,5.6,-0.0014112666117841455,-0.2400000000000091,-0.01896759962442829,7006
5,2.6645352591003757e-15,0.6000000000000032,60,5,-3.4700000000000557,-0.020378866236212434,0.6,-0.003762016043912664,5.6,-0.0014112666117841455,-0.2400000000000091,-0.01896759962442829,7007
5,2.6645352591003757e-15,0.7000000000000033,60,5,-3.4700000000000557,-0.020378866236212434,0.6,-0.003762016043912664,5.6,-0.0014112666117841455,-0.2400000000000091,-0.01896759962442829,7008
5,2.6645352591003757e-15,0.8000000000000034,60,5,-3.4700000000000557,-0.020378866236212434,0.6,-0.003762016043912664,5.6,-0.0014112666117841455,-0.2400000000000091,-0.01896759962442829,7009
5,2.6645352591003757e-15,0.9000000000000035,60,5,-3.4700000000000557,-0.020378866236212434,0.6,-0.003762016043912664,5.6,-0.0014112666117841455,-0.2400000000000091,-0.01896759962442829,7010
5,0.10000000000000275,0.6000000000000032,60,5,-3.4700000000000557,-0.020378866236212434,0.6,-0.003762016043912664,5.6,-0.0014112666117841455,-0.2400000000000091,-0.01896759962442829,7011
5,0.10000000000000275,0.7000000000000033,60,5,-3.4700000000000557,-0.020378866236212434,0.6,-0.003762016043912664,5.6,-0.0014112666117841455,-0.2400000000000091,-0.01896759962442829,7012
5,0.10000000000000275,0.8000000000000034,60,5,-3.4700000000000557,-0.020378866236212434,0.6,-0.003762016043912664,5.6,-0.0014112666117841455,-0.2400000000000091,-0.01896759962442829,7013
5,0.10000000000000275,0.9000000000000035,60,5,-3.4700000000000557,-0.020378866236212434,0.6,-0.003762016043912664,5.6,-0.0014112666117841455,-0.2400000000000091,-0.01896759962442829,7014
5,-0.3999999999999977,-1.2999999999999985,60,17,-3.4500000000000455,-0.020397823704740636,0.6470588235294118,-0.001105693242419133,2.7058823529411766,-0.0014112666117841455,-0.2400000000000091,-0.01898655709295649,7015
5,-0.1999999999999975,0.10000000000000275,60,5,-3.490000000000066,-0.02049451715809003,0.6,-0.0037856134619252526,6.4,-0.0014112666117841455,-0.2400000000000091,-0.019083250546305885,7016
5,-0.1999999999999975,0.20000000000000284,60,5,-3.490000000000066,-0.02049451715809003,0.6,-0.0037856134619252526,6.4,-0.0014112666117841455,-0.2400000000000091,-0.019083250546305885,7017
5,-0.1999999999999975,0.30000000000000293,60,5,-3.490000000000066,-0.02049451715809003,0.6,-0.0037856134619252526,6.4,-0.0014112666117841455,-0.2400000000000091,-0.019083250546305885,7018
5,-0.1999999999999975,0.400000000000003,60,5,-3.490000000000066,-0.02049451715809003,0.6,-0.0037856134619252526,6.4,-0.0014112666117841455,-0.2400000000000091,-0.019083250546305885,7019
5,-0.1999999999999975,0.5000000000000031,60,5,-3.490000000000066,-0.02049451715809003,0.6,-0.0037856134619252526,6.4,-0.0014112666117841455,-0.2400000000000091,-0.019083250546305885,7020
5,-0.09999999999999742,0.10000000000000275,60,5,-3.490000000000066,-0.02049451715809003,0.6,-0.0037856134619252526,6.4,-0.0014112666117841455,-0.2400000000000091,-0.019083250546305885,7021
5,-0.09999999999999742,0.20000000000000284,60,5,-3.490000000000066,-0.02049451715809003,0.6,-0.0037856134619252526,6.4,-0.0014112666117841455,-0.2400000000000091,-0.019083250546305885,7022
5,-0.09999999999999742,0.30000000000000293,60,5,-3.490000000000066,-0.02049451715809003,0.6,-0.0037856134619252526,6.4,-0.0014112666117841455,-0.2400000000000091,-0.019083250546305885,7023
5,-0.09999999999999742,0.400000000000003,60,5,-3.490000000000066,-0.02049451715809003,0.6,-0.0037856134619252526,6.4,-0.0014112666117841455,-0.2400000000000091,-0.019083250546305885,7024
5,-0.09999999999999742,0.5000000000000031,60,5,-3.490000000000066,-0.02049451715809003,0.6,-0.0037856134619252526,6.4,-0.0014112666117841455,-0.2400000000000091,-0.019083250546305885,7025
5,2.6645352591003757e-15,0.10000000000000275,60,5,-3.490000000000066,-0.02049451715809003,0.6,-0.0037856134619252526,6.4,-0.0014112666117841455,-0.2400000000000091,-0.019083250546305885,7026
5,2.6645352591003757e-15,0.20000000000000284,60,5,-3.490000000000066,-0.02049451715809003,0.6,-0.0037856134619252526,6.4,-0.0014112666117841455,-0.2400000000000091,-0.019083250546305885,7027
5,2.6645352591003757e-15,0.30000000000000293,60,5,-3.490000000000066,-0.02049451715809003,0.6,-0.0037856134619252526,6.4,-0.0014112666117841455,-0.2400000000000091,-0.019083250546305885,7028
5,2.6645352591003757e-15,0.400000000000003,60,5,-3.490000000000066,-0.02049451715809003,0.6,-0.0037856134619252526,6.4,-0.0014112666117841455,-0.2400000000000091,-0.019083250546305885,7029
5,2.6645352591003757e-15,0.5000000000000031,60,5,-3.490000000000066,-0.02049451715809003,0.6,-0.0037856134619252526,6.4,-0.0014112666117841455,-0.2400000000000091,-0.019083250546305885,7030
5,0.10000000000000275,0.10000000000000275,60,5,-3.490000000000066,-0.02049451715809003,0.6,-0.0037856134619252526,6.4,-0.0014112666117841455,-0.2400000000000091,-0.019083250546305885,7031
5,0.10000000000000275,0.20000000000000284,60,5,-3.490000000000066,-0.02049451715809003,0.6,-0.0037856134619252526,6.4,-0.0014112666117841455,-0.2400000000000091,-0.019083250546305885,7032
5,0.10000000000000275,0.30000000000000293,60,5,-3.490000000000066,-0.02049451715809003,0.6,-0.0037856134619252526,6.4,-0.0014112666117841455,-0.2400000000000091,-0.019083250546305885,7033
5,0.10000000000000275,0.400000000000003,60,5,-3.490000000000066,-0.02049451715809003,0.6,-0.0037856134619252526,6.4,-0.0014112666117841455,-0.2400000000000091,-0.019083250546305885,7034
5,0.10000000000000275,0.5000000000000031,60,5,-3.490000000000066,-0.02049451715809003,0.6,-0.0037856134619252526,6.4,-0.0014112666117841455,-0.2400000000000091,-0.019083250546305885,7035
10,-0.09999999999999742,-1.3999999999999986,55,10,-3.389999999999958,-0.02051262751790217,0.8,-0.00190286110894482,4.4,-0.007654999123473449,-1.3100000000000023,-0.012857628394428722,7036
10,-0.09999999999999742,-1.2999999999999985,55,10,-3.389999999999958,-0.02051262751790217,0.8,-0.00190286110894482,4.4,-0.007654999123473449,-1.3100000000000023,-0.012857628394428722,7037
10,2.6645352591003757e-15,-1.3999999999999986,55,10,-3.389999999999958,-0.02051262751790217,0.8,-0.00190286110894482,4.4,-0.007654999123473449,-1.3100000000000023,-0.012857628394428722,7038
10,2.6645352591003757e-15,-1.2999999999999985,55,10,-3.389999999999958,-0.02051262751790217,0.8,-0.00190286110894482,4.4,-0.007654999123473449,-1.3100000000000023,-0.012857628394428722,7039
10,0.10000000000000275,-1.3999999999999986,55,10,-3.389999999999958,-0.02051262751790217,0.8,-0.00190286110894482,4.4,-0.007654999123473449,-1.3100000000000023,-0.012857628394428722,7040
10,0.10000000000000275,-1.2999999999999985,55,10,-3.389999999999958,-0.02051262751790217,0.8,-0.00190286110894482,4.4,-0.007654999123473449,-1.3100000000000023,-0.012857628394428722,7041
10,-0.8999999999999981,-0.8999999999999981,55,11,-3.530000000000001,-0.02052757447942488,0.6363636363636364,-0.0017274254708763528,2.909090909090909,-0.007654999123473449,-1.3100000000000023,-0.012872575355951432,7042
10,-0.8999999999999981,-0.799999999999998,55,11,-3.530000000000001,-0.02052757447942488,0.6363636363636364,-0.0017274254708763528,2.909090909090909,-0.007654999123473449,-1.3100000000000023,-0.012872575355951432,7043
10,-0.799999999999998,-0.8999999999999981,55,11,-3.530000000000001,-0.02052757447942488,0.6363636363636364,-0.0017274254708763528,2.909090909090909,-0.007654999123473449,-1.3100000000000023,-0.012872575355951432,7044
10,-0.799999999999998,-0.799999999999998,55,11,-3.530000000000001,-0.02052757447942488,0.6363636363636364,-0.0017274254708763528,2.909090909090909,-0.007654999123473449,-1.3100000000000023,-0.012872575355951432,7045
5,0.400000000000003,1.0000000000000036,60,4,-3.5600000000000307,-0.020580074038389906,0.75,-0.0047915683489647976,7.0,-0.0014112666117841455,-0.2400000000000091,-0.01916880742660576,7046
5,0.400000000000003,1.1000000000000032,60,4,-3.5600000000000307,-0.020580074038389906,0.75,-0.0047915683489647976,7.0,-0.0014112666117841455,-0.2400000000000091,-0.01916880742660576,7047
22,0.10000000000000275,-0.4999999999999978,43,4,-3.5700000000000216,-0.0205904296874605,0.75,-0.005007664293181252,9.75,-0.04541877459246779,-8.080000000000013,0.024828344905007294,7048
22,0.20000000000000284,-0.4999999999999978,43,4,-3.5700000000000216,-0.0205904296874605,0.75,-0.005007664293181252,9.75,-0.04541877459246779,-8.080000000000013,0.024828344905007294,7049
22,0.30000000000000293,-0.4999999999999978,43,4,-3.5700000000000216,-0.0205904296874605,0.75,-0.005007664293181252,9.75,-0.04541877459246779,-8.080000000000013,0.024828344905007294,7050
5,-1.0999999999999983,-0.3999999999999977,60,12,-3.5600000000000307,-0.020593704288149217,0.5833333333333334,-0.0016161046212344692,2.25,-0.0014112666117841455,-0.2400000000000091,-0.01918243767636507,7051
5,-0.9999999999999982,-0.3999999999999977,60,12,-3.5600000000000307,-0.020593704288149217,0.5833333333333334,-0.0016161046212344692,2.25,-0.0014112666117841455,-0.2400000000000091,-0.01918243767636507,7052
5,-0.8999999999999981,-0.3999999999999977,60,12,-3.5600000000000307,-0.020593704288149217,0.5833333333333334,-0.0016161046212344692,2.25,-0.0014112666117841455,-0.2400000000000091,-0.01918243767636507,7053
5,-0.799999999999998,-0.3999999999999977,60,12,-3.5600000000000307,-0.020593704288149217,0.5833333333333334,-0.0016161046212344692,2.25,-0.0014112666117841455,-0.2400000000000091,-0.01918243767636507,7054
5,-0.699999999999998,-0.3999999999999977,60,12,-3.5600000000000307,-0.020593704288149217,0.5833333333333334,-0.0016161046212344692,2.25,-0.0014112666117841455,-0.2400000000000091,-0.01918243767636507,7055
5,-0.5999999999999979,-0.3999999999999977,60,12,-3.5600000000000307,-0.020593704288149217,0.5833333333333334,-0.0016161046212344692,2.25,-0.0014112666117841455,-0.2400000000000091,-0.01918243767636507,7056
5,-0.1999999999999975,-3.0,60,20,-3.4700000000000557,-0.02060825461353233,0.6,-0.0009079672532759042,2.85,-0.0014112666117841455,-0.2400000000000091,-0.019196988001748183,7057
5,-0.1999999999999975,-2.9,60,20,-3.4700000000000557,-0.02060825461353233,0.6,-0.0009079672532759042,2.85,-0.0014112666117841455,-0.2400000000000091,-0.019196988001748183,7058
5,-0.1999999999999975,-2.8,60,20,-3.4700000000000557,-0.02060825461353233,0.6,-0.0009079672532759042,2.85,-0.0014112666117841455,-0.2400000000000091,-0.019196988001748183,7059
5,-0.1999999999999975,-2.6999999999999997,60,20,-3.4700000000000557,-0.02060825461353233,0.6,-0.0009079672532759042,2.85,-0.0014112666117841455,-0.2400000000000091,-0.019196988001748183,7060
5,-0.1999999999999975,-2.5999999999999996,60,20,-3.4700000000000557,-0.02060825461353233,0.6,-0.0009079672532759042,2.85,-0.0014112666117841455,-0.2400000000000091,-0.019196988001748183,7061
5,-0.1999999999999975,-2.4999999999999996,60,20,-3.4700000000000557,-0.02060825461353233,0.6,-0.0009079672532759042,2.85,-0.0014112666117841455,-0.2400000000000091,-0.019196988001748183,7062
5,-0.1999999999999975,-2.3999999999999995,60,20,-3.4700000000000557,-0.02060825461353233,0.6,-0.0009079672532759042,2.85,-0.0014112666117841455,-0.2400000000000091,-0.019196988001748183,7063
5,-0.1999999999999975,-2.2999999999999994,60,20,-3.4700000000000557,-0.02060825461353233,0.6,-0.0009079672532759042,2.85,-0.0014112666117841455,-0.2400000000000091,-0.019196988001748183,7064
5,-0.1999999999999975,-2.1999999999999993,60,20,-3.4700000000000557,-0.02060825461353233,0.6,-0.0009079672532759042,2.85,-0.0014112666117841455,-0.2400000000000091,-0.019196988001748183,7065
5,-0.1999999999999975,-2.099999999999999,60,20,-3.4700000000000557,-0.02060825461353233,0.6,-0.0009079672532759042,2.85,-0.0014112666117841455,-0.2400000000000091,-0.019196988001748183,7066
5,-0.1999999999999975,-1.9999999999999991,60,20,-3.4700000000000557,-0.02060825461353233,0.6,-0.0009079672532759042,2.85,-0.0014112666117841455,-0.2400000000000091,-0.019196988001748183,7067
5,-0.1999999999999975,-1.899999999999999,60,20,-3.4700000000000557,-0.02060825461353233,0.6,-0.0009079672532759042,2.85,-0.0014112666117841455,-0.2400000000000091,-0.019196988001748183,7068
5,-0.09999999999999742,-3.0,60,20,-3.4700000000000557,-0.02060825461353233,0.6,-0.0009079672532759042,2.85,-0.0014112666117841455,-0.2400000000000091,-0.019196988001748183,7069
5,-0.09999999999999742,-2.9,60,20,-3.4700000000000557,-0.02060825461353233,0.6,-0.0009079672532759042,2.85,-0.0014112666117841455,-0.2400000000000091,-0.019196988001748183,7070
5,-0.09999999999999742,-2.8,60,20,-3.4700000000000557,-0.02060825461353233,0.6,-0.0009079672532759042,2.85,-0.0014112666117841455,-0.2400000000000091,-0.019196988001748183,7071
5,-0.09999999999999742,-2.6999999999999997,60,20,-3.4700000000000557,-0.02060825461353233,0.6,-0.0009079672532759042,2.85,-0.0014112666117841455,-0.2400000000000091,-0.019196988001748183,7072
5,-0.09999999999999742,-2.5999999999999996,60,20,-3.4700000000000557,-0.02060825461353233,0.6,-0.0009079672532759042,2.85,-0.0014112666117841455,-0.2400000000000091,-0.019196988001748183,7073
5,-0.09999999999999742,-2.4999999999999996,60,20,-3.4700000000000557,-0.02060825461353233,0.6,-0.0009079672532759042,2.85,-0.0014112666117841455,-0.2400000000000091,-0.019196988001748183,7074
5,-0.09999999999999742,-2.3999999999999995,60,20,-3.4700000000000557,-0.02060825461353233,0.6,-0.0009079672532759042,2.85,-0.0014112666117841455,-0.2400000000000091,-0.019196988001748183,7075
5,-0.09999999999999742,-2.2999999999999994,60,20,-3.4700000000000557,-0.02060825461353233,0.6,-0.0009079672532759042,2.85,-0.0014112666117841455,-0.2400000000000091,-0.019196988001748183,7076
5,-0.09999999999999742,-2.1999999999999993,60,20,-3.4700000000000557,-0.02060825461353233,0.6,-0.0009079672532759042,2.85,-0.0014112666117841455,-0.2400000000000091,-0.019196988001748183,7077
5,-0.09999999999999742,-2.099999999999999,60,20,-3.4700000000000557,-0.02060825461353233,0.6,-0.0009079672532759042,2.85,-0.0014112666117841455,-0.2400000000000091,-0.019196988001748183,7078
5,-0.09999999999999742,-1.9999999999999991,60,20,-3.4700000000000557,-0.02060825461353233,0.6,-0.0009079672532759042,2.85,-0.0014112666117841455,-0.2400000000000091,-0.019196988001748183,7079
5,-0.09999999999999742,-1.899999999999999,60,20,-3.4700000000000557,-0.02060825461353233,0.6,-0.0009079672532759042,2.85,-0.0014112666117841455,-0.2400000000000091,-0.019196988001748183,7080
5,2.6645352591003757e-15,-3.0,60,20,-3.4700000000000557,-0.02060825461353233,0.6,-0.0009079672532759042,2.85,-0.0014112666117841455,-0.2400000000000091,-0.019196988001748183,7081
5,2.6645352591003757e-15,-2.9,60,20,-3.4700000000000557,-0.02060825461353233,0.6,-0.0009079672532759042,2.85,-0.0014112666117841455,-0.2400000000000091,-0.019196988001748183,7082
5,2.6645352591003757e-15,-2.8,60,20,-3.4700000000000557,-0.02060825461353233,0.6,-0.0009079672532759042,2.85,-0.0014112666117841455,-0.2400000000000091,-0.019196988001748183,7083
5,2.6645352591003757e-15,-2.6999999999999997,60,20,-3.4700000000000557,-0.02060825461353233,0.6,-0.0009079672532759042,2.85,-0.0014112666117841455,-0.2400000000000091,-0.019196988001748183,7084
5,2.6645352591003757e-15,-2.5999999999999996,60,20,-3.4700000000000557,-0.02060825461353233,0.6,-0.0009079672532759042,2.85,-0.0014112666117841455,-0.2400000000000091,-0.019196988001748183,7085
5,2.6645352591003757e-15,-2.4999999999999996,60,20,-3.4700000000000557,-0.02060825461353233,0.6,-0.0009079672532759042,2.85,-0.0014112666117841455,-0.2400000000000091,-0.019196988001748183,7086
5,2.6645352591003757e-15,-2.3999999999999995,60,20,-3.4700000000000557,-0.02060825461353233,0.6,-0.0009079672532759042,2.85,-0.0014112666117841455,-0.2400000000000091,-0.019196988001748183,7087
5,2.6645352591003757e-15,-2.2999999999999994,60,20,-3.4700000000000557,-0.02060825461353233,0.6,-0.0009079672532759042,2.85,-0.0014112666117841455,-0.2400000000000091,-0.019196988001748183,7088
5,2.6645352591003757e-15,-2.1999999999999993,60,20,-3.4700000000000557,-0.02060825461353233,0.6,-0.0009079672532759042,2.85,-0.0014112666117841455,-0.2400000000000091,-0.019196988001748183,7089
5,2.6645352591003757e-15,-2.099999999999999,60,20,-3.4700000000000557,-0.02060825461353233,0.6,-0.0009079672532759042,2.85,-0.0014112666117841455,-0.2400000000000091,-0.019196988001748183,7090
5,2.6645352591003757e-15,-1.9999999999999991,60,20,-3.4700000000000557,-0.02060825461353233,0.6,-0.0009079672532759042,2.85,-0.0014112666117841455,-0.2400000000000091,-0.019196988001748183,7091
5,2.6645352591003757e-15,-1.899999999999999,60,20,-3.4700000000000557,-0.02060825461353233,0.6,-0.0009079672532759042,2.85,-0.0014112666117841455,-0.2400000000000091,-0.019196988001748183,7092
22,-1.2999999999999985,-0.699999999999998,43,12,-3.5000000000000284,-0.020614487996203468,0.6666666666666666,-0.0016442813091175623,2.1666666666666665,-0.04541877459246779,-8.080000000000013,0.024804286596264324,7093
22,-1.2999999999999985,-0.5999999999999979,43,12,-3.5000000000000284,-0.020614487996203468,0.6666666666666666,-0.0016442813091175623,2.1666666666666665,-0.04541877459246779,-8.080000000000013,0.024804286596264324,7094
5,-1.5999999999999988,-1.1999999999999984,60,21,-3.4699999999999704,-0.02067957704176604,0.5714285714285714,-0.0009535626868089857,1.5238095238095237,-0.0014112666117841455,-0.2400000000000091,-0.019268310429981894,7095
5,-1.4999999999999987,-1.1999999999999984,60,21,-3.4699999999999704,-0.02067957704176604,0.5714285714285714,-0.0009535626868089857,1.5238095238095237,-0.0014112666117841455,-0.2400000000000091,-0.019268310429981894,7096
5,-1.3999999999999986,-1.1999999999999984,60,21,-3.4699999999999704,-0.02067957704176604,0.5714285714285714,-0.0009535626868089857,1.5238095238095237,-0.0014112666117841455,-0.2400000000000091,-0.019268310429981894,7097
10,0.400000000000003,-1.0999999999999983,55,5,-3.5700000000000216,-0.020790270451447546,0.8,-0.003966543432201241,9.0,-0.007654999123473449,-1.3100000000000023,-0.013135271327974096,7098
10,0.5000000000000031,-1.0999999999999983,55,5,-3.5700000000000216,-0.020790270451447546,0.8,-0.003966543432201241,9.0,-0.007654999123473449,-1.3100000000000023,-0.013135271327974096,7099
10,0.6000000000000032,-1.0999999999999983,55,5,-3.5700000000000216,-0.020790270451447546,0.8,-0.003966543432201241,9.0,-0.007654999123473449,-1.3100000000000023,-0.013135271327974096,7100
10,0.7000000000000033,-1.0999999999999983,55,5,-3.5700000000000216,-0.020790270451447546,0.8,-0.003966543432201241,9.0,-0.007654999123473449,-1.3100000000000023,-0.013135271327974096,7101
10,0.8000000000000034,-1.0999999999999983,55,5,-3.5700000000000216,-0.020790270451447546,0.8,-0.003966543432201241,9.0,-0.007654999123473449,-1.3100000000000023,-0.013135271327974096,7102
10,0.9000000000000035,-1.0999999999999983,55,5,-3.5700000000000216,-0.020790270451447546,0.8,-0.003966543432201241,9.0,-0.007654999123473449,-1.3100000000000023,-0.013135271327974096,7103
22,1.2000000000000037,0.20000000000000284,43,1,-3.640000000000015,-0.020834525785587643,0.0,-0.020834525785587643,31.0,-0.04541877459246779,-8.080000000000013,0.02458424880688015,7104
22,1.2000000000000037,0.30000000000000293,43,1,-3.640000000000015,-0.020834525785587643,0.0,-0.020834525785587643,31.0,-0.04541877459246779,-8.080000000000013,0.02458424880688015,7105
22,1.2000000000000037,0.400000000000003,43,1,-3.640000000000015,-0.020834525785587643,0.0,-0.020834525785587643,31.0,-0.04541877459246779,-8.080000000000013,0.02458424880688015,7106
22,1.2000000000000037,0.5000000000000031,43,1,-3.640000000000015,-0.020834525785587643,0.0,-0.020834525785587643,31.0,-0.04541877459246779,-8.080000000000013,0.02458424880688015,7107
22,1.2000000000000037,0.6000000000000032,43,1,-3.640000000000015,-0.020834525785587643,0.0,-0.020834525785587643,31.0,-0.04541877459246779,-8.080000000000013,0.02458424880688015,7108
22,1.2000000000000037,0.7000000000000033,43,1,-3.640000000000015,-0.020834525785587643,0.0,-0.020834525785587643,31.0,-0.04541877459246779,-8.080000000000013,0.02458424880688015,7109
22,1.2000000000000037,0.8000000000000034,43,1,-3.640000000000015,-0.020834525785587643,0.0,-0.020834525785587643,31.0,-0.04541877459246779,-8.080000000000013,0.02458424880688015,7110
22,1.3000000000000043,0.20000000000000284,43,1,-3.640000000000015,-0.020834525785587643,0.0,-0.020834525785587643,31.0,-0.04541877459246779,-8.080000000000013,0.02458424880688015,7111
22,1.3000000000000043,0.30000000000000293,43,1,-3.640000000000015,-0.020834525785587643,0.0,-0.020834525785587643,31.0,-0.04541877459246779,-8.080000000000013,0.02458424880688015,7112
22,1.3000000000000043,0.400000000000003,43,1,-3.640000000000015,-0.020834525785587643,0.0,-0.020834525785587643,31.0,-0.04541877459246779,-8.080000000000013,0.02458424880688015,7113
22,1.3000000000000043,0.5000000000000031,43,1,-3.640000000000015,-0.020834525785587643,0.0,-0.020834525785587643,31.0,-0.04541877459246779,-8.080000000000013,0.02458424880688015,7114
22,1.3000000000000043,0.6000000000000032,43,1,-3.640000000000015,-0.020834525785587643,0.0,-0.020834525785587643,31.0,-0.04541877459246779,-8.080000000000013,0.02458424880688015,7115
22,1.3000000000000043,0.7000000000000033,43,1,-3.640000000000015,-0.020834525785587643,0.0,-0.020834525785587643,31.0,-0.04541877459246779,-8.080000000000013,0.02458424880688015,7116
22,1.3000000000000043,0.8000000000000034,43,1,-3.640000000000015,-0.020834525785587643,0.0,-0.020834525785587643,31.0,-0.04541877459246779,-8.080000000000013,0.02458424880688015,7117
5,-1.5999999999999988,-1.899999999999999,60,28,-3.560000000000059,-0.020839223616444524,0.5714285714285714,-0.0007134382750141055,1.5,-0.0014112666117841455,-0.2400000000000091,-0.01942795700466038,7118
5,-1.4999999999999987,-1.899999999999999,60,28,-3.560000000000059,-0.020839223616444524,0.5714285714285714,-0.0007134382750141055,1.5,-0.0014112666117841455,-0.2400000000000091,-0.01942795700466038,7119
22,-3.0,-0.9999999999999982,43,18,-3.5900000000000034,-0.020906077968934178,0.5,-0.0011221088584051724,1.2777777777777777,-0.04541877459246779,-8.080000000000013,0.024512696623533614,7120
22,-3.0,-0.8999999999999981,43,18,-3.5900000000000034,-0.020906077968934178,0.5,-0.0011221088584051724,1.2777777777777777,-0.04541877459246779,-8.080000000000013,0.024512696623533614,7121
5,-0.8999999999999981,-1.2999999999999985,60,21,-3.5000000000000853,-0.020914188189370853,0.6190476190476191,-0.0009308266895028394,1.9523809523809523,-0.0014112666117841455,-0.2400000000000091,-0.019502921577586707,7122
5,-0.799999999999998,-1.2999999999999985,60,21,-3.5000000000000853,-0.020914188189370853,0.6190476190476191,-0.0009308266895028394,1.9523809523809523,-0.0014112666117841455,-0.2400000000000091,-0.019502921577586707,7123
5,-0.699999999999998,-1.2999999999999985,60,21,-3.5000000000000853,-0.020914188189370853,0.6190476190476191,-0.0009308266895028394,1.9523809523809523,-0.0014112666117841455,-0.2400000000000091,-0.019502921577586707,7124
5,-0.5999999999999979,-1.2999999999999985,60,21,-3.5000000000000853,-0.020914188189370853,0.6190476190476191,-0.0009308266895028394,1.9523809523809523,-0.0014112666117841455,-0.2400000000000091,-0.019502921577586707,7125
22,-1.899999999999999,-0.799999999999998,43,15,-3.6000000000000227,-0.02100097101083176,0.4666666666666667,-0.0013672597273105326,1.8666666666666667,-0.04541877459246779,-8.080000000000013,0.024417803581636033,7126
22,-1.799999999999999,-0.799999999999998,43,15,-3.6000000000000227,-0.02100097101083176,0.4666666666666667,-0.0013672597273105326,1.8666666666666667,-0.04541877459246779,-8.080000000000013,0.024417803581636033,7127
22,-1.6999999999999988,-0.799999999999998,43,15,-3.6000000000000227,-0.02100097101083176,0.4666666666666667,-0.0013672597273105326,1.8666666666666667,-0.04541877459246779,-8.080000000000013,0.024417803581636033,7128
22,-0.09999999999999742,-0.4999999999999978,43,6,-3.640000000000015,-0.021003520193763392,0.6666666666666666,-0.0034072202174572444,5.833333333333333,-0.04541877459246779,-8.080000000000013,0.0244152543987044,7129
22,0.400000000000003,0.20000000000000284,43,1,-3.670000000000016,-0.021006238910194153,0.0,-0.021006238910194153,30.0,-0.04541877459246779,-8.080000000000013,0.02441253568227364,7130
22,0.400000000000003,0.30000000000000293,43,1,-3.670000000000016,-0.021006238910194153,0.0,-0.021006238910194153,30.0,-0.04541877459246779,-8.080000000000013,0.02441253568227364,7131
22,0.400000000000003,0.400000000000003,43,1,-3.670000000000016,-0.021006238910194153,0.0,-0.021006238910194153,30.0,-0.04541877459246779,-8.080000000000013,0.02441253568227364,7132
22,0.400000000000003,0.5000000000000031,43,1,-3.670000000000016,-0.021006238910194153,0.0,-0.021006238910194153,30.0,-0.04541877459246779,-8.080000000000013,0.02441253568227364,7133
22,0.400000000000003,0.6000000000000032,43,1,-3.670000000000016,-0.021006238910194153,0.0,-0.021006238910194153,30.0,-0.04541877459246779,-8.080000000000013,0.02441253568227364,7134
22,0.400000000000003,0.7000000000000033,43,1,-3.670000000000016,-0.021006238910194153,0.0,-0.021006238910194153,30.0,-0.04541877459246779,-8.080000000000013,0.02441253568227364,7135
22,0.400000000000003,0.8000000000000034,43,1,-3.670000000000016,-0.021006238910194153,0.0,-0.021006238910194153,30.0,-0.04541877459246779,-8.080000000000013,0.02441253568227364,7136
22,0.5000000000000031,0.20000000000000284,43,1,-3.670000000000016,-0.021006238910194153,0.0,-0.021006238910194153,30.0,-0.04541877459246779,-8.080000000000013,0.02441253568227364,7137
22,0.5000000000000031,0.30000000000000293,43,1,-3.670000000000016,-0.021006238910194153,0.0,-0.021006238910194153,30.0,-0.04541877459246779,-8.080000000000013,0.02441253568227364,7138
22,0.5000000000000031,0.400000000000003,43,1,-3.670000000000016,-0.021006238910194153,0.0,-0.021006238910194153,30.0,-0.04541877459246779,-8.080000000000013,0.02441253568227364,7139
22,0.5000000000000031,0.5000000000000031,43,1,-3.670000000000016,-0.021006238910194153,0.0,-0.021006238910194153,30.0,-0.04541877459246779,-8.080000000000013,0.02441253568227364,7140
22,0.5000000000000031,0.6000000000000032,43,1,-3.670000000000016,-0.021006238910194153,0.0,-0.021006238910194153,30.0,-0.04541877459246779,-8.080000000000013,0.02441253568227364,7141
22,0.5000000000000031,0.7000000000000033,43,1,-3.670000000000016,-0.021006238910194153,0.0,-0.021006238910194153,30.0,-0.04541877459246779,-8.080000000000013,0.02441253568227364,7142
22,0.5000000000000031,0.8000000000000034,43,1,-3.670000000000016,-0.021006238910194153,0.0,-0.021006238910194153,30.0,-0.04541877459246779,-8.080000000000013,0.02441253568227364,7143
22,0.6000000000000032,0.20000000000000284,43,1,-3.670000000000016,-0.021006238910194153,0.0,-0.021006238910194153,30.0,-0.04541877459246779,-8.080000000000013,0.02441253568227364,7144
22,0.6000000000000032,0.30000000000000293,43,1,-3.670000000000016,-0.021006238910194153,0.0,-0.021006238910194153,30.0,-0.04541877459246779,-8.080000000000013,0.02441253568227364,7145
22,0.6000000000000032,0.400000000000003,43,1,-3.670000000000016,-0.021006238910194153,0.0,-0.021006238910194153,30.0,-0.04541877459246779,-8.080000000000013,0.02441253568227364,7146
22,0.6000000000000032,0.5000000000000031,43,1,-3.670000000000016,-0.021006238910194153,0.0,-0.021006238910194153,30.0,-0.04541877459246779,-8.080000000000013,0.02441253568227364,7147
22,0.6000000000000032,0.6000000000000032,43,1,-3.670000000000016,-0.021006238910194153,0.0,-0.021006238910194153,30.0,-0.04541877459246779,-8.080000000000013,0.02441253568227364,7148
22,0.6000000000000032,0.7000000000000033,43,1,-3.670000000000016,-0.021006238910194153,0.0,-0.021006238910194153,30.0,-0.04541877459246779,-8.080000000000013,0.02441253568227364,7149
22,0.6000000000000032,0.8000000000000034,43,1,-3.670000000000016,-0.021006238910194153,0.0,-0.021006238910194153,30.0,-0.04541877459246779,-8.080000000000013,0.02441253568227364,7150
22,0.7000000000000033,0.20000000000000284,43,1,-3.670000000000016,-0.021006238910194153,0.0,-0.021006238910194153,30.0,-0.04541877459246779,-8.080000000000013,0.02441253568227364,7151
22,0.7000000000000033,0.30000000000000293,43,1,-3.670000000000016,-0.021006238910194153,0.0,-0.021006238910194153,30.0,-0.04541877459246779,-8.080000000000013,0.02441253568227364,7152
22,0.7000000000000033,0.400000000000003,43,1,-3.670000000000016,-0.021006238910194153,0.0,-0.021006238910194153,30.0,-0.04541877459246779,-8.080000000000013,0.02441253568227364,7153
22,0.7000000000000033,0.5000000000000031,43,1,-3.670000000000016,-0.021006238910194153,0.0,-0.021006238910194153,30.0,-0.04541877459246779,-8.080000000000013,0.02441253568227364,7154
22,0.7000000000000033,0.6000000000000032,43,1,-3.670000000000016,-0.021006238910194153,0.0,-0.021006238910194153,30.0,-0.04541877459246779,-8.080000000000013,0.02441253568227364,7155
22,0.7000000000000033,0.7000000000000033,43,1,-3.670000000000016,-0.021006238910194153,0.0,-0.021006238910194153,30.0,-0.04541877459246779,-8.080000000000013,0.02441253568227364,7156
22,0.7000000000000033,0.8000000000000034,43,1,-3.670000000000016,-0.021006238910194153,0.0,-0.021006238910194153,30.0,-0.04541877459246779,-8.080000000000013,0.02441253568227364,7157
22,0.8000000000000034,0.20000000000000284,43,1,-3.670000000000016,-0.021006238910194153,0.0,-0.021006238910194153,30.0,-0.04541877459246779,-8.080000000000013,0.02441253568227364,7158
22,0.8000000000000034,0.30000000000000293,43,1,-3.670000000000016,-0.021006238910194153,0.0,-0.021006238910194153,30.0,-0.04541877459246779,-8.080000000000013,0.02441253568227364,7159
22,0.8000000000000034,0.400000000000003,43,1,-3.670000000000016,-0.021006238910194153,0.0,-0.021006238910194153,30.0,-0.04541877459246779,-8.080000000000013,0.02441253568227364,7160
22,0.8000000000000034,0.5000000000000031,43,1,-3.670000000000016,-0.021006238910194153,0.0,-0.021006238910194153,30.0,-0.04541877459246779,-8.080000000000013,0.02441253568227364,7161
22,0.8000000000000034,0.6000000000000032,43,1,-3.670000000000016,-0.021006238910194153,0.0,-0.021006238910194153,30.0,-0.04541877459246779,-8.080000000000013,0.02441253568227364,7162
22,0.8000000000000034,0.7000000000000033,43,1,-3.670000000000016,-0.021006238910194153,0.0,-0.021006238910194153,30.0,-0.04541877459246779,-8.080000000000013,0.02441253568227364,7163
22,0.8000000000000034,0.8000000000000034,43,1,-3.670000000000016,-0.021006238910194153,0.0,-0.021006238910194153,30.0,-0.04541877459246779,-8.080000000000013,0.02441253568227364,7164
22,0.9000000000000035,0.20000000000000284,43,1,-3.670000000000016,-0.021006238910194153,0.0,-0.021006238910194153,30.0,-0.04541877459246779,-8.080000000000013,0.02441253568227364,7165
22,0.9000000000000035,0.30000000000000293,43,1,-3.670000000000016,-0.021006238910194153,0.0,-0.021006238910194153,30.0,-0.04541877459246779,-8.080000000000013,0.02441253568227364,7166
22,0.9000000000000035,0.400000000000003,43,1,-3.670000000000016,-0.021006238910194153,0.0,-0.021006238910194153,30.0,-0.04541877459246779,-8.080000000000013,0.02441253568227364,7167
22,0.9000000000000035,0.5000000000000031,43,1,-3.670000000000016,-0.021006238910194153,0.0,-0.021006238910194153,30.0,-0.04541877459246779,-8.080000000000013,0.02441253568227364,7168
22,0.9000000000000035,0.6000000000000032,43,1,-3.670000000000016,-0.021006238910194153,0.0,-0.021006238910194153,30.0,-0.04541877459246779,-8.080000000000013,0.02441253568227364,7169
22,0.9000000000000035,0.7000000000000033,43,1,-3.670000000000016,-0.021006238910194153,0.0,-0.021006238910194153,30.0,-0.04541877459246779,-8.080000000000013,0.02441253568227364,7170
22,0.9000000000000035,0.8000000000000034,43,1,-3.670000000000016,-0.021006238910194153,0.0,-0.021006238910194153,30.0,-0.04541877459246779,-8.080000000000013,0.02441253568227364,7171
22,1.0000000000000036,0.20000000000000284,43,1,-3.670000000000016,-0.021006238910194153,0.0,-0.021006238910194153,30.0,-0.04541877459246779,-8.080000000000013,0.02441253568227364,7172
22,1.0000000000000036,0.30000000000000293,43,1,-3.670000000000016,-0.021006238910194153,0.0,-0.021006238910194153,30.0,-0.04541877459246779,-8.080000000000013,0.02441253568227364,7173
22,1.0000000000000036,0.400000000000003,43,1,-3.670000000000016,-0.021006238910194153,0.0,-0.021006238910194153,30.0,-0.04541877459246779,-8.080000000000013,0.02441253568227364,7174
22,1.0000000000000036,0.5000000000000031,43,1,-3.670000000000016,-0.021006238910194153,0.0,-0.021006238910194153,30.0,-0.04541877459246779,-8.080000000000013,0.02441253568227364,7175
22,1.0000000000000036,0.6000000000000032,43,1,-3.670000000000016,-0.021006238910194153,0.0,-0.021006238910194153,30.0,-0.04541877459246779,-8.080000000000013,0.02441253568227364,7176
22,1.0000000000000036,0.7000000000000033,43,1,-3.670000000000016,-0.021006238910194153,0.0,-0.021006238910194153,30.0,-0.04541877459246779,-8.080000000000013,0.02441253568227364,7177
22,1.0000000000000036,0.8000000000000034,43,1,-3.670000000000016,-0.021006238910194153,0.0,-0.021006238910194153,30.0,-0.04541877459246779,-8.080000000000013,0.02441253568227364,7178
22,1.1000000000000032,0.20000000000000284,43,1,-3.670000000000016,-0.021006238910194153,0.0,-0.021006238910194153,30.0,-0.04541877459246779,-8.080000000000013,0.02441253568227364,7179
22,1.1000000000000032,0.30000000000000293,43,1,-3.670000000000016,-0.021006238910194153,0.0,-0.021006238910194153,30.0,-0.04541877459246779,-8.080000000000013,0.02441253568227364,7180
22,1.1000000000000032,0.400000000000003,43,1,-3.670000000000016,-0.021006238910194153,0.0,-0.021006238910194153,30.0,-0.04541877459246779,-8.080000000000013,0.02441253568227364,7181
22,1.1000000000000032,0.5000000000000031,43,1,-3.670000000000016,-0.021006238910194153,0.0,-0.021006238910194153,30.0,-0.04541877459246779,-8.080000000000013,0.02441253568227364,7182
22,1.1000000000000032,0.6000000000000032,43,1,-3.670000000000016,-0.021006238910194153,0.0,-0.021006238910194153,30.0,-0.04541877459246779,-8.080000000000013,0.02441253568227364,7183
22,1.1000000000000032,0.7000000000000033,43,1,-3.670000000000016,-0.021006238910194153,0.0,-0.021006238910194153,30.0,-0.04541877459246779,-8.080000000000013,0.02441253568227364,7184
22,1.1000000000000032,0.8000000000000034,43,1,-3.670000000000016,-0.021006238910194153,0.0,-0.021006238910194153,30.0,-0.04541877459246779,-8.080000000000013,0.02441253568227364,7185
22,-0.799999999999998,-0.699999999999998,43,9,-3.6000000000000227,-0.02101534108795844,0.7777777777777778,-0.0022163322602656546,3.4444444444444446,-0.04541877459246779,-8.080000000000013,0.024403433504509353,7186
22,-0.799999999999998,-0.5999999999999979,43,9,-3.6000000000000227,-0.02101534108795844,0.7777777777777778,-0.0022163322602656546,3.4444444444444446,-0.04541877459246779,-8.080000000000013,0.024403433504509353,7187
22,-0.699999999999998,-0.699999999999998,43,9,-3.6000000000000227,-0.02101534108795844,0.7777777777777778,-0.0022163322602656546,3.4444444444444446,-0.04541877459246779,-8.080000000000013,0.024403433504509353,7188
22,-0.699999999999998,-0.5999999999999979,43,9,-3.6000000000000227,-0.02101534108795844,0.7777777777777778,-0.0022163322602656546,3.4444444444444446,-0.04541877459246779,-8.080000000000013,0.024403433504509353,7189
22,-0.1999999999999975,-0.9999999999999982,43,11,-3.700000000000017,-0.02110773679715605,0.45454545454545453,-0.0018601044430188326,3.4545454545454546,-0.04541877459246779,-8.080000000000013,0.02431103779531174,7190
22,-0.1999999999999975,-0.8999999999999981,43,11,-3.700000000000017,-0.02110773679715605,0.45454545454545453,-0.0018601044430188326,3.4545454545454546,-0.04541877459246779,-8.080000000000013,0.02431103779531174,7191
22,-0.1999999999999975,-1.4999999999999987,43,12,-3.610000000000042,-0.02114280797724133,0.5,-0.0016938053752589555,3.5,-0.04541877459246779,-8.080000000000013,0.024275966615226463,7192
22,-0.1999999999999975,-1.3999999999999986,43,12,-3.610000000000042,-0.02114280797724133,0.5,-0.0016938053752589555,3.5,-0.04541877459246779,-8.080000000000013,0.024275966615226463,7193
5,-1.1999999999999984,-0.699999999999998,60,14,-3.650000000000034,-0.02126390960564939,0.6428571428571429,-0.0014323056631803904,2.0714285714285716,-0.0014112666117841455,-0.2400000000000091,-0.019852642993865244,7194
22,-1.2999999999999985,-1.0999999999999983,43,15,-3.630000000000024,-0.021286281891080283,0.6,-0.0013570017894556584,1.9333333333333333,-0.04541877459246779,-8.080000000000013,0.02413249270138751,7195
5,0.5000000000000031,1.0000000000000036,60,4,-3.690000000000026,-0.021295903522704496,0.75,-0.004976996545461659,7.75,-0.0014112666117841455,-0.2400000000000091,-0.01988463691092035,7196
5,0.5000000000000031,1.1000000000000032,60,4,-3.690000000000026,-0.021295903522704496,0.75,-0.004976996545461659,7.75,-0.0014112666117841455,-0.2400000000000091,-0.01988463691092035,7197
5,-3.0,1.5000000000000036,60,4,-3.600000000000051,-0.02130345675357248,0.5,-0.0052411355133597515,1.5,-0.0014112666117841455,-0.2400000000000091,-0.019892190141788335,7198
5,-3.0,1.600000000000004,60,4,-3.600000000000051,-0.02130345675357248,0.5,-0.0052411355133597515,1.5,-0.0014112666117841455,-0.2400000000000091,-0.019892190141788335,7199
5,-2.9,1.5000000000000036,60,4,-3.600000000000051,-0.02130345675357248,0.5,-0.0052411355133597515,1.5,-0.0014112666117841455,-0.2400000000000091,-0.019892190141788335,7200
5,-2.9,1.600000000000004,60,4,-3.600000000000051,-0.02130345675357248,0.5,-0.0052411355133597515,1.5,-0.0014112666117841455,-0.2400000000000091,-0.019892190141788335,7201
5,-2.8,1.5000000000000036,60,4,-3.600000000000051,-0.02130345675357248,0.5,-0.0052411355133597515,1.5,-0.0014112666117841455,-0.2400000000000091,-0.019892190141788335,7202
5,-2.8,1.600000000000004,60,4,-3.600000000000051,-0.02130345675357248,0.5,-0.0052411355133597515,1.5,-0.0014112666117841455,-0.2400000000000091,-0.019892190141788335,7203
5,-2.6999999999999997,1.5000000000000036,60,4,-3.600000000000051,-0.02130345675357248,0.5,-0.0052411355133597515,1.5,-0.0014112666117841455,-0.2400000000000091,-0.019892190141788335,7204
5,-2.6999999999999997,1.600000000000004,60,4,-3.600000000000051,-0.02130345675357248,0.5,-0.0052411355133597515,1.5,-0.0014112666117841455,-0.2400000000000091,-0.019892190141788335,7205
5,-2.5999999999999996,1.5000000000000036,60,4,-3.600000000000051,-0.02130345675357248,0.5,-0.0052411355133597515,1.5,-0.0014112666117841455,-0.2400000000000091,-0.019892190141788335,7206
5,-2.5999999999999996,1.600000000000004,60,4,-3.600000000000051,-0.02130345675357248,0.5,-0.0052411355133597515,1.5,-0.0014112666117841455,-0.2400000000000091,-0.019892190141788335,7207
5,-2.4999999999999996,1.5000000000000036,60,4,-3.600000000000051,-0.02130345675357248,0.5,-0.0052411355133597515,1.5,-0.0014112666117841455,-0.2400000000000091,-0.019892190141788335,7208
5,-2.4999999999999996,1.600000000000004,60,4,-3.600000000000051,-0.02130345675357248,0.5,-0.0052411355133597515,1.5,-0.0014112666117841455,-0.2400000000000091,-0.019892190141788335,7209
5,-2.3999999999999995,1.5000000000000036,60,4,-3.600000000000051,-0.02130345675357248,0.5,-0.0052411355133597515,1.5,-0.0014112666117841455,-0.2400000000000091,-0.019892190141788335,7210
5,-2.3999999999999995,1.600000000000004,60,4,-3.600000000000051,-0.02130345675357248,0.5,-0.0052411355133597515,1.5,-0.0014112666117841455,-0.2400000000000091,-0.019892190141788335,7211
5,-2.2999999999999994,1.5000000000000036,60,4,-3.600000000000051,-0.02130345675357248,0.5,-0.0052411355133597515,1.5,-0.0014112666117841455,-0.2400000000000091,-0.019892190141788335,7212
5,-2.2999999999999994,1.600000000000004,60,4,-3.600000000000051,-0.02130345675357248,0.5,-0.0052411355133597515,1.5,-0.0014112666117841455,-0.2400000000000091,-0.019892190141788335,7213
5,-2.1999999999999993,1.5000000000000036,60,4,-3.600000000000051,-0.02130345675357248,0.5,-0.0052411355133597515,1.5,-0.0014112666117841455,-0.2400000000000091,-0.019892190141788335,7214
5,-2.1999999999999993,1.600000000000004,60,4,-3.600000000000051,-0.02130345675357248,0.5,-0.0052411355133597515,1.5,-0.0014112666117841455,-0.2400000000000091,-0.019892190141788335,7215
5,-2.099999999999999,1.5000000000000036,60,4,-3.600000000000051,-0.02130345675357248,0.5,-0.0052411355133597515,1.5,-0.0014112666117841455,-0.2400000000000091,-0.019892190141788335,7216
5,-2.099999999999999,1.600000000000004,60,4,-3.600000000000051,-0.02130345675357248,0.5,-0.0052411355133597515,1.5,-0.0014112666117841455,-0.2400000000000091,-0.019892190141788335,7217
5,-1.9999999999999991,1.5000000000000036,60,4,-3.600000000000051,-0.02130345675357248,0.5,-0.0052411355133597515,1.5,-0.0014112666117841455,-0.2400000000000091,-0.019892190141788335,7218
5,-1.9999999999999991,1.600000000000004,60,4,-3.600000000000051,-0.02130345675357248,0.5,-0.0052411355133597515,1.5,-0.0014112666117841455,-0.2400000000000091,-0.019892190141788335,7219
5,-1.899999999999999,1.5000000000000036,60,4,-3.600000000000051,-0.02130345675357248,0.5,-0.0052411355133597515,1.5,-0.0014112666117841455,-0.2400000000000091,-0.019892190141788335,7220
5,-1.899999999999999,1.600000000000004,60,4,-3.600000000000051,-0.02130345675357248,0.5,-0.0052411355133597515,1.5,-0.0014112666117841455,-0.2400000000000091,-0.019892190141788335,7221
5,0.6000000000000032,1.0000000000000036,60,4,-3.700000000000017,-0.021354652793157514,0.75,-0.004991222105948739,8.5,-0.0014112666117841455,-0.2400000000000091,-0.019943386181373368,7222
5,0.6000000000000032,1.1000000000000032,60,4,-3.700000000000017,-0.021354652793157514,0.75,-0.004991222105948739,8.5,-0.0014112666117841455,-0.2400000000000091,-0.019943386181373368,7223
5,0.7000000000000033,1.0000000000000036,60,4,-3.700000000000017,-0.021354652793157514,0.75,-0.004991222105948739,8.5,-0.0014112666117841455,-0.2400000000000091,-0.019943386181373368,7224
5,0.7000000000000033,1.1000000000000032,60,4,-3.700000000000017,-0.021354652793157514,0.75,-0.004991222105948739,8.5,-0.0014112666117841455,-0.2400000000000091,-0.019943386181373368,7225
5,0.8000000000000034,1.0000000000000036,60,4,-3.700000000000017,-0.021354652793157514,0.75,-0.004991222105948739,8.5,-0.0014112666117841455,-0.2400000000000091,-0.019943386181373368,7226
5,0.8000000000000034,1.1000000000000032,60,4,-3.700000000000017,-0.021354652793157514,0.75,-0.004991222105948739,8.5,-0.0014112666117841455,-0.2400000000000091,-0.019943386181373368,7227
5,0.9000000000000035,1.0000000000000036,60,4,-3.700000000000017,-0.021354652793157514,0.75,-0.004991222105948739,8.5,-0.0014112666117841455,-0.2400000000000091,-0.019943386181373368,7228
5,0.9000000000000035,1.1000000000000032,60,4,-3.700000000000017,-0.021354652793157514,0.75,-0.004991222105948739,8.5,-0.0014112666117841455,-0.2400000000000091,-0.019943386181373368,7229
10,-1.6999999999999988,-1.0999999999999983,55,16,-3.5800000000000125,-0.021370238972726052,0.625,-0.001252475031542917,1.6875,-0.007654999123473449,-1.3100000000000023,-0.013715239849252603,7230
10,-1.5999999999999988,-1.0999999999999983,55,16,-3.5800000000000125,-0.021370238972726052,0.625,-0.001252475031542917,1.6875,-0.007654999123473449,-1.3100000000000023,-0.013715239849252603,7231
10,-1.4999999999999987,-1.0999999999999983,55,16,-3.5800000000000125,-0.021370238972726052,0.625,-0.001252475031542917,1.6875,-0.007654999123473449,-1.3100000000000023,-0.013715239849252603,7232
10,-1.3999999999999986,-1.0999999999999983,55,16,-3.5800000000000125,-0.021370238972726052,0.625,-0.001252475031542917,1.6875,-0.007654999123473449,-1.3100000000000023,-0.013715239849252603,7233
10,-1.2999999999999985,-1.0999999999999983,55,16,-3.5800000000000125,-0.021370238972726052,0.625,-0.001252475031542917,1.6875,-0.007654999123473449,-1.3100000000000023,-0.013715239849252603,7234
10,-1.1999999999999984,-1.0999999999999983,55,16,-3.5800000000000125,-0.021370238972726052,0.625,-0.001252475031542917,1.6875,-0.007654999123473449,-1.3100000000000023,-0.013715239849252603,7235
10,-0.4999999999999978,-3.0,55,20,-3.5600000000000307,-0.021451732317054106,0.55,-0.0009987858117905424,2.4,-0.007654999123473449,-1.3100000000000023,-0.013796733193580657,7236
10,-0.4999999999999978,-2.9,55,20,-3.5600000000000307,-0.021451732317054106,0.55,-0.0009987858117905424,2.4,-0.007654999123473449,-1.3100000000000023,-0.013796733193580657,7237
10,-0.4999999999999978,-2.8,55,20,-3.5600000000000307,-0.021451732317054106,0.55,-0.0009987858117905424,2.4,-0.007654999123473449,-1.3100000000000023,-0.013796733193580657,7238
10,-0.4999999999999978,-2.6999999999999997,55,20,-3.5600000000000307,-0.021451732317054106,0.55,-0.0009987858117905424,2.4,-0.007654999123473449,-1.3100000000000023,-0.013796733193580657,7239
10,-0.4999999999999978,-2.5999999999999996,55,20,-3.5600000000000307,-0.021451732317054106,0.55,-0.0009987858117905424,2.4,-0.007654999123473449,-1.3100000000000023,-0.013796733193580657,7240
10,-0.4999999999999978,-2.4999999999999996,55,20,-3.5600000000000307,-0.021451732317054106,0.55,-0.0009987858117905424,2.4,-0.007654999123473449,-1.3100000000000023,-0.013796733193580657,7241
5,-0.3999999999999977,-0.3999999999999977,60,8,-3.6600000000000534,-0.02145463430922634,0.5,-0.0024977483886990948,3.875,-0.0014112666117841455,-0.2400000000000091,-0.020043367697442194,7242
5,-0.3999999999999977,-0.2999999999999976,60,8,-3.6600000000000534,-0.02145463430922634,0.5,-0.0024977483886990948,3.875,-0.0014112666117841455,-0.2400000000000091,-0.020043367697442194,7243
5,-0.3999999999999977,-0.1999999999999975,60,8,-3.6600000000000534,-0.02145463430922634,0.5,-0.0024977483886990948,3.875,-0.0014112666117841455,-0.2400000000000091,-0.020043367697442194,7244
22,-0.8999999999999981,-0.4999999999999978,43,9,-3.7000000000000455,-0.021504940269607142,0.6666666666666666,-0.002317690146364157,3.2222222222222223,-0.04541877459246779,-8.080000000000013,0.02391383432286065,7245
10,-1.799999999999999,1.0000000000000036,55,6,-3.6700000000000728,-0.021510895654334172,0.3333333333333333,-0.003554362204117756,2.5,-0.007654999123473449,-1.3100000000000023,-0.013855896530860723,7246
10,-0.699999999999998,-1.0999999999999983,55,12,-3.6299999999999955,-0.021520869928954967,0.6666666666666666,-0.001681359767066228,2.75,-0.007654999123473449,-1.3100000000000023,-0.013865870805481517,7247
5,-1.5999999999999988,-0.699999999999998,60,17,-3.579999999999984,-0.021528406606104444,0.5294117647058824,-0.0012293909099944558,1.4705882352941178,-0.0014112666117841455,-0.2400000000000091,-0.0201171399943203,7248
5,-1.4999999999999987,-0.699999999999998,60,17,-3.579999999999984,-0.021528406606104444,0.5294117647058824,-0.0012293909099944558,1.4705882352941178,-0.0014112666117841455,-0.2400000000000091,-0.0201171399943203,7249
5,-1.3999999999999986,-0.699999999999998,60,17,-3.579999999999984,-0.021528406606104444,0.5294117647058824,-0.0012293909099944558,1.4705882352941178,-0.0014112666117841455,-0.2400000000000091,-0.0201171399943203,7250
22,-1.9999999999999991,0.5000000000000031,43,6,-3.740000000000009,-0.021644525115256386,0.3333333333333333,-0.0035717585623107153,2.1666666666666665,-0.04541877459246779,-8.080000000000013,0.023774249477211407,7251
22,-1.9999999999999991,0.6000000000000032,43,6,-3.740000000000009,-0.021644525115256386,0.3333333333333333,-0.0035717585623107153,2.1666666666666665,-0.04541877459246779,-8.080000000000013,0.023774249477211407,7252
22,-1.9999999999999991,0.7000000000000033,43,6,-3.740000000000009,-0.021644525115256386,0.3333333333333333,-0.0035717585623107153,2.1666666666666665,-0.04541877459246779,-8.080000000000013,0.023774249477211407,7253
22,-1.9999999999999991,0.8000000000000034,43,6,-3.740000000000009,-0.021644525115256386,0.3333333333333333,-0.0035717585623107153,2.1666666666666665,-0.04541877459246779,-8.080000000000013,0.023774249477211407,7254
10,-1.799999999999999,1.2000000000000037,55,4,-3.6800000000000352,-0.021648181315549575,0.5,-0.005369970345767194,2.75,-0.007654999123473449,-1.3100000000000023,-0.013993182192076126,7255
10,-1.799999999999999,1.3000000000000043,55,4,-3.6800000000000352,-0.021648181315549575,0.5,-0.005369970345767194,2.75,-0.007654999123473449,-1.3100000000000023,-0.013993182192076126,7256
22,-0.799999999999998,-1.0999999999999983,43,12,-3.730000000000018,-0.021686860024040855,0.6666666666666666,-0.0017142201229012517,2.8333333333333335,-0.04541877459246779,-8.080000000000013,0.023731914568426937,7257
22,-0.699999999999998,-1.0999999999999983,43,12,-3.730000000000018,-0.021686860024040855,0.6666666666666666,-0.0017142201229012517,2.8333333333333335,-0.04541877459246779,-8.080000000000013,0.023731914568426937,7258
22,-0.5999999999999979,-0.3999999999999977,43,7,-3.7800000000000296,-0.021896984916616846,0.42857142857142855,-0.003005789321899686,5.0,-0.04541877459246779,-8.080000000000013,0.023521789675850946,7259
22,-0.4999999999999978,-0.3999999999999977,43,7,-3.7800000000000296,-0.021896984916616846,0.42857142857142855,-0.003005789321899686,5.0,-0.04541877459246779,-8.080000000000013,0.023521789675850946,7260
22,0.30000000000000293,-1.4999999999999987,43,9,-3.75,-0.021957882954243724,0.6666666666666666,-0.0023783163143308306,5.222222222222222,-0.04541877459246779,-8.080000000000013,0.02346089163822407,7261
22,0.30000000000000293,-1.3999999999999986,43,9,-3.75,-0.021957882954243724,0.6666666666666666,-0.0023783163143308306,5.222222222222222,-0.04541877459246779,-8.080000000000013,0.02346089163822407,7262
22,0.30000000000000293,-1.2999999999999985,43,9,-3.75,-0.021957882954243724,0.6666666666666666,-0.0023783163143308306,5.222222222222222,-0.04541877459246779,-8.080000000000013,0.02346089163822407,7263
22,0.30000000000000293,-1.1999999999999984,43,9,-3.75,-0.021957882954243724,0.6666666666666666,-0.0023783163143308306,5.222222222222222,-0.04541877459246779,-8.080000000000013,0.02346089163822407,7264
5,1.3000000000000043,0.6000000000000032,60,3,-3.8100000000000307,-0.022193786990728492,0.3333333333333333,-0.007021944411103857,14.0,-0.0014112666117841455,-0.2400000000000091,-0.020782520378944347,7265
5,1.3000000000000043,0.7000000000000033,60,3,-3.8100000000000307,-0.022193786990728492,0.3333333333333333,-0.007021944411103857,14.0,-0.0014112666117841455,-0.2400000000000091,-0.020782520378944347,7266
5,1.3000000000000043,0.8000000000000034,60,3,-3.8100000000000307,-0.022193786990728492,0.3333333333333333,-0.007021944411103857,14.0,-0.0014112666117841455,-0.2400000000000091,-0.020782520378944347,7267
5,1.3000000000000043,0.9000000000000035,60,3,-3.8100000000000307,-0.022193786990728492,0.3333333333333333,-0.007021944411103857,14.0,-0.0014112666117841455,-0.2400000000000091,-0.020782520378944347,7268
5,1.0000000000000036,-1.2999999999999985,60,10,-3.8100000000000023,-0.022229266034297535,0.8,-0.0020996056290210176,5.5,-0.0014112666117841455,-0.2400000000000091,-0.02081799942251339,7269
5,-1.2999999999999985,-1.899999999999999,60,26,-3.8400000000000603,-0.022251871594392125,0.6153846153846154,-0.0007748875492338653,1.6538461538461537,-0.0014112666117841455,-0.2400000000000091,-0.02084060498260798,7270
5,-1.2999999999999985,-1.799999999999999,60,26,-3.8400000000000603,-0.022251871594392125,0.6153846153846154,-0.0007748875492338653,1.6538461538461537,-0.0014112666117841455,-0.2400000000000091,-0.02084060498260798,7271
22,-0.3999999999999977,-0.3999999999999977,43,6,-3.860000000000042,-0.022276859754119416,0.6666666666666666,-0.003606479276002439,5.5,-0.04541877459246779,-8.080000000000013,0.023141914838348376,7272
22,-0.2999999999999976,-0.3999999999999977,43,6,-3.860000000000042,-0.022276859754119416,0.6666666666666666,-0.003606479276002439,5.5,-0.04541877459246779,-8.080000000000013,0.023141914838348376,7273
22,-1.5999999999999988,0.5000000000000031,43,5,-3.8500000000000227,-0.022291858061044945,0.4,-0.004411186012027901,2.8,-0.04541877459246779,-8.080000000000013,0.023126916531422848,7274
22,-1.5999999999999988,0.6000000000000032,43,5,-3.8500000000000227,-0.022291858061044945,0.4,-0.004411186012027901,2.8,-0.04541877459246779,-8.080000000000013,0.023126916531422848,7275
22,-1.5999999999999988,0.7000000000000033,43,5,-3.8500000000000227,-0.022291858061044945,0.4,-0.004411186012027901,2.8,-0.04541877459246779,-8.080000000000013,0.023126916531422848,7276
22,-1.5999999999999988,0.8000000000000034,43,5,-3.8500000000000227,-0.022291858061044945,0.4,-0.004411186012027901,2.8,-0.04541877459246779,-8.080000000000013,0.023126916531422848,7277
22,-3.0,1.3000000000000043,43,5,-3.859999999999985,-0.02230805038292183,0.2,-0.00447603353887116,1.0,-0.04541877459246779,-8.080000000000013,0.023110724209545963,7278
5,1.3000000000000043,0.10000000000000275,60,3,-3.830000000000041,-0.022309223648896093,0.3333333333333333,-0.007061273441124838,15.333333333333334,-0.0014112666117841455,-0.2400000000000091,-0.020897957037111947,7279
5,1.3000000000000043,0.20000000000000284,60,3,-3.830000000000041,-0.022309223648896093,0.3333333333333333,-0.007061273441124838,15.333333333333334,-0.0014112666117841455,-0.2400000000000091,-0.020897957037111947,7280
5,1.3000000000000043,0.30000000000000293,60,3,-3.830000000000041,-0.022309223648896093,0.3333333333333333,-0.007061273441124838,15.333333333333334,-0.0014112666117841455,-0.2400000000000091,-0.020897957037111947,7281
5,1.3000000000000043,0.400000000000003,60,3,-3.830000000000041,-0.022309223648896093,0.3333333333333333,-0.007061273441124838,15.333333333333334,-0.0014112666117841455,-0.2400000000000091,-0.020897957037111947,7282
5,1.3000000000000043,0.5000000000000031,60,3,-3.830000000000041,-0.022309223648896093,0.3333333333333333,-0.007061273441124838,15.333333333333334,-0.0014112666117841455,-0.2400000000000091,-0.020897957037111947,7283
22,-0.8999999999999981,1.600000000000004,43,1,-3.8200000000000216,-0.022324820291040992,0.0,-0.022324820291040992,16.0,-0.04541877459246779,-8.080000000000013,0.0230939543014268,7284
22,-0.8999999999999981,1.7000000000000046,43,1,-3.8200000000000216,-0.022324820291040992,0.0,-0.022324820291040992,16.0,-0.04541877459246779,-8.080000000000013,0.0230939543014268,7285
22,-0.8999999999999981,1.8000000000000043,43,1,-3.8200000000000216,-0.022324820291040992,0.0,-0.022324820291040992,16.0,-0.04541877459246779,-8.080000000000013,0.0230939543014268,7286
22,-0.8999999999999981,1.900000000000004,43,1,-3.8200000000000216,-0.022324820291040992,0.0,-0.022324820291040992,16.0,-0.04541877459246779,-8.080000000000013,0.0230939543014268,7287
22,-0.8999999999999981,2.0000000000000044,43,1,-3.8200000000000216,-0.022324820291040992,0.0,-0.022324820291040992,16.0,-0.04541877459246779,-8.080000000000013,0.0230939543014268,7288
22,-0.8999999999999981,2.100000000000005,43,1,-3.8200000000000216,-0.022324820291040992,0.0,-0.022324820291040992,16.0,-0.04541877459246779,-8.080000000000013,0.0230939543014268,7289
22,-0.8999999999999981,2.2000000000000046,43,1,-3.8200000000000216,-0.022324820291040992,0.0,-0.022324820291040992,16.0,-0.04541877459246779,-8.080000000000013,0.0230939543014268,7290
22,-0.8999999999999981,2.3000000000000043,43,1,-3.8200000000000216,-0.022324820291040992,0.0,-0.022324820291040992,16.0,-0.04541877459246779,-8.080000000000013,0.0230939543014268,7291
22,-0.8999999999999981,2.400000000000005,43,1,-3.8200000000000216,-0.022324820291040992,0.0,-0.022324820291040992,16.0,-0.04541877459246779,-8.080000000000013,0.0230939543014268,7292
22,-0.8999999999999981,2.5000000000000053,43,1,-3.8200000000000216,-0.022324820291040992,0.0,-0.022324820291040992,16.0,-0.04541877459246779,-8.080000000000013,0.0230939543014268,7293
22,-0.8999999999999981,2.600000000000005,43,1,-3.8200000000000216,-0.022324820291040992,0.0,-0.022324820291040992,16.0,-0.04541877459246779,-8.080000000000013,0.0230939543014268,7294
22,-0.8999999999999981,2.7000000000000046,43,1,-3.8200000000000216,-0.022324820291040992,0.0,-0.022324820291040992,16.0,-0.04541877459246779,-8.080000000000013,0.0230939543014268,7295
22,-0.8999999999999981,2.800000000000005,43,1,-3.8200000000000216,-0.022324820291040992,0.0,-0.022324820291040992,16.0,-0.04541877459246779,-8.080000000000013,0.0230939543014268,7296
22,-0.8999999999999981,2.9000000000000057,43,1,-3.8200000000000216,-0.022324820291040992,0.0,-0.022324820291040992,16.0,-0.04541877459246779,-8.080000000000013,0.0230939543014268,7297
22,-0.799999999999998,1.600000000000004,43,1,-3.8200000000000216,-0.022324820291040992,0.0,-0.022324820291040992,16.0,-0.04541877459246779,-8.080000000000013,0.0230939543014268,7298
22,-0.799999999999998,1.7000000000000046,43,1,-3.8200000000000216,-0.022324820291040992,0.0,-0.022324820291040992,16.0,-0.04541877459246779,-8.080000000000013,0.0230939543014268,7299
22,-0.799999999999998,1.8000000000000043,43,1,-3.8200000000000216,-0.022324820291040992,0.0,-0.022324820291040992,16.0,-0.04541877459246779,-8.080000000000013,0.0230939543014268,7300
22,-0.799999999999998,1.900000000000004,43,1,-3.8200000000000216,-0.022324820291040992,0.0,-0.022324820291040992,16.0,-0.04541877459246779,-8.080000000000013,0.0230939543014268,7301
22,-0.799999999999998,2.0000000000000044,43,1,-3.8200000000000216,-0.022324820291040992,0.0,-0.022324820291040992,16.0,-0.04541877459246779,-8.080000000000013,0.0230939543014268,7302
22,-0.799999999999998,2.100000000000005,43,1,-3.8200000000000216,-0.022324820291040992,0.0,-0.022324820291040992,16.0,-0.04541877459246779,-8.080000000000013,0.0230939543014268,7303
22,-0.799999999999998,2.2000000000000046,43,1,-3.8200000000000216,-0.022324820291040992,0.0,-0.022324820291040992,16.0,-0.04541877459246779,-8.080000000000013,0.0230939543014268,7304
22,-0.799999999999998,2.3000000000000043,43,1,-3.8200000000000216,-0.022324820291040992,0.0,-0.022324820291040992,16.0,-0.04541877459246779,-8.080000000000013,0.0230939543014268,7305
22,-0.799999999999998,2.400000000000005,43,1,-3.8200000000000216,-0.022324820291040992,0.0,-0.022324820291040992,16.0,-0.04541877459246779,-8.080000000000013,0.0230939543014268,7306
22,-0.799999999999998,2.5000000000000053,43,1,-3.8200000000000216,-0.022324820291040992,0.0,-0.022324820291040992,16.0,-0.04541877459246779,-8.080000000000013,0.0230939543014268,7307
22,-0.799999999999998,2.600000000000005,43,1,-3.8200000000000216,-0.022324820291040992,0.0,-0.022324820291040992,16.0,-0.04541877459246779,-8.080000000000013,0.0230939543014268,7308
22,-0.799999999999998,2.7000000000000046,43,1,-3.8200000000000216,-0.022324820291040992,0.0,-0.022324820291040992,16.0,-0.04541877459246779,-8.080000000000013,0.0230939543014268,7309
22,-0.799999999999998,2.800000000000005,43,1,-3.8200000000000216,-0.022324820291040992,0.0,-0.022324820291040992,16.0,-0.04541877459246779,-8.080000000000013,0.0230939543014268,7310
22,-0.799999999999998,2.9000000000000057,43,1,-3.8200000000000216,-0.022324820291040992,0.0,-0.022324820291040992,16.0,-0.04541877459246779,-8.080000000000013,0.0230939543014268,7311
22,-0.699999999999998,1.600000000000004,43,1,-3.8200000000000216,-0.022324820291040992,0.0,-0.022324820291040992,16.0,-0.04541877459246779,-8.080000000000013,0.0230939543014268,7312
22,-0.699999999999998,1.7000000000000046,43,1,-3.8200000000000216,-0.022324820291040992,0.0,-0.022324820291040992,16.0,-0.04541877459246779,-8.080000000000013,0.0230939543014268,7313
22,-0.699999999999998,1.8000000000000043,43,1,-3.8200000000000216,-0.022324820291040992,0.0,-0.022324820291040992,16.0,-0.04541877459246779,-8.080000000000013,0.0230939543014268,7314
22,-0.699999999999998,1.900000000000004,43,1,-3.8200000000000216,-0.022324820291040992,0.0,-0.022324820291040992,16.0,-0.04541877459246779,-8.080000000000013,0.0230939543014268,7315
22,-0.699999999999998,2.0000000000000044,43,1,-3.8200000000000216,-0.022324820291040992,0.0,-0.022324820291040992,16.0,-0.04541877459246779,-8.080000000000013,0.0230939543014268,7316
22,-0.699999999999998,2.100000000000005,43,1,-3.8200000000000216,-0.022324820291040992,0.0,-0.022324820291040992,16.0,-0.04541877459246779,-8.080000000000013,0.0230939543014268,7317
22,-0.699999999999998,2.2000000000000046,43,1,-3.8200000000000216,-0.022324820291040992,0.0,-0.022324820291040992,16.0,-0.04541877459246779,-8.080000000000013,0.0230939543014268,7318
22,-0.699999999999998,2.3000000000000043,43,1,-3.8200000000000216,-0.022324820291040992,0.0,-0.022324820291040992,16.0,-0.04541877459246779,-8.080000000000013,0.0230939543014268,7319
22,-0.699999999999998,2.400000000000005,43,1,-3.8200000000000216,-0.022324820291040992,0.0,-0.022324820291040992,16.0,-0.04541877459246779,-8.080000000000013,0.0230939543014268,7320
22,-0.699999999999998,2.5000000000000053,43,1,-3.8200000000000216,-0.022324820291040992,0.0,-0.022324820291040992,16.0,-0.04541877459246779,-8.080000000000013,0.0230939543014268,7321
22,-0.699999999999998,2.600000000000005,43,1,-3.8200000000000216,-0.022324820291040992,0.0,-0.022324820291040992,16.0,-0.04541877459246779,-8.080000000000013,0.0230939543014268,7322
22,-0.699999999999998,2.7000000000000046,43,1,-3.8200000000000216,-0.022324820291040992,0.0,-0.022324820291040992,16.0,-0.04541877459246779,-8.080000000000013,0.0230939543014268,7323
22,-0.699999999999998,2.800000000000005,43,1,-3.8200000000000216,-0.022324820291040992,0.0,-0.022324820291040992,16.0,-0.04541877459246779,-8.080000000000013,0.0230939543014268,7324
22,-0.699999999999998,2.9000000000000057,43,1,-3.8200000000000216,-0.022324820291040992,0.0,-0.022324820291040992,16.0,-0.04541877459246779,-8.080000000000013,0.0230939543014268,7325
10,0.30000000000000293,1.900000000000004,55,1,-3.8200000000000216,-0.022324820291040992,0.0,-0.022324820291040992,16.0,-0.007654999123473449,-1.3100000000000023,-0.014669821167567543,7326
10,0.30000000000000293,2.0000000000000044,55,1,-3.8200000000000216,-0.022324820291040992,0.0,-0.022324820291040992,16.0,-0.007654999123473449,-1.3100000000000023,-0.014669821167567543,7327
10,0.30000000000000293,2.100000000000005,55,1,-3.8200000000000216,-0.022324820291040992,0.0,-0.022324820291040992,16.0,-0.007654999123473449,-1.3100000000000023,-0.014669821167567543,7328
10,0.30000000000000293,2.2000000000000046,55,1,-3.8200000000000216,-0.022324820291040992,0.0,-0.022324820291040992,16.0,-0.007654999123473449,-1.3100000000000023,-0.014669821167567543,7329
10,0.30000000000000293,2.3000000000000043,55,1,-3.8200000000000216,-0.022324820291040992,0.0,-0.022324820291040992,16.0,-0.007654999123473449,-1.3100000000000023,-0.014669821167567543,7330
10,0.400000000000003,1.900000000000004,55,1,-3.8200000000000216,-0.022324820291040992,0.0,-0.022324820291040992,16.0,-0.007654999123473449,-1.3100000000000023,-0.014669821167567543,7331
10,0.400000000000003,2.0000000000000044,55,1,-3.8200000000000216,-0.022324820291040992,0.0,-0.022324820291040992,16.0,-0.007654999123473449,-1.3100000000000023,-0.014669821167567543,7332
10,0.400000000000003,2.100000000000005,55,1,-3.8200000000000216,-0.022324820291040992,0.0,-0.022324820291040992,16.0,-0.007654999123473449,-1.3100000000000023,-0.014669821167567543,7333
10,0.400000000000003,2.2000000000000046,55,1,-3.8200000000000216,-0.022324820291040992,0.0,-0.022324820291040992,16.0,-0.007654999123473449,-1.3100000000000023,-0.014669821167567543,7334
10,0.400000000000003,2.3000000000000043,55,1,-3.8200000000000216,-0.022324820291040992,0.0,-0.022324820291040992,16.0,-0.007654999123473449,-1.3100000000000023,-0.014669821167567543,7335
10,0.5000000000000031,1.900000000000004,55,1,-3.8200000000000216,-0.022324820291040992,0.0,-0.022324820291040992,16.0,-0.007654999123473449,-1.3100000000000023,-0.014669821167567543,7336
10,0.5000000000000031,2.0000000000000044,55,1,-3.8200000000000216,-0.022324820291040992,0.0,-0.022324820291040992,16.0,-0.007654999123473449,-1.3100000000000023,-0.014669821167567543,7337
10,0.5000000000000031,2.100000000000005,55,1,-3.8200000000000216,-0.022324820291040992,0.0,-0.022324820291040992,16.0,-0.007654999123473449,-1.3100000000000023,-0.014669821167567543,7338
10,0.5000000000000031,2.2000000000000046,55,1,-3.8200000000000216,-0.022324820291040992,0.0,-0.022324820291040992,16.0,-0.007654999123473449,-1.3100000000000023,-0.014669821167567543,7339
10,0.5000000000000031,2.3000000000000043,55,1,-3.8200000000000216,-0.022324820291040992,0.0,-0.022324820291040992,16.0,-0.007654999123473449,-1.3100000000000023,-0.014669821167567543,7340
10,0.6000000000000032,1.900000000000004,55,1,-3.8200000000000216,-0.022324820291040992,0.0,-0.022324820291040992,16.0,-0.007654999123473449,-1.3100000000000023,-0.014669821167567543,7341
10,0.6000000000000032,2.0000000000000044,55,1,-3.8200000000000216,-0.022324820291040992,0.0,-0.022324820291040992,16.0,-0.007654999123473449,-1.3100000000000023,-0.014669821167567543,7342
10,0.6000000000000032,2.100000000000005,55,1,-3.8200000000000216,-0.022324820291040992,0.0,-0.022324820291040992,16.0,-0.007654999123473449,-1.3100000000000023,-0.014669821167567543,7343
10,0.6000000000000032,2.2000000000000046,55,1,-3.8200000000000216,-0.022324820291040992,0.0,-0.022324820291040992,16.0,-0.007654999123473449,-1.3100000000000023,-0.014669821167567543,7344
10,0.6000000000000032,2.3000000000000043,55,1,-3.8200000000000216,-0.022324820291040992,0.0,-0.022324820291040992,16.0,-0.007654999123473449,-1.3100000000000023,-0.014669821167567543,7345
10,0.7000000000000033,1.900000000000004,55,1,-3.8200000000000216,-0.022324820291040992,0.0,-0.022324820291040992,16.0,-0.007654999123473449,-1.3100000000000023,-0.014669821167567543,7346
10,0.7000000000000033,2.0000000000000044,55,1,-3.8200000000000216,-0.022324820291040992,0.0,-0.022324820291040992,16.0,-0.007654999123473449,-1.3100000000000023,-0.014669821167567543,7347
10,0.7000000000000033,2.100000000000005,55,1,-3.8200000000000216,-0.022324820291040992,0.0,-0.022324820291040992,16.0,-0.007654999123473449,-1.3100000000000023,-0.014669821167567543,7348
10,0.7000000000000033,2.2000000000000046,55,1,-3.8200000000000216,-0.022324820291040992,0.0,-0.022324820291040992,16.0,-0.007654999123473449,-1.3100000000000023,-0.014669821167567543,7349
10,0.7000000000000033,2.3000000000000043,55,1,-3.8200000000000216,-0.022324820291040992,0.0,-0.022324820291040992,16.0,-0.007654999123473449,-1.3100000000000023,-0.014669821167567543,7350
10,0.8000000000000034,1.900000000000004,55,1,-3.8200000000000216,-0.022324820291040992,0.0,-0.022324820291040992,16.0,-0.007654999123473449,-1.3100000000000023,-0.014669821167567543,7351
10,0.8000000000000034,2.0000000000000044,55,1,-3.8200000000000216,-0.022324820291040992,0.0,-0.022324820291040992,16.0,-0.007654999123473449,-1.3100000000000023,-0.014669821167567543,7352
10,0.8000000000000034,2.100000000000005,55,1,-3.8200000000000216,-0.022324820291040992,0.0,-0.022324820291040992,16.0,-0.007654999123473449,-1.3100000000000023,-0.014669821167567543,7353
10,0.8000000000000034,2.2000000000000046,55,1,-3.8200000000000216,-0.022324820291040992,0.0,-0.022324820291040992,16.0,-0.007654999123473449,-1.3100000000000023,-0.014669821167567543,7354
10,0.8000000000000034,2.3000000000000043,55,1,-3.8200000000000216,-0.022324820291040992,0.0,-0.022324820291040992,16.0,-0.007654999123473449,-1.3100000000000023,-0.014669821167567543,7355
10,0.9000000000000035,1.900000000000004,55,1,-3.8200000000000216,-0.022324820291040992,0.0,-0.022324820291040992,16.0,-0.007654999123473449,-1.3100000000000023,-0.014669821167567543,7356
10,0.9000000000000035,2.0000000000000044,55,1,-3.8200000000000216,-0.022324820291040992,0.0,-0.022324820291040992,16.0,-0.007654999123473449,-1.3100000000000023,-0.014669821167567543,7357
10,0.9000000000000035,2.100000000000005,55,1,-3.8200000000000216,-0.022324820291040992,0.0,-0.022324820291040992,16.0,-0.007654999123473449,-1.3100000000000023,-0.014669821167567543,7358
10,0.9000000000000035,2.2000000000000046,55,1,-3.8200000000000216,-0.022324820291040992,0.0,-0.022324820291040992,16.0,-0.007654999123473449,-1.3100000000000023,-0.014669821167567543,7359
10,0.9000000000000035,2.3000000000000043,55,1,-3.8200000000000216,-0.022324820291040992,0.0,-0.022324820291040992,16.0,-0.007654999123473449,-1.3100000000000023,-0.014669821167567543,7360
10,1.0000000000000036,1.900000000000004,55,1,-3.8200000000000216,-0.022324820291040992,0.0,-0.022324820291040992,16.0,-0.007654999123473449,-1.3100000000000023,-0.014669821167567543,7361
10,1.0000000000000036,2.0000000000000044,55,1,-3.8200000000000216,-0.022324820291040992,0.0,-0.022324820291040992,16.0,-0.007654999123473449,-1.3100000000000023,-0.014669821167567543,7362
10,1.0000000000000036,2.100000000000005,55,1,-3.8200000000000216,-0.022324820291040992,0.0,-0.022324820291040992,16.0,-0.007654999123473449,-1.3100000000000023,-0.014669821167567543,7363
10,1.0000000000000036,2.2000000000000046,55,1,-3.8200000000000216,-0.022324820291040992,0.0,-0.022324820291040992,16.0,-0.007654999123473449,-1.3100000000000023,-0.014669821167567543,7364
10,1.0000000000000036,2.3000000000000043,55,1,-3.8200000000000216,-0.022324820291040992,0.0,-0.022324820291040992,16.0,-0.007654999123473449,-1.3100000000000023,-0.014669821167567543,7365
10,1.1000000000000032,1.900000000000004,55,1,-3.8200000000000216,-0.022324820291040992,0.0,-0.022324820291040992,16.0,-0.007654999123473449,-1.3100000000000023,-0.014669821167567543,7366
10,1.1000000000000032,2.0000000000000044,55,1,-3.8200000000000216,-0.022324820291040992,0.0,-0.022324820291040992,16.0,-0.007654999123473449,-1.3100000000000023,-0.014669821167567543,7367
10,1.1000000000000032,2.100000000000005,55,1,-3.8200000000000216,-0.022324820291040992,0.0,-0.022324820291040992,16.0,-0.007654999123473449,-1.3100000000000023,-0.014669821167567543,7368
10,1.1000000000000032,2.2000000000000046,55,1,-3.8200000000000216,-0.022324820291040992,0.0,-0.022324820291040992,16.0,-0.007654999123473449,-1.3100000000000023,-0.014669821167567543,7369
10,1.1000000000000032,2.3000000000000043,55,1,-3.8200000000000216,-0.022324820291040992,0.0,-0.022324820291040992,16.0,-0.007654999123473449,-1.3100000000000023,-0.014669821167567543,7370
10,1.2000000000000037,1.900000000000004,55,1,-3.8200000000000216,-0.022324820291040992,0.0,-0.022324820291040992,16.0,-0.007654999123473449,-1.3100000000000023,-0.014669821167567543,7371
10,1.2000000000000037,2.0000000000000044,55,1,-3.8200000000000216,-0.022324820291040992,0.0,-0.022324820291040992,16.0,-0.007654999123473449,-1.3100000000000023,-0.014669821167567543,7372
10,1.2000000000000037,2.100000000000005,55,1,-3.8200000000000216,-0.022324820291040992,0.0,-0.022324820291040992,16.0,-0.007654999123473449,-1.3100000000000023,-0.014669821167567543,7373
10,1.2000000000000037,2.2000000000000046,55,1,-3.8200000000000216,-0.022324820291040992,0.0,-0.022324820291040992,16.0,-0.007654999123473449,-1.3100000000000023,-0.014669821167567543,7374
10,1.2000000000000037,2.3000000000000043,55,1,-3.8200000000000216,-0.022324820291040992,0.0,-0.022324820291040992,16.0,-0.007654999123473449,-1.3100000000000023,-0.014669821167567543,7375
10,1.3000000000000043,1.900000000000004,55,1,-3.8200000000000216,-0.022324820291040992,0.0,-0.022324820291040992,16.0,-0.007654999123473449,-1.3100000000000023,-0.014669821167567543,7376
10,1.3000000000000043,2.0000000000000044,55,1,-3.8200000000000216,-0.022324820291040992,0.0,-0.022324820291040992,16.0,-0.007654999123473449,-1.3100000000000023,-0.014669821167567543,7377
10,1.3000000000000043,2.100000000000005,55,1,-3.8200000000000216,-0.022324820291040992,0.0,-0.022324820291040992,16.0,-0.007654999123473449,-1.3100000000000023,-0.014669821167567543,7378
10,1.3000000000000043,2.2000000000000046,55,1,-3.8200000000000216,-0.022324820291040992,0.0,-0.022324820291040992,16.0,-0.007654999123473449,-1.3100000000000023,-0.014669821167567543,7379
10,1.3000000000000043,2.3000000000000043,55,1,-3.8200000000000216,-0.022324820291040992,0.0,-0.022324820291040992,16.0,-0.007654999123473449,-1.3100000000000023,-0.014669821167567543,7380
10,1.400000000000004,1.900000000000004,55,1,-3.8200000000000216,-0.022324820291040992,0.0,-0.022324820291040992,16.0,-0.007654999123473449,-1.3100000000000023,-0.014669821167567543,7381
10,1.400000000000004,2.0000000000000044,55,1,-3.8200000000000216,-0.022324820291040992,0.0,-0.022324820291040992,16.0,-0.007654999123473449,-1.3100000000000023,-0.014669821167567543,7382
10,1.400000000000004,2.100000000000005,55,1,-3.8200000000000216,-0.022324820291040992,0.0,-0.022324820291040992,16.0,-0.007654999123473449,-1.3100000000000023,-0.014669821167567543,7383
10,1.400000000000004,2.2000000000000046,55,1,-3.8200000000000216,-0.022324820291040992,0.0,-0.022324820291040992,16.0,-0.007654999123473449,-1.3100000000000023,-0.014669821167567543,7384
10,1.400000000000004,2.3000000000000043,55,1,-3.8200000000000216,-0.022324820291040992,0.0,-0.022324820291040992,16.0,-0.007654999123473449,-1.3100000000000023,-0.014669821167567543,7385
10,1.5000000000000036,1.900000000000004,55,1,-3.8200000000000216,-0.022324820291040992,0.0,-0.022324820291040992,16.0,-0.007654999123473449,-1.3100000000000023,-0.014669821167567543,7386
10,1.5000000000000036,2.0000000000000044,55,1,-3.8200000000000216,-0.022324820291040992,0.0,-0.022324820291040992,16.0,-0.007654999123473449,-1.3100000000000023,-0.014669821167567543,7387
10,1.5000000000000036,2.100000000000005,55,1,-3.8200000000000216,-0.022324820291040992,0.0,-0.022324820291040992,16.0,-0.007654999123473449,-1.3100000000000023,-0.014669821167567543,7388
10,1.5000000000000036,2.2000000000000046,55,1,-3.8200000000000216,-0.022324820291040992,0.0,-0.022324820291040992,16.0,-0.007654999123473449,-1.3100000000000023,-0.014669821167567543,7389
10,1.5000000000000036,2.3000000000000043,55,1,-3.8200000000000216,-0.022324820291040992,0.0,-0.022324820291040992,16.0,-0.007654999123473449,-1.3100000000000023,-0.014669821167567543,7390
22,-3.0,1.0000000000000036,43,6,-3.869999999999976,-0.022366738896615113,0.16666666666666666,-0.003740032551176257,1.3333333333333333,-0.04541877459246779,-8.080000000000013,0.02305203569585268,7391
22,-3.0,1.1000000000000032,43,6,-3.869999999999976,-0.022366738896615113,0.16666666666666666,-0.003740032551176257,1.3333333333333333,-0.04541877459246779,-8.080000000000013,0.02305203569585268,7392
22,-3.0,1.2000000000000037,43,6,-3.869999999999976,-0.022366738896615113,0.16666666666666666,-0.003740032551176257,1.3333333333333333,-0.04541877459246779,-8.080000000000013,0.02305203569585268,7393
10,0.20000000000000284,0.400000000000003,55,4,-3.7700000000000102,-0.022369741694029832,0.75,-0.005218894334575563,8.25,-0.007654999123473449,-1.3100000000000023,-0.014714742570556383,7394
10,0.20000000000000284,0.5000000000000031,55,4,-3.7700000000000102,-0.022369741694029832,0.75,-0.005218894334575563,8.25,-0.007654999123473449,-1.3100000000000023,-0.014714742570556383,7395
10,-0.5999999999999979,-1.3999999999999986,55,13,-3.7799999999999727,-0.02248513141213615,0.6923076923076923,-0.0016285687106998635,2.923076923076923,-0.007654999123473449,-1.3100000000000023,-0.0148301322886627,7396
10,-0.5999999999999979,-1.2999999999999985,55,13,-3.7799999999999727,-0.02248513141213615,0.6923076923076923,-0.0016285687106998635,2.923076923076923,-0.007654999123473449,-1.3100000000000023,-0.0148301322886627,7397
22,0.10000000000000275,-0.3999999999999977,43,3,-3.900000000000034,-0.02250186831897727,0.6666666666666666,-0.007328698950124631,12.666666666666666,-0.04541877459246779,-8.080000000000013,0.022916906273490523,7398
22,0.20000000000000284,-0.3999999999999977,43,3,-3.900000000000034,-0.02250186831897727,0.6666666666666666,-0.007328698950124631,12.666666666666666,-0.04541877459246779,-8.080000000000013,0.022916906273490523,7399
22,0.30000000000000293,-0.3999999999999977,43,3,-3.900000000000034,-0.02250186831897727,0.6666666666666666,-0.007328698950124631,12.666666666666666,-0.04541877459246779,-8.080000000000013,0.022916906273490523,7400
22,0.400000000000003,-0.2999999999999976,43,2,-3.9700000000000273,-0.022529074831120433,0.5,-0.011206625813719728,19.0,-0.04541877459246779,-8.080000000000013,0.02288969976134736,7401
22,0.5000000000000031,-0.2999999999999976,43,2,-3.9700000000000273,-0.022529074831120433,0.5,-0.011206625813719728,19.0,-0.04541877459246779,-8.080000000000013,0.02288969976134736,7402
5,-1.1999999999999984,-0.5999999999999979,60,13,-3.870000000000033,-0.022536347496482367,0.6153846153846154,-0.0016426195717272629,2.1538461538461537,-0.0014112666117841455,-0.2400000000000091,-0.021125080884698222,7403
5,-1.1999999999999984,-0.4999999999999978,60,13,-3.870000000000033,-0.022536347496482367,0.6153846153846154,-0.0016426195717272629,2.1538461538461537,-0.0014112666117841455,-0.2400000000000091,-0.021125080884698222,7404
10,-3.0,-0.2999999999999976,55,15,-3.890000000000043,-0.02254465702038766,0.4666666666666667,-0.0014648700449210257,1.2666666666666666,-0.007654999123473449,-1.3100000000000023,-0.01488965789691421,7405
10,-2.9,-0.2999999999999976,55,15,-3.890000000000043,-0.02254465702038766,0.4666666666666667,-0.0014648700449210257,1.2666666666666666,-0.007654999123473449,-1.3100000000000023,-0.01488965789691421,7406
10,-2.8,-0.2999999999999976,55,15,-3.890000000000043,-0.02254465702038766,0.4666666666666667,-0.0014648700449210257,1.2666666666666666,-0.007654999123473449,-1.3100000000000023,-0.01488965789691421,7407
10,-2.6999999999999997,-0.2999999999999976,55,15,-3.890000000000043,-0.02254465702038766,0.4666666666666667,-0.0014648700449210257,1.2666666666666666,-0.007654999123473449,-1.3100000000000023,-0.01488965789691421,7408
10,-2.5999999999999996,-0.2999999999999976,55,15,-3.890000000000043,-0.02254465702038766,0.4666666666666667,-0.0014648700449210257,1.2666666666666666,-0.007654999123473449,-1.3100000000000023,-0.01488965789691421,7409
10,-2.4999999999999996,-0.2999999999999976,55,15,-3.890000000000043,-0.02254465702038766,0.4666666666666667,-0.0014648700449210257,1.2666666666666666,-0.007654999123473449,-1.3100000000000023,-0.01488965789691421,7410
5,-0.1999999999999975,-0.9999999999999982,60,12,-3.870000000000033,-0.022546958887306068,0.75,-0.0016988482661011068,3.4166666666666665,-0.0014112666117841455,-0.2400000000000091,-0.021135692275521922,7411
5,-0.09999999999999742,-0.9999999999999982,60,12,-3.870000000000033,-0.022546958887306068,0.75,-0.0016988482661011068,3.4166666666666665,-0.0014112666117841455,-0.2400000000000091,-0.021135692275521922,7412
5,2.6645352591003757e-15,-0.9999999999999982,60,12,-3.870000000000033,-0.022546958887306068,0.75,-0.0016988482661011068,3.4166666666666665,-0.0014112666117841455,-0.2400000000000091,-0.021135692275521922,7413
22,-1.899999999999999,-0.699999999999998,43,14,-3.8100000000000023,-0.022574706965240554,0.5714285714285714,-0.001537793326950714,2.142857142857143,-0.04541877459246779,-8.080000000000013,0.022844067627227238,7414
22,-1.899999999999999,-0.5999999999999979,43,14,-3.8100000000000023,-0.022574706965240554,0.5714285714285714,-0.001537793326950714,2.142857142857143,-0.04541877459246779,-8.080000000000013,0.022844067627227238,7415
22,-1.799999999999999,-0.699999999999998,43,14,-3.8100000000000023,-0.022574706965240554,0.5714285714285714,-0.001537793326950714,2.142857142857143,-0.04541877459246779,-8.080000000000013,0.022844067627227238,7416
22,-1.799999999999999,-0.5999999999999979,43,14,-3.8100000000000023,-0.022574706965240554,0.5714285714285714,-0.001537793326950714,2.142857142857143,-0.04541877459246779,-8.080000000000013,0.022844067627227238,7417
22,-1.6999999999999988,-0.699999999999998,43,14,-3.8100000000000023,-0.022574706965240554,0.5714285714285714,-0.001537793326950714,2.142857142857143,-0.04541877459246779,-8.080000000000013,0.022844067627227238,7418
22,-1.6999999999999988,-0.5999999999999979,43,14,-3.8100000000000023,-0.022574706965240554,0.5714285714285714,-0.001537793326950714,2.142857142857143,-0.04541877459246779,-8.080000000000013,0.022844067627227238,7419
10,-3.0,1.8000000000000043,55,3,-3.900000000000034,-0.022575742882964822,0.3333333333333333,-0.007423509297488288,1.6666666666666667,-0.007654999123473449,-1.3100000000000023,-0.014920743759491373,7420
10,-2.9,1.8000000000000043,55,3,-3.900000000000034,-0.022575742882964822,0.3333333333333333,-0.007423509297488288,1.6666666666666667,-0.007654999123473449,-1.3100000000000023,-0.014920743759491373,7421
10,-2.8,1.8000000000000043,55,3,-3.900000000000034,-0.022575742882964822,0.3333333333333333,-0.007423509297488288,1.6666666666666667,-0.007654999123473449,-1.3100000000000023,-0.014920743759491373,7422
10,-2.6999999999999997,1.8000000000000043,55,3,-3.900000000000034,-0.022575742882964822,0.3333333333333333,-0.007423509297488288,1.6666666666666667,-0.007654999123473449,-1.3100000000000023,-0.014920743759491373,7423
10,-2.5999999999999996,1.8000000000000043,55,3,-3.900000000000034,-0.022575742882964822,0.3333333333333333,-0.007423509297488288,1.6666666666666667,-0.007654999123473449,-1.3100000000000023,-0.014920743759491373,7424
10,-2.4999999999999996,1.8000000000000043,55,3,-3.900000000000034,-0.022575742882964822,0.3333333333333333,-0.007423509297488288,1.6666666666666667,-0.007654999123473449,-1.3100000000000023,-0.014920743759491373,7425
10,-0.09999999999999742,-1.0999999999999983,55,8,-3.769999999999982,-0.022619578931176387,0.75,-0.002647953737472869,5.0,-0.007654999123473449,-1.3100000000000023,-0.014964579807702938,7426
10,2.6645352591003757e-15,-1.0999999999999983,55,8,-3.769999999999982,-0.022619578931176387,0.75,-0.002647953737472869,5.0,-0.007654999123473449,-1.3100000000000023,-0.014964579807702938,7427
10,0.10000000000000275,-1.0999999999999983,55,8,-3.769999999999982,-0.022619578931176387,0.75,-0.002647953737472869,5.0,-0.007654999123473449,-1.3100000000000023,-0.014964579807702938,7428
22,-2.9,-0.4999999999999978,43,14,-3.870000000000033,-0.02265621068815915,0.5,-0.0015593711533455426,2.0,-0.04541877459246779,-8.080000000000013,0.02276256390430864,7429
22,-2.8,-0.4999999999999978,43,14,-3.870000000000033,-0.02265621068815915,0.5,-0.0015593711533455426,2.0,-0.04541877459246779,-8.080000000000013,0.02276256390430864,7430
22,-2.6999999999999997,-0.4999999999999978,43,14,-3.870000000000033,-0.02265621068815915,0.5,-0.0015593711533455426,2.0,-0.04541877459246779,-8.080000000000013,0.02276256390430864,7431
22,-2.5999999999999996,-0.4999999999999978,43,14,-3.870000000000033,-0.02265621068815915,0.5,-0.0015593711533455426,2.0,-0.04541877459246779,-8.080000000000013,0.02276256390430864,7432
22,-2.4999999999999996,-0.4999999999999978,43,14,-3.870000000000033,-0.02265621068815915,0.5,-0.0015593711533455426,2.0,-0.04541877459246779,-8.080000000000013,0.02276256390430864,7433
22,-2.3999999999999995,-0.4999999999999978,43,14,-3.870000000000033,-0.02265621068815915,0.5,-0.0015593711533455426,2.0,-0.04541877459246779,-8.080000000000013,0.02276256390430864,7434
22,-2.2999999999999994,-0.4999999999999978,43,14,-3.870000000000033,-0.02265621068815915,0.5,-0.0015593711533455426,2.0,-0.04541877459246779,-8.080000000000013,0.02276256390430864,7435
22,-2.1999999999999993,-0.4999999999999978,43,14,-3.870000000000033,-0.02265621068815915,0.5,-0.0015593711533455426,2.0,-0.04541877459246779,-8.080000000000013,0.02276256390430864,7436
22,-2.099999999999999,-0.4999999999999978,43,14,-3.870000000000033,-0.02265621068815915,0.5,-0.0015593711533455426,2.0,-0.04541877459246779,-8.080000000000013,0.02276256390430864,7437
22,-1.0999999999999983,-0.4999999999999978,43,10,-3.880000000000024,-0.022677765057630306,0.5,-0.0021727046122027027,3.4,-0.04541877459246779,-8.080000000000013,0.022741009534837486,7438
22,-0.9999999999999982,-0.4999999999999978,43,10,-3.880000000000024,-0.022677765057630306,0.5,-0.0021727046122027027,3.4,-0.04541877459246779,-8.080000000000013,0.022741009534837486,7439
5,-1.5999999999999988,-0.4999999999999978,60,15,-3.789999999999992,-0.022741838154505367,0.5333333333333333,-0.0014760928670088638,1.4,-0.0014112666117841455,-0.2400000000000091,-0.02133057154272122,7440
5,-1.4999999999999987,-0.4999999999999978,60,15,-3.789999999999992,-0.022741838154505367,0.5333333333333333,-0.0014760928670088638,1.4,-0.0014112666117841455,-0.2400000000000091,-0.02133057154272122,7441
5,-1.3999999999999986,-0.4999999999999978,60,15,-3.789999999999992,-0.022741838154505367,0.5333333333333333,-0.0014760928670088638,1.4,-0.0014112666117841455,-0.2400000000000091,-0.02133057154272122,7442
22,0.400000000000003,-3.0,43,10,-3.900000000000034,-0.022745402889784327,0.5,-0.0022469556182967755,4.6,-0.04541877459246779,-8.080000000000013,0.022673371702683465,7443
22,0.400000000000003,-2.9,43,10,-3.900000000000034,-0.022745402889784327,0.5,-0.0022469556182967755,4.6,-0.04541877459246779,-8.080000000000013,0.022673371702683465,7444
22,0.400000000000003,-2.8,43,10,-3.900000000000034,-0.022745402889784327,0.5,-0.0022469556182967755,4.6,-0.04541877459246779,-8.080000000000013,0.022673371702683465,7445
22,0.400000000000003,-2.6999999999999997,43,10,-3.900000000000034,-0.022745402889784327,0.5,-0.0022469556182967755,4.6,-0.04541877459246779,-8.080000000000013,0.022673371702683465,7446
22,0.400000000000003,-2.5999999999999996,43,10,-3.900000000000034,-0.022745402889784327,0.5,-0.0022469556182967755,4.6,-0.04541877459246779,-8.080000000000013,0.022673371702683465,7447
22,0.400000000000003,-2.4999999999999996,43,10,-3.900000000000034,-0.022745402889784327,0.5,-0.0022469556182967755,4.6,-0.04541877459246779,-8.080000000000013,0.022673371702683465,7448
22,0.400000000000003,-2.3999999999999995,43,10,-3.900000000000034,-0.022745402889784327,0.5,-0.0022469556182967755,4.6,-0.04541877459246779,-8.080000000000013,0.022673371702683465,7449
22,0.400000000000003,-2.2999999999999994,43,10,-3.900000000000034,-0.022745402889784327,0.5,-0.0022469556182967755,4.6,-0.04541877459246779,-8.080000000000013,0.022673371702683465,7450
22,0.400000000000003,-2.1999999999999993,43,10,-3.900000000000034,-0.022745402889784327,0.5,-0.0022469556182967755,4.6,-0.04541877459246779,-8.080000000000013,0.022673371702683465,7451
22,0.400000000000003,-2.099999999999999,43,10,-3.900000000000034,-0.022745402889784327,0.5,-0.0022469556182967755,4.6,-0.04541877459246779,-8.080000000000013,0.022673371702683465,7452
22,0.400000000000003,-1.9999999999999991,43,10,-3.900000000000034,-0.022745402889784327,0.5,-0.0022469556182967755,4.6,-0.04541877459246779,-8.080000000000013,0.022673371702683465,7453
22,0.400000000000003,-1.899999999999999,43,10,-3.900000000000034,-0.022745402889784327,0.5,-0.0022469556182967755,4.6,-0.04541877459246779,-8.080000000000013,0.022673371702683465,7454
22,0.400000000000003,-1.799999999999999,43,10,-3.900000000000034,-0.022745402889784327,0.5,-0.0022469556182967755,4.6,-0.04541877459246779,-8.080000000000013,0.022673371702683465,7455
22,0.400000000000003,-1.6999999999999988,43,10,-3.900000000000034,-0.022745402889784327,0.5,-0.0022469556182967755,4.6,-0.04541877459246779,-8.080000000000013,0.022673371702683465,7456
22,0.400000000000003,-1.5999999999999988,43,10,-3.900000000000034,-0.022745402889784327,0.5,-0.0022469556182967755,4.6,-0.04541877459246779,-8.080000000000013,0.022673371702683465,7457
22,0.5000000000000031,-3.0,43,10,-3.900000000000034,-0.022745402889784327,0.5,-0.0022469556182967755,4.6,-0.04541877459246779,-8.080000000000013,0.022673371702683465,7458
22,0.5000000000000031,-2.9,43,10,-3.900000000000034,-0.022745402889784327,0.5,-0.0022469556182967755,4.6,-0.04541877459246779,-8.080000000000013,0.022673371702683465,7459
22,0.5000000000000031,-2.8,43,10,-3.900000000000034,-0.022745402889784327,0.5,-0.0022469556182967755,4.6,-0.04541877459246779,-8.080000000000013,0.022673371702683465,7460
22,0.5000000000000031,-2.6999999999999997,43,10,-3.900000000000034,-0.022745402889784327,0.5,-0.0022469556182967755,4.6,-0.04541877459246779,-8.080000000000013,0.022673371702683465,7461
22,0.5000000000000031,-2.5999999999999996,43,10,-3.900000000000034,-0.022745402889784327,0.5,-0.0022469556182967755,4.6,-0.04541877459246779,-8.080000000000013,0.022673371702683465,7462
22,0.5000000000000031,-2.4999999999999996,43,10,-3.900000000000034,-0.022745402889784327,0.5,-0.0022469556182967755,4.6,-0.04541877459246779,-8.080000000000013,0.022673371702683465,7463
22,0.5000000000000031,-2.3999999999999995,43,10,-3.900000000000034,-0.022745402889784327,0.5,-0.0022469556182967755,4.6,-0.04541877459246779,-8.080000000000013,0.022673371702683465,7464
22,0.5000000000000031,-2.2999999999999994,43,10,-3.900000000000034,-0.022745402889784327,0.5,-0.0022469556182967755,4.6,-0.04541877459246779,-8.080000000000013,0.022673371702683465,7465
22,0.5000000000000031,-2.1999999999999993,43,10,-3.900000000000034,-0.022745402889784327,0.5,-0.0022469556182967755,4.6,-0.04541877459246779,-8.080000000000013,0.022673371702683465,7466
22,0.5000000000000031,-2.099999999999999,43,10,-3.900000000000034,-0.022745402889784327,0.5,-0.0022469556182967755,4.6,-0.04541877459246779,-8.080000000000013,0.022673371702683465,7467
22,0.5000000000000031,-1.9999999999999991,43,10,-3.900000000000034,-0.022745402889784327,0.5,-0.0022469556182967755,4.6,-0.04541877459246779,-8.080000000000013,0.022673371702683465,7468
22,0.5000000000000031,-1.899999999999999,43,10,-3.900000000000034,-0.022745402889784327,0.5,-0.0022469556182967755,4.6,-0.04541877459246779,-8.080000000000013,0.022673371702683465,7469
22,0.5000000000000031,-1.799999999999999,43,10,-3.900000000000034,-0.022745402889784327,0.5,-0.0022469556182967755,4.6,-0.04541877459246779,-8.080000000000013,0.022673371702683465,7470
22,0.5000000000000031,-1.6999999999999988,43,10,-3.900000000000034,-0.022745402889784327,0.5,-0.0022469556182967755,4.6,-0.04541877459246779,-8.080000000000013,0.022673371702683465,7471
22,0.5000000000000031,-1.5999999999999988,43,10,-3.900000000000034,-0.022745402889784327,0.5,-0.0022469556182967755,4.6,-0.04541877459246779,-8.080000000000013,0.022673371702683465,7472
5,-1.5999999999999988,-0.5999999999999979,60,16,-3.799999999999983,-0.022800500628954223,0.5,-0.0013875887886146687,1.5,-0.0014112666117841455,-0.2400000000000091,-0.021389234017170078,7473
5,-1.4999999999999987,-0.5999999999999979,60,16,-3.799999999999983,-0.022800500628954223,0.5,-0.0013875887886146687,1.5,-0.0014112666117841455,-0.2400000000000091,-0.021389234017170078,7474
5,-1.3999999999999986,-0.5999999999999979,60,16,-3.799999999999983,-0.022800500628954223,0.5,-0.0013875887886146687,1.5,-0.0014112666117841455,-0.2400000000000091,-0.021389234017170078,7475
5,1.0000000000000036,-1.3999999999999986,60,10,-3.9199999999999875,-0.022866589930577552,0.8,-0.0021650033852923635,5.6,-0.0014112666117841455,-0.2400000000000091,-0.021455323318793407,7476
5,-0.4999999999999978,0.6000000000000032,60,5,-3.9400000000000546,-0.022894828240160314,0.6,-0.004341999976778954,4.4,-0.0014112666117841455,-0.2400000000000091,-0.02148356162837617,7477
5,-0.4999999999999978,0.7000000000000033,60,5,-3.9400000000000546,-0.022894828240160314,0.6,-0.004341999976778954,4.4,-0.0014112666117841455,-0.2400000000000091,-0.02148356162837617,7478
5,-0.4999999999999978,0.8000000000000034,60,5,-3.9400000000000546,-0.022894828240160314,0.6,-0.004341999976778954,4.4,-0.0014112666117841455,-0.2400000000000091,-0.02148356162837617,7479
5,-0.4999999999999978,0.9000000000000035,60,5,-3.9400000000000546,-0.022894828240160314,0.6,-0.004341999976778954,4.4,-0.0014112666117841455,-0.2400000000000091,-0.02148356162837617,7480
22,-0.09999999999999742,-0.3999999999999977,43,5,-3.9700000000000273,-0.022914152628183526,0.6,-0.004479752196478471,6.8,-0.04541877459246779,-8.080000000000013,0.022504621964284266,7481
5,-0.4999999999999978,0.400000000000003,60,5,-3.960000000000065,-0.023010182135651647,0.6,-0.004365597394791543,5.2,-0.0014112666117841455,-0.2400000000000091,-0.0215989155238675,7482
5,-0.4999999999999978,0.5000000000000031,60,5,-3.960000000000065,-0.023010182135651647,0.6,-0.004365597394791543,5.2,-0.0014112666117841455,-0.2400000000000091,-0.0215989155238675,7483
22,0.400000000000003,-0.799999999999998,43,5,-4.090000000000032,-0.023072679955616904,0.6,-0.004508668623931666,8.4,-0.04541877459246779,-8.080000000000013,0.02234609463685089,7484
22,0.5000000000000031,-0.799999999999998,43,5,-4.090000000000032,-0.023072679955616904,0.6,-0.004508668623931666,8.4,-0.04541877459246779,-8.080000000000013,0.02234609463685089,7485
22,-1.1999999999999984,-0.9999999999999982,43,14,-4.070000000000022,-0.02307496681256682,0.6428571428571429,-0.0015701862924452398,2.0714285714285716,-0.04541877459246779,-8.080000000000013,0.02234380777990097,7486
22,-1.1999999999999984,-0.8999999999999981,43,14,-4.070000000000022,-0.02307496681256682,0.6428571428571429,-0.0015701862924452398,2.0714285714285716,-0.04541877459246779,-8.080000000000013,0.02234380777990097,7487
10,0.20000000000000284,1.2000000000000037,55,3,-3.9300000000000352,-0.023076700111912096,0.6666666666666666,-0.0071836212296257545,9.0,-0.007654999123473449,-1.3100000000000023,-0.015421700988438647,7488
10,0.20000000000000284,1.3000000000000043,55,3,-3.9300000000000352,-0.023076700111912096,0.6666666666666666,-0.0071836212296257545,9.0,-0.007654999123473449,-1.3100000000000023,-0.015421700988438647,7489
22,-1.4999999999999987,-0.699999999999998,43,13,-3.9099999999999966,-0.023163021214087753,0.5384615384615384,-0.0017120074969484507,2.3846153846153846,-0.04541877459246779,-8.080000000000013,0.02225575337838004,7490
22,-1.4999999999999987,-0.5999999999999979,43,13,-3.9099999999999966,-0.023163021214087753,0.5384615384615384,-0.0017120074969484507,2.3846153846153846,-0.04541877459246779,-8.080000000000013,0.02225575337838004,7491
22,-1.3999999999999986,-0.699999999999998,43,13,-3.9099999999999966,-0.023163021214087753,0.5384615384615384,-0.0017120074969484507,2.3846153846153846,-0.04541877459246779,-8.080000000000013,0.02225575337838004,7492
22,-1.3999999999999986,-0.5999999999999979,43,13,-3.9099999999999966,-0.023163021214087753,0.5384615384615384,-0.0017120074969484507,2.3846153846153846,-0.04541877459246779,-8.080000000000013,0.02225575337838004,7493
5,1.0000000000000036,0.6000000000000032,60,4,-4.070000000000022,-0.023181949919189537,0.5,-0.0054964892001578,9.5,-0.0014112666117841455,-0.2400000000000091,-0.021770683307405392,7494
5,1.0000000000000036,0.7000000000000033,60,4,-4.070000000000022,-0.023181949919189537,0.5,-0.0054964892001578,9.5,-0.0014112666117841455,-0.2400000000000091,-0.021770683307405392,7495
5,1.0000000000000036,0.8000000000000034,60,4,-4.070000000000022,-0.023181949919189537,0.5,-0.0054964892001578,9.5,-0.0014112666117841455,-0.2400000000000091,-0.021770683307405392,7496
5,1.0000000000000036,0.9000000000000035,60,4,-4.070000000000022,-0.023181949919189537,0.5,-0.0054964892001578,9.5,-0.0014112666117841455,-0.2400000000000091,-0.021770683307405392,7497
5,1.1000000000000032,0.6000000000000032,60,4,-4.070000000000022,-0.023181949919189537,0.5,-0.0054964892001578,9.5,-0.0014112666117841455,-0.2400000000000091,-0.021770683307405392,7498
5,1.1000000000000032,0.7000000000000033,60,4,-4.070000000000022,-0.023181949919189537,0.5,-0.0054964892001578,9.5,-0.0014112666117841455,-0.2400000000000091,-0.021770683307405392,7499
5,1.1000000000000032,0.8000000000000034,60,4,-4.070000000000022,-0.023181949919189537,0.5,-0.0054964892001578,9.5,-0.0014112666117841455,-0.2400000000000091,-0.021770683307405392,7500
5,1.1000000000000032,0.9000000000000035,60,4,-4.070000000000022,-0.023181949919189537,0.5,-0.0054964892001578,9.5,-0.0014112666117841455,-0.2400000000000091,-0.021770683307405392,7501
22,-1.899999999999999,-1.0999999999999983,43,17,-3.9399999999999977,-0.023245156279132484,0.5294117647058824,-0.0013031033946902428,1.9411764705882353,-0.04541877459246779,-8.080000000000013,0.022173618313335308,7502
22,-1.799999999999999,-1.0999999999999983,43,17,-3.9399999999999977,-0.023245156279132484,0.5294117647058824,-0.0013031033946902428,1.9411764705882353,-0.04541877459246779,-8.080000000000013,0.022173618313335308,7503
22,-1.6999999999999988,-1.0999999999999983,43,17,-3.9399999999999977,-0.023245156279132484,0.5294117647058824,-0.0013031033946902428,1.9411764705882353,-0.04541877459246779,-8.080000000000013,0.022173618313335308,7504
22,-3.0,-0.799999999999998,43,16,-4.010000000000019,-0.023263602496942926,0.5,-0.0014166533917598645,1.3125,-0.04541877459246779,-8.080000000000013,0.022155172095524867,7505
10,-1.799999999999999,1.400000000000004,55,3,-3.9600000000000364,-0.023274508252332127,0.3333333333333333,-0.007714987419475221,3.3333333333333335,-0.007654999123473449,-1.3100000000000023,-0.015619509128858677,7506
10,-1.799999999999999,1.5000000000000036,55,3,-3.9600000000000364,-0.023274508252332127,0.3333333333333333,-0.007714987419475221,3.3333333333333335,-0.007654999123473449,-1.3100000000000023,-0.015619509128858677,7507
5,1.0000000000000036,0.10000000000000275,60,4,-4.090000000000032,-0.023297269918018504,0.5,-0.005525985972673536,10.5,-0.0014112666117841455,-0.2400000000000091,-0.02188600330623436,7508
5,1.0000000000000036,0.20000000000000284,60,4,-4.090000000000032,-0.023297269918018504,0.5,-0.005525985972673536,10.5,-0.0014112666117841455,-0.2400000000000091,-0.02188600330623436,7509
5,1.0000000000000036,0.30000000000000293,60,4,-4.090000000000032,-0.023297269918018504,0.5,-0.005525985972673536,10.5,-0.0014112666117841455,-0.2400000000000091,-0.02188600330623436,7510
5,1.0000000000000036,0.400000000000003,60,4,-4.090000000000032,-0.023297269918018504,0.5,-0.005525985972673536,10.5,-0.0014112666117841455,-0.2400000000000091,-0.02188600330623436,7511
5,1.0000000000000036,0.5000000000000031,60,4,-4.090000000000032,-0.023297269918018504,0.5,-0.005525985972673536,10.5,-0.0014112666117841455,-0.2400000000000091,-0.02188600330623436,7512
5,1.1000000000000032,0.10000000000000275,60,4,-4.090000000000032,-0.023297269918018504,0.5,-0.005525985972673536,10.5,-0.0014112666117841455,-0.2400000000000091,-0.02188600330623436,7513
5,1.1000000000000032,0.20000000000000284,60,4,-4.090000000000032,-0.023297269918018504,0.5,-0.005525985972673536,10.5,-0.0014112666117841455,-0.2400000000000091,-0.02188600330623436,7514
5,1.1000000000000032,0.30000000000000293,60,4,-4.090000000000032,-0.023297269918018504,0.5,-0.005525985972673536,10.5,-0.0014112666117841455,-0.2400000000000091,-0.02188600330623436,7515
5,1.1000000000000032,0.400000000000003,60,4,-4.090000000000032,-0.023297269918018504,0.5,-0.005525985972673536,10.5,-0.0014112666117841455,-0.2400000000000091,-0.02188600330623436,7516
5,1.1000000000000032,0.5000000000000031,60,4,-4.090000000000032,-0.023297269918018504,0.5,-0.005525985972673536,10.5,-0.0014112666117841455,-0.2400000000000091,-0.02188600330623436,7517
10,-0.2999999999999976,-3.0,55,18,-3.910000000000025,-0.023386664650804856,0.5555555555555556,-0.001213706272525508,2.888888888888889,-0.007654999123473449,-1.3100000000000023,-0.015731665527331407,7518
10,-0.2999999999999976,-2.9,55,18,-3.910000000000025,-0.023386664650804856,0.5555555555555556,-0.001213706272525508,2.888888888888889,-0.007654999123473449,-1.3100000000000023,-0.015731665527331407,7519
10,-0.2999999999999976,-2.8,55,18,-3.910000000000025,-0.023386664650804856,0.5555555555555556,-0.001213706272525508,2.888888888888889,-0.007654999123473449,-1.3100000000000023,-0.015731665527331407,7520
10,-0.2999999999999976,-2.6999999999999997,55,18,-3.910000000000025,-0.023386664650804856,0.5555555555555556,-0.001213706272525508,2.888888888888889,-0.007654999123473449,-1.3100000000000023,-0.015731665527331407,7521
10,-0.2999999999999976,-2.5999999999999996,55,18,-3.910000000000025,-0.023386664650804856,0.5555555555555556,-0.001213706272525508,2.888888888888889,-0.007654999123473449,-1.3100000000000023,-0.015731665527331407,7522
10,-0.2999999999999976,-2.4999999999999996,55,18,-3.910000000000025,-0.023386664650804856,0.5555555555555556,-0.001213706272525508,2.888888888888889,-0.007654999123473449,-1.3100000000000023,-0.015731665527331407,7523
10,-0.1999999999999975,-3.0,55,18,-3.910000000000025,-0.023386664650804856,0.5555555555555556,-0.001213706272525508,2.888888888888889,-0.007654999123473449,-1.3100000000000023,-0.015731665527331407,7524
10,-0.1999999999999975,-2.9,55,18,-3.910000000000025,-0.023386664650804856,0.5555555555555556,-0.001213706272525508,2.888888888888889,-0.007654999123473449,-1.3100000000000023,-0.015731665527331407,7525
10,-0.1999999999999975,-2.8,55,18,-3.910000000000025,-0.023386664650804856,0.5555555555555556,-0.001213706272525508,2.888888888888889,-0.007654999123473449,-1.3100000000000023,-0.015731665527331407,7526
10,-0.1999999999999975,-2.6999999999999997,55,18,-3.910000000000025,-0.023386664650804856,0.5555555555555556,-0.001213706272525508,2.888888888888889,-0.007654999123473449,-1.3100000000000023,-0.015731665527331407,7527
10,-0.1999999999999975,-2.5999999999999996,55,18,-3.910000000000025,-0.023386664650804856,0.5555555555555556,-0.001213706272525508,2.888888888888889,-0.007654999123473449,-1.3100000000000023,-0.015731665527331407,7528
10,-0.1999999999999975,-2.4999999999999996,55,18,-3.910000000000025,-0.023386664650804856,0.5555555555555556,-0.001213706272525508,2.888888888888889,-0.007654999123473449,-1.3100000000000023,-0.015731665527331407,7529
22,1.400000000000004,-1.0999999999999983,43,1,-4.100000000000023,-0.02339248017344686,0.0,-0.02339248017344686,56.0,-0.04541877459246779,-8.080000000000013,0.02202629441902093,7530
22,1.400000000000004,-0.9999999999999982,43,1,-4.100000000000023,-0.02339248017344686,0.0,-0.02339248017344686,56.0,-0.04541877459246779,-8.080000000000013,0.02202629441902093,7531
22,1.400000000000004,-0.8999999999999981,43,1,-4.100000000000023,-0.02339248017344686,0.0,-0.02339248017344686,56.0,-0.04541877459246779,-8.080000000000013,0.02202629441902093,7532
22,1.400000000000004,-0.799999999999998,43,1,-4.100000000000023,-0.02339248017344686,0.0,-0.02339248017344686,56.0,-0.04541877459246779,-8.080000000000013,0.02202629441902093,7533
22,1.400000000000004,-0.699999999999998,43,1,-4.100000000000023,-0.02339248017344686,0.0,-0.02339248017344686,56.0,-0.04541877459246779,-8.080000000000013,0.02202629441902093,7534
22,1.400000000000004,-0.5999999999999979,43,1,-4.100000000000023,-0.02339248017344686,0.0,-0.02339248017344686,56.0,-0.04541877459246779,-8.080000000000013,0.02202629441902093,7535
22,1.400000000000004,-0.4999999999999978,43,1,-4.100000000000023,-0.02339248017344686,0.0,-0.02339248017344686,56.0,-0.04541877459246779,-8.080000000000013,0.02202629441902093,7536
22,1.400000000000004,-0.3999999999999977,43,1,-4.100000000000023,-0.02339248017344686,0.0,-0.02339248017344686,56.0,-0.04541877459246779,-8.080000000000013,0.02202629441902093,7537
22,1.5000000000000036,-1.0999999999999983,43,1,-4.100000000000023,-0.02339248017344686,0.0,-0.02339248017344686,56.0,-0.04541877459246779,-8.080000000000013,0.02202629441902093,7538
22,1.5000000000000036,-0.9999999999999982,43,1,-4.100000000000023,-0.02339248017344686,0.0,-0.02339248017344686,56.0,-0.04541877459246779,-8.080000000000013,0.02202629441902093,7539
22,1.5000000000000036,-0.8999999999999981,43,1,-4.100000000000023,-0.02339248017344686,0.0,-0.02339248017344686,56.0,-0.04541877459246779,-8.080000000000013,0.02202629441902093,7540
22,1.5000000000000036,-0.799999999999998,43,1,-4.100000000000023,-0.02339248017344686,0.0,-0.02339248017344686,56.0,-0.04541877459246779,-8.080000000000013,0.02202629441902093,7541
22,1.5000000000000036,-0.699999999999998,43,1,-4.100000000000023,-0.02339248017344686,0.0,-0.02339248017344686,56.0,-0.04541877459246779,-8.080000000000013,0.02202629441902093,7542
22,1.5000000000000036,-0.5999999999999979,43,1,-4.100000000000023,-0.02339248017344686,0.0,-0.02339248017344686,56.0,-0.04541877459246779,-8.080000000000013,0.02202629441902093,7543
22,1.5000000000000036,-0.4999999999999978,43,1,-4.100000000000023,-0.02339248017344686,0.0,-0.02339248017344686,56.0,-0.04541877459246779,-8.080000000000013,0.02202629441902093,7544
22,1.5000000000000036,-0.3999999999999977,43,1,-4.100000000000023,-0.02339248017344686,0.0,-0.02339248017344686,56.0,-0.04541877459246779,-8.080000000000013,0.02202629441902093,7545
10,2.100000000000005,-0.699999999999998,55,1,-4.100000000000023,-0.02339248017344686,0.0,-0.02339248017344686,56.0,-0.007654999123473449,-1.3100000000000023,-0.015737481049973412,7546
10,2.100000000000005,-0.5999999999999979,55,1,-4.100000000000023,-0.02339248017344686,0.0,-0.02339248017344686,56.0,-0.007654999123473449,-1.3100000000000023,-0.015737481049973412,7547
10,2.100000000000005,-0.4999999999999978,55,1,-4.100000000000023,-0.02339248017344686,0.0,-0.02339248017344686,56.0,-0.007654999123473449,-1.3100000000000023,-0.015737481049973412,7548
10,2.100000000000005,-0.3999999999999977,55,1,-4.100000000000023,-0.02339248017344686,0.0,-0.02339248017344686,56.0,-0.007654999123473449,-1.3100000000000023,-0.015737481049973412,7549
10,2.100000000000005,-0.2999999999999976,55,1,-4.100000000000023,-0.02339248017344686,0.0,-0.02339248017344686,56.0,-0.007654999123473449,-1.3100000000000023,-0.015737481049973412,7550
10,2.100000000000005,-0.1999999999999975,55,1,-4.100000000000023,-0.02339248017344686,0.0,-0.02339248017344686,56.0,-0.007654999123473449,-1.3100000000000023,-0.015737481049973412,7551
10,2.100000000000005,-0.09999999999999742,55,1,-4.100000000000023,-0.02339248017344686,0.0,-0.02339248017344686,56.0,-0.007654999123473449,-1.3100000000000023,-0.015737481049973412,7552
10,2.100000000000005,2.6645352591003757e-15,55,1,-4.100000000000023,-0.02339248017344686,0.0,-0.02339248017344686,56.0,-0.007654999123473449,-1.3100000000000023,-0.015737481049973412,7553
10,2.100000000000005,0.10000000000000275,55,1,-4.100000000000023,-0.02339248017344686,0.0,-0.02339248017344686,56.0,-0.007654999123473449,-1.3100000000000023,-0.015737481049973412,7554
10,2.100000000000005,0.20000000000000284,55,1,-4.100000000000023,-0.02339248017344686,0.0,-0.02339248017344686,56.0,-0.007654999123473449,-1.3100000000000023,-0.015737481049973412,7555
10,2.100000000000005,0.30000000000000293,55,1,-4.100000000000023,-0.02339248017344686,0.0,-0.02339248017344686,56.0,-0.007654999123473449,-1.3100000000000023,-0.015737481049973412,7556
10,2.100000000000005,0.400000000000003,55,1,-4.100000000000023,-0.02339248017344686,0.0,-0.02339248017344686,56.0,-0.007654999123473449,-1.3100000000000023,-0.015737481049973412,7557
10,2.100000000000005,0.5000000000000031,55,1,-4.100000000000023,-0.02339248017344686,0.0,-0.02339248017344686,56.0,-0.007654999123473449,-1.3100000000000023,-0.015737481049973412,7558
10,2.100000000000005,0.6000000000000032,55,1,-4.100000000000023,-0.02339248017344686,0.0,-0.02339248017344686,56.0,-0.007654999123473449,-1.3100000000000023,-0.015737481049973412,7559
10,2.100000000000005,0.7000000000000033,55,1,-4.100000000000023,-0.02339248017344686,0.0,-0.02339248017344686,56.0,-0.007654999123473449,-1.3100000000000023,-0.015737481049973412,7560
10,2.100000000000005,0.8000000000000034,55,1,-4.100000000000023,-0.02339248017344686,0.0,-0.02339248017344686,56.0,-0.007654999123473449,-1.3100000000000023,-0.015737481049973412,7561
10,2.100000000000005,0.9000000000000035,55,1,-4.100000000000023,-0.02339248017344686,0.0,-0.02339248017344686,56.0,-0.007654999123473449,-1.3100000000000023,-0.015737481049973412,7562
10,2.100000000000005,1.0000000000000036,55,1,-4.100000000000023,-0.02339248017344686,0.0,-0.02339248017344686,56.0,-0.007654999123473449,-1.3100000000000023,-0.015737481049973412,7563
10,2.100000000000005,1.1000000000000032,55,1,-4.100000000000023,-0.02339248017344686,0.0,-0.02339248017344686,56.0,-0.007654999123473449,-1.3100000000000023,-0.015737481049973412,7564
10,2.100000000000005,1.2000000000000037,55,1,-4.100000000000023,-0.02339248017344686,0.0,-0.02339248017344686,56.0,-0.007654999123473449,-1.3100000000000023,-0.015737481049973412,7565
10,2.100000000000005,1.3000000000000043,55,1,-4.100000000000023,-0.02339248017344686,0.0,-0.02339248017344686,56.0,-0.007654999123473449,-1.3100000000000023,-0.015737481049973412,7566
10,2.100000000000005,1.400000000000004,55,1,-4.100000000000023,-0.02339248017344686,0.0,-0.02339248017344686,56.0,-0.007654999123473449,-1.3100000000000023,-0.015737481049973412,7567
10,2.100000000000005,1.5000000000000036,55,1,-4.100000000000023,-0.02339248017344686,0.0,-0.02339248017344686,56.0,-0.007654999123473449,-1.3100000000000023,-0.015737481049973412,7568
10,2.100000000000005,1.600000000000004,55,1,-4.100000000000023,-0.02339248017344686,0.0,-0.02339248017344686,56.0,-0.007654999123473449,-1.3100000000000023,-0.015737481049973412,7569
10,2.100000000000005,1.7000000000000046,55,1,-4.100000000000023,-0.02339248017344686,0.0,-0.02339248017344686,56.0,-0.007654999123473449,-1.3100000000000023,-0.015737481049973412,7570
10,2.2000000000000046,-0.699999999999998,55,1,-4.100000000000023,-0.02339248017344686,0.0,-0.02339248017344686,56.0,-0.007654999123473449,-1.3100000000000023,-0.015737481049973412,7571
10,2.2000000000000046,-0.5999999999999979,55,1,-4.100000000000023,-0.02339248017344686,0.0,-0.02339248017344686,56.0,-0.007654999123473449,-1.3100000000000023,-0.015737481049973412,7572
10,2.2000000000000046,-0.4999999999999978,55,1,-4.100000000000023,-0.02339248017344686,0.0,-0.02339248017344686,56.0,-0.007654999123473449,-1.3100000000000023,-0.015737481049973412,7573
10,2.2000000000000046,-0.3999999999999977,55,1,-4.100000000000023,-0.02339248017344686,0.0,-0.02339248017344686,56.0,-0.007654999123473449,-1.3100000000000023,-0.015737481049973412,7574
10,2.2000000000000046,-0.2999999999999976,55,1,-4.100000000000023,-0.02339248017344686,0.0,-0.02339248017344686,56.0,-0.007654999123473449,-1.3100000000000023,-0.015737481049973412,7575
10,2.2000000000000046,-0.1999999999999975,55,1,-4.100000000000023,-0.02339248017344686,0.0,-0.02339248017344686,56.0,-0.007654999123473449,-1.3100000000000023,-0.015737481049973412,7576
10,2.2000000000000046,-0.09999999999999742,55,1,-4.100000000000023,-0.02339248017344686,0.0,-0.02339248017344686,56.0,-0.007654999123473449,-1.3100000000000023,-0.015737481049973412,7577
10,2.2000000000000046,2.6645352591003757e-15,55,1,-4.100000000000023,-0.02339248017344686,0.0,-0.02339248017344686,56.0,-0.007654999123473449,-1.3100000000000023,-0.015737481049973412,7578
10,2.2000000000000046,0.10000000000000275,55,1,-4.100000000000023,-0.02339248017344686,0.0,-0.02339248017344686,56.0,-0.007654999123473449,-1.3100000000000023,-0.015737481049973412,7579
10,2.2000000000000046,0.20000000000000284,55,1,-4.100000000000023,-0.02339248017344686,0.0,-0.02339248017344686,56.0,-0.007654999123473449,-1.3100000000000023,-0.015737481049973412,7580
10,2.2000000000000046,0.30000000000000293,55,1,-4.100000000000023,-0.02339248017344686,0.0,-0.02339248017344686,56.0,-0.007654999123473449,-1.3100000000000023,-0.015737481049973412,7581
10,2.2000000000000046,0.400000000000003,55,1,-4.100000000000023,-0.02339248017344686,0.0,-0.02339248017344686,56.0,-0.007654999123473449,-1.3100000000000023,-0.015737481049973412,7582
10,2.2000000000000046,0.5000000000000031,55,1,-4.100000000000023,-0.02339248017344686,0.0,-0.02339248017344686,56.0,-0.007654999123473449,-1.3100000000000023,-0.015737481049973412,7583
10,2.2000000000000046,0.6000000000000032,55,1,-4.100000000000023,-0.02339248017344686,0.0,-0.02339248017344686,56.0,-0.007654999123473449,-1.3100000000000023,-0.015737481049973412,7584
10,2.2000000000000046,0.7000000000000033,55,1,-4.100000000000023,-0.02339248017344686,0.0,-0.02339248017344686,56.0,-0.007654999123473449,-1.3100000000000023,-0.015737481049973412,7585
10,2.2000000000000046,0.8000000000000034,55,1,-4.100000000000023,-0.02339248017344686,0.0,-0.02339248017344686,56.0,-0.007654999123473449,-1.3100000000000023,-0.015737481049973412,7586
10,2.2000000000000046,0.9000000000000035,55,1,-4.100000000000023,-0.02339248017344686,0.0,-0.02339248017344686,56.0,-0.007654999123473449,-1.3100000000000023,-0.015737481049973412,7587
10,2.2000000000000046,1.0000000000000036,55,1,-4.100000000000023,-0.02339248017344686,0.0,-0.02339248017344686,56.0,-0.007654999123473449,-1.3100000000000023,-0.015737481049973412,7588
10,2.2000000000000046,1.1000000000000032,55,1,-4.100000000000023,-0.02339248017344686,0.0,-0.02339248017344686,56.0,-0.007654999123473449,-1.3100000000000023,-0.015737481049973412,7589
10,2.2000000000000046,1.2000000000000037,55,1,-4.100000000000023,-0.02339248017344686,0.0,-0.02339248017344686,56.0,-0.007654999123473449,-1.3100000000000023,-0.015737481049973412,7590
10,2.2000000000000046,1.3000000000000043,55,1,-4.100000000000023,-0.02339248017344686,0.0,-0.02339248017344686,56.0,-0.007654999123473449,-1.3100000000000023,-0.015737481049973412,7591
10,2.2000000000000046,1.400000000000004,55,1,-4.100000000000023,-0.02339248017344686,0.0,-0.02339248017344686,56.0,-0.007654999123473449,-1.3100000000000023,-0.015737481049973412,7592
10,2.2000000000000046,1.5000000000000036,55,1,-4.100000000000023,-0.02339248017344686,0.0,-0.02339248017344686,56.0,-0.007654999123473449,-1.3100000000000023,-0.015737481049973412,7593
10,2.2000000000000046,1.600000000000004,55,1,-4.100000000000023,-0.02339248017344686,0.0,-0.02339248017344686,56.0,-0.007654999123473449,-1.3100000000000023,-0.015737481049973412,7594
10,2.2000000000000046,1.7000000000000046,55,1,-4.100000000000023,-0.02339248017344686,0.0,-0.02339248017344686,56.0,-0.007654999123473449,-1.3100000000000023,-0.015737481049973412,7595
10,2.3000000000000043,-0.699999999999998,55,1,-4.100000000000023,-0.02339248017344686,0.0,-0.02339248017344686,56.0,-0.007654999123473449,-1.3100000000000023,-0.015737481049973412,7596
10,2.3000000000000043,-0.5999999999999979,55,1,-4.100000000000023,-0.02339248017344686,0.0,-0.02339248017344686,56.0,-0.007654999123473449,-1.3100000000000023,-0.015737481049973412,7597
10,2.3000000000000043,-0.4999999999999978,55,1,-4.100000000000023,-0.02339248017344686,0.0,-0.02339248017344686,56.0,-0.007654999123473449,-1.3100000000000023,-0.015737481049973412,7598
10,2.3000000000000043,-0.3999999999999977,55,1,-4.100000000000023,-0.02339248017344686,0.0,-0.02339248017344686,56.0,-0.007654999123473449,-1.3100000000000023,-0.015737481049973412,7599
10,2.3000000000000043,-0.2999999999999976,55,1,-4.100000000000023,-0.02339248017344686,0.0,-0.02339248017344686,56.0,-0.007654999123473449,-1.3100000000000023,-0.015737481049973412,7600
10,2.3000000000000043,-0.1999999999999975,55,1,-4.100000000000023,-0.02339248017344686,0.0,-0.02339248017344686,56.0,-0.007654999123473449,-1.3100000000000023,-0.015737481049973412,7601
10,2.3000000000000043,-0.09999999999999742,55,1,-4.100000000000023,-0.02339248017344686,0.0,-0.02339248017344686,56.0,-0.007654999123473449,-1.3100000000000023,-0.015737481049973412,7602
10,2.3000000000000043,2.6645352591003757e-15,55,1,-4.100000000000023,-0.02339248017344686,0.0,-0.02339248017344686,56.0,-0.007654999123473449,-1.3100000000000023,-0.015737481049973412,7603
10,2.3000000000000043,0.10000000000000275,55,1,-4.100000000000023,-0.02339248017344686,0.0,-0.02339248017344686,56.0,-0.007654999123473449,-1.3100000000000023,-0.015737481049973412,7604
10,2.3000000000000043,0.20000000000000284,55,1,-4.100000000000023,-0.02339248017344686,0.0,-0.02339248017344686,56.0,-0.007654999123473449,-1.3100000000000023,-0.015737481049973412,7605
10,2.3000000000000043,0.30000000000000293,55,1,-4.100000000000023,-0.02339248017344686,0.0,-0.02339248017344686,56.0,-0.007654999123473449,-1.3100000000000023,-0.015737481049973412,7606
10,2.3000000000000043,0.400000000000003,55,1,-4.100000000000023,-0.02339248017344686,0.0,-0.02339248017344686,56.0,-0.007654999123473449,-1.3100000000000023,-0.015737481049973412,7607
10,2.3000000000000043,0.5000000000000031,55,1,-4.100000000000023,-0.02339248017344686,0.0,-0.02339248017344686,56.0,-0.007654999123473449,-1.3100000000000023,-0.015737481049973412,7608
10,2.3000000000000043,0.6000000000000032,55,1,-4.100000000000023,-0.02339248017344686,0.0,-0.02339248017344686,56.0,-0.007654999123473449,-1.3100000000000023,-0.015737481049973412,7609
10,2.3000000000000043,0.7000000000000033,55,1,-4.100000000000023,-0.02339248017344686,0.0,-0.02339248017344686,56.0,-0.007654999123473449,-1.3100000000000023,-0.015737481049973412,7610
10,2.3000000000000043,0.8000000000000034,55,1,-4.100000000000023,-0.02339248017344686,0.0,-0.02339248017344686,56.0,-0.007654999123473449,-1.3100000000000023,-0.015737481049973412,7611
10,2.3000000000000043,0.9000000000000035,55,1,-4.100000000000023,-0.02339248017344686,0.0,-0.02339248017344686,56.0,-0.007654999123473449,-1.3100000000000023,-0.015737481049973412,7612
10,2.3000000000000043,1.0000000000000036,55,1,-4.100000000000023,-0.02339248017344686,0.0,-0.02339248017344686,56.0,-0.007654999123473449,-1.3100000000000023,-0.015737481049973412,7613
10,2.3000000000000043,1.1000000000000032,55,1,-4.100000000000023,-0.02339248017344686,0.0,-0.02339248017344686,56.0,-0.007654999123473449,-1.3100000000000023,-0.015737481049973412,7614
10,2.3000000000000043,1.2000000000000037,55,1,-4.100000000000023,-0.02339248017344686,0.0,-0.02339248017344686,56.0,-0.007654999123473449,-1.3100000000000023,-0.015737481049973412,7615
10,2.3000000000000043,1.3000000000000043,55,1,-4.100000000000023,-0.02339248017344686,0.0,-0.02339248017344686,56.0,-0.007654999123473449,-1.3100000000000023,-0.015737481049973412,7616
10,2.3000000000000043,1.400000000000004,55,1,-4.100000000000023,-0.02339248017344686,0.0,-0.02339248017344686,56.0,-0.007654999123473449,-1.3100000000000023,-0.015737481049973412,7617
10,2.3000000000000043,1.5000000000000036,55,1,-4.100000000000023,-0.02339248017344686,0.0,-0.02339248017344686,56.0,-0.007654999123473449,-1.3100000000000023,-0.015737481049973412,7618
10,2.3000000000000043,1.600000000000004,55,1,-4.100000000000023,-0.02339248017344686,0.0,-0.02339248017344686,56.0,-0.007654999123473449,-1.3100000000000023,-0.015737481049973412,7619
10,2.3000000000000043,1.7000000000000046,55,1,-4.100000000000023,-0.02339248017344686,0.0,-0.02339248017344686,56.0,-0.007654999123473449,-1.3100000000000023,-0.015737481049973412,7620
10,2.400000000000005,-0.699999999999998,55,1,-4.100000000000023,-0.02339248017344686,0.0,-0.02339248017344686,56.0,-0.007654999123473449,-1.3100000000000023,-0.015737481049973412,7621
10,2.400000000000005,-0.5999999999999979,55,1,-4.100000000000023,-0.02339248017344686,0.0,-0.02339248017344686,56.0,-0.007654999123473449,-1.3100000000000023,-0.015737481049973412,7622
10,2.400000000000005,-0.4999999999999978,55,1,-4.100000000000023,-0.02339248017344686,0.0,-0.02339248017344686,56.0,-0.007654999123473449,-1.3100000000000023,-0.015737481049973412,7623
10,2.400000000000005,-0.3999999999999977,55,1,-4.100000000000023,-0.02339248017344686,0.0,-0.02339248017344686,56.0,-0.007654999123473449,-1.3100000000000023,-0.015737481049973412,7624
10,2.400000000000005,-0.2999999999999976,55,1,-4.100000000000023,-0.02339248017344686,0.0,-0.02339248017344686,56.0,-0.007654999123473449,-1.3100000000000023,-0.015737481049973412,7625
10,2.400000000000005,-0.1999999999999975,55,1,-4.100000000000023,-0.02339248017344686,0.0,-0.02339248017344686,56.0,-0.007654999123473449,-1.3100000000000023,-0.015737481049973412,7626
10,2.400000000000005,-0.09999999999999742,55,1,-4.100000000000023,-0.02339248017344686,0.0,-0.02339248017344686,56.0,-0.007654999123473449,-1.3100000000000023,-0.015737481049973412,7627
10,2.400000000000005,2.6645352591003757e-15,55,1,-4.100000000000023,-0.02339248017344686,0.0,-0.02339248017344686,56.0,-0.007654999123473449,-1.3100000000000023,-0.015737481049973412,7628
10,2.400000000000005,0.10000000000000275,55,1,-4.100000000000023,-0.02339248017344686,0.0,-0.02339248017344686,56.0,-0.007654999123473449,-1.3100000000000023,-0.015737481049973412,7629
10,2.400000000000005,0.20000000000000284,55,1,-4.100000000000023,-0.02339248017344686,0.0,-0.02339248017344686,56.0,-0.007654999123473449,-1.3100000000000023,-0.015737481049973412,7630
10,2.400000000000005,0.30000000000000293,55,1,-4.100000000000023,-0.02339248017344686,0.0,-0.02339248017344686,56.0,-0.007654999123473449,-1.3100000000000023,-0.015737481049973412,7631
10,2.400000000000005,0.400000000000003,55,1,-4.100000000000023,-0.02339248017344686,0.0,-0.02339248017344686,56.0,-0.007654999123473449,-1.3100000000000023,-0.015737481049973412,7632
10,2.400000000000005,0.5000000000000031,55,1,-4.100000000000023,-0.02339248017344686,0.0,-0.02339248017344686,56.0,-0.007654999123473449,-1.3100000000000023,-0.015737481049973412,7633
10,2.400000000000005,0.6000000000000032,55,1,-4.100000000000023,-0.02339248017344686,0.0,-0.02339248017344686,56.0,-0.007654999123473449,-1.3100000000000023,-0.015737481049973412,7634
10,2.400000000000005,0.7000000000000033,55,1,-4.100000000000023,-0.02339248017344686,0.0,-0.02339248017344686,56.0,-0.007654999123473449,-1.3100000000000023,-0.015737481049973412,7635
10,2.400000000000005,0.8000000000000034,55,1,-4.100000000000023,-0.02339248017344686,0.0,-0.02339248017344686,56.0,-0.007654999123473449,-1.3100000000000023,-0.015737481049973412,7636
10,2.400000000000005,0.9000000000000035,55,1,-4.100000000000023,-0.02339248017344686,0.0,-0.02339248017344686,56.0,-0.007654999123473449,-1.3100000000000023,-0.015737481049973412,7637
10,2.400000000000005,1.0000000000000036,55,1,-4.100000000000023,-0.02339248017344686,0.0,-0.02339248017344686,56.0,-0.007654999123473449,-1.3100000000000023,-0.015737481049973412,7638
10,2.400000000000005,1.1000000000000032,55,1,-4.100000000000023,-0.02339248017344686,0.0,-0.02339248017344686,56.0,-0.007654999123473449,-1.3100000000000023,-0.015737481049973412,7639
10,2.400000000000005,1.2000000000000037,55,1,-4.100000000000023,-0.02339248017344686,0.0,-0.02339248017344686,56.0,-0.007654999123473449,-1.3100000000000023,-0.015737481049973412,7640
10,2.400000000000005,1.3000000000000043,55,1,-4.100000000000023,-0.02339248017344686,0.0,-0.02339248017344686,56.0,-0.007654999123473449,-1.3100000000000023,-0.015737481049973412,7641
10,2.400000000000005,1.400000000000004,55,1,-4.100000000000023,-0.02339248017344686,0.0,-0.02339248017344686,56.0,-0.007654999123473449,-1.3100000000000023,-0.015737481049973412,7642
10,2.400000000000005,1.5000000000000036,55,1,-4.100000000000023,-0.02339248017344686,0.0,-0.02339248017344686,56.0,-0.007654999123473449,-1.3100000000000023,-0.015737481049973412,7643
10,2.400000000000005,1.600000000000004,55,1,-4.100000000000023,-0.02339248017344686,0.0,-0.02339248017344686,56.0,-0.007654999123473449,-1.3100000000000023,-0.015737481049973412,7644
10,2.400000000000005,1.7000000000000046,55,1,-4.100000000000023,-0.02339248017344686,0.0,-0.02339248017344686,56.0,-0.007654999123473449,-1.3100000000000023,-0.015737481049973412,7645
5,-0.2999999999999976,-1.3999999999999986,60,17,-3.9300000000000637,-0.023396472240164057,0.5882352941176471,-0.001282412436590304,2.823529411764706,-0.0014112666117841455,-0.2400000000000091,-0.02198520562837991,7646
10,-0.3999999999999977,-0.8999999999999981,55,8,-4.030000000000001,-0.02339695984763135,0.625,-0.002764910176234231,4.25,-0.007654999123473449,-1.3100000000000023,-0.0157419607241579,7647
10,-0.3999999999999977,-0.799999999999998,55,8,-4.030000000000001,-0.02339695984763135,0.625,-0.002764910176234231,4.25,-0.007654999123473449,-1.3100000000000023,-0.0157419607241579,7648
22,-0.8999999999999981,-0.3999999999999977,43,8,-4.030000000000058,-0.023414594120875987,0.625,-0.0028518313743657875,3.5,-0.04541877459246779,-8.080000000000013,0.022004180471591805,7649
5,-0.2999999999999976,-1.1999999999999984,60,14,-3.9900000000000375,-0.023447238195717146,0.6428571428571429,-0.0015707263374789163,3.0,-0.0014112666117841455,-0.2400000000000091,-0.022035971583933,7650
22,-0.1999999999999975,-0.799999999999998,43,9,-4.120000000000033,-0.023464775758230694,0.4444444444444444,-0.002547738187785765,4.0,-0.04541877459246779,-8.080000000000013,0.0219539988342371,7651
5,0.20000000000000284,1.400000000000004,60,4,-4.05000000000004,-0.023489782807290305,0.75,-0.0055499778060398575,5.5,-0.0014112666117841455,-0.2400000000000091,-0.02207851619550616,7652
5,0.30000000000000293,1.400000000000004,60,4,-4.05000000000004,-0.023489782807290305,0.75,-0.0055499778060398575,5.5,-0.0014112666117841455,-0.2400000000000091,-0.02207851619550616,7653
5,-0.4999999999999978,-1.5999999999999988,60,19,-4.010000000000019,-0.02360852182625106,0.6842105263157895,-0.001176822052698604,2.526315789473684,-0.0014112666117841455,-0.2400000000000091,-0.022197255214466916,7654
10,1.600000000000004,1.2000000000000037,55,2,-4.140000000000015,-0.023624784531160015,0.5,-0.011447291909608914,18.0,-0.007654999123473449,-1.3100000000000023,-0.015969785407686565,7655
10,1.600000000000004,1.3000000000000043,55,2,-4.140000000000015,-0.023624784531160015,0.5,-0.011447291909608914,18.0,-0.007654999123473449,-1.3100000000000023,-0.015969785407686565,7656
10,1.7000000000000046,1.2000000000000037,55,2,-4.140000000000015,-0.023624784531160015,0.5,-0.011447291909608914,18.0,-0.007654999123473449,-1.3100000000000023,-0.015969785407686565,7657
10,1.7000000000000046,1.3000000000000043,55,2,-4.140000000000015,-0.023624784531160015,0.5,-0.011447291909608914,18.0,-0.007654999123473449,-1.3100000000000023,-0.015969785407686565,7658
10,1.8000000000000043,1.2000000000000037,55,2,-4.140000000000015,-0.023624784531160015,0.5,-0.011447291909608914,18.0,-0.007654999123473449,-1.3100000000000023,-0.015969785407686565,7659
10,1.8000000000000043,1.3000000000000043,55,2,-4.140000000000015,-0.023624784531160015,0.5,-0.011447291909608914,18.0,-0.007654999123473449,-1.3100000000000023,-0.015969785407686565,7660
10,1.900000000000004,1.2000000000000037,55,2,-4.140000000000015,-0.023624784531160015,0.5,-0.011447291909608914,18.0,-0.007654999123473449,-1.3100000000000023,-0.015969785407686565,7661
10,1.900000000000004,1.3000000000000043,55,2,-4.140000000000015,-0.023624784531160015,0.5,-0.011447291909608914,18.0,-0.007654999123473449,-1.3100000000000023,-0.015969785407686565,7662
10,2.0000000000000044,1.2000000000000037,55,2,-4.140000000000015,-0.023624784531160015,0.5,-0.011447291909608914,18.0,-0.007654999123473449,-1.3100000000000023,-0.015969785407686565,7663
10,2.0000000000000044,1.3000000000000043,55,2,-4.140000000000015,-0.023624784531160015,0.5,-0.011447291909608914,18.0,-0.007654999123473449,-1.3100000000000023,-0.015969785407686565,7664
5,-0.3999999999999977,0.6000000000000032,60,5,-4.07000000000005,-0.023643189132244502,0.6,-0.004447009693243254,4.8,-0.0014112666117841455,-0.2400000000000091,-0.022231922520460357,7665
5,-0.3999999999999977,0.7000000000000033,60,5,-4.07000000000005,-0.023643189132244502,0.6,-0.004447009693243254,4.8,-0.0014112666117841455,-0.2400000000000091,-0.022231922520460357,7666
5,-0.3999999999999977,0.8000000000000034,60,5,-4.07000000000005,-0.023643189132244502,0.6,-0.004447009693243254,4.8,-0.0014112666117841455,-0.2400000000000091,-0.022231922520460357,7667
5,-0.3999999999999977,0.9000000000000035,60,5,-4.07000000000005,-0.023643189132244502,0.6,-0.004447009693243254,4.8,-0.0014112666117841455,-0.2400000000000091,-0.022231922520460357,7668
5,0.400000000000003,1.5000000000000036,60,3,-4.090000000000032,-0.02364636596797609,0.6666666666666666,-0.007435609343219555,7.0,-0.0014112666117841455,-0.2400000000000091,-0.022235099356191945,7669
5,0.400000000000003,1.600000000000004,60,3,-4.090000000000032,-0.02364636596797609,0.6666666666666666,-0.007435609343219555,7.0,-0.0014112666117841455,-0.2400000000000091,-0.022235099356191945,7670
5,0.400000000000003,1.7000000000000046,60,3,-4.090000000000032,-0.02364636596797609,0.6666666666666666,-0.007435609343219555,7.0,-0.0014112666117841455,-0.2400000000000091,-0.022235099356191945,7671
5,0.400000000000003,1.8000000000000043,60,3,-4.090000000000032,-0.02364636596797609,0.6666666666666666,-0.007435609343219555,7.0,-0.0014112666117841455,-0.2400000000000091,-0.022235099356191945,7672
5,-0.4999999999999978,0.10000000000000275,60,6,-4.070000000000078,-0.02365661148882514,0.5,-0.003748273518216031,4.5,-0.0014112666117841455,-0.2400000000000091,-0.022245344877040996,7673
5,-0.4999999999999978,0.20000000000000284,60,6,-4.070000000000078,-0.02365661148882514,0.5,-0.003748273518216031,4.5,-0.0014112666117841455,-0.2400000000000091,-0.022245344877040996,7674
5,-0.4999999999999978,0.30000000000000293,60,6,-4.070000000000078,-0.02365661148882514,0.5,-0.003748273518216031,4.5,-0.0014112666117841455,-0.2400000000000091,-0.022245344877040996,7675
10,-1.899999999999999,-0.8999999999999981,55,15,-4.010000000000019,-0.023710818415991763,0.5333333333333333,-0.0015245666246342419,1.6,-0.007654999123473449,-1.3100000000000023,-0.016055819292518314,7676
10,-1.899999999999999,-0.799999999999998,55,15,-4.010000000000019,-0.023710818415991763,0.5333333333333333,-0.0015245666246342419,1.6,-0.007654999123473449,-1.3100000000000023,-0.016055819292518314,7677
5,-0.3999999999999977,0.10000000000000275,60,5,-4.09000000000006,-0.023758454678654783,0.6,-0.004470607111255842,5.6,-0.0014112666117841455,-0.2400000000000091,-0.022347188066870638,7678
5,-0.3999999999999977,0.20000000000000284,60,5,-4.09000000000006,-0.023758454678654783,0.6,-0.004470607111255842,5.6,-0.0014112666117841455,-0.2400000000000091,-0.022347188066870638,7679
5,-0.3999999999999977,0.30000000000000293,60,5,-4.09000000000006,-0.023758454678654783,0.6,-0.004470607111255842,5.6,-0.0014112666117841455,-0.2400000000000091,-0.022347188066870638,7680
5,-0.3999999999999977,0.400000000000003,60,5,-4.09000000000006,-0.023758454678654783,0.6,-0.004470607111255842,5.6,-0.0014112666117841455,-0.2400000000000091,-0.022347188066870638,7681
5,-0.3999999999999977,0.5000000000000031,60,5,-4.09000000000006,-0.023758454678654783,0.6,-0.004470607111255842,5.6,-0.0014112666117841455,-0.2400000000000091,-0.022347188066870638,7682
10,0.30000000000000293,-0.8999999999999981,55,4,-4.110000000000014,-0.023803998839245666,0.75,-0.005556318423112189,10.5,-0.007654999123473449,-1.3100000000000023,-0.016148999715772216,7683
10,0.30000000000000293,-0.799999999999998,55,4,-4.110000000000014,-0.023803998839245666,0.75,-0.005556318423112189,10.5,-0.007654999123473449,-1.3100000000000023,-0.016148999715772216,7684
10,-1.799999999999999,-0.1999999999999975,55,12,-4.040000000000049,-0.023818907220729435,0.4166666666666667,-0.001963252047621646,1.5833333333333333,-0.007654999123473449,-1.3100000000000023,-0.016163908097255986,7685
22,-1.4999999999999987,-1.0999999999999983,43,16,-4.039999999999992,-0.023833066983189877,0.5,-0.0014299842870471244,2.125,-0.04541877459246779,-8.080000000000013,0.021585707609277915,7686
22,-1.3999999999999986,-1.0999999999999983,43,16,-4.039999999999992,-0.023833066983189877,0.5,-0.0014299842870471244,2.125,-0.04541877459246779,-8.080000000000013,0.021585707609277915,7687
5,-0.3999999999999977,-1.799999999999999,60,20,-4.219999999999999,-0.023908164090816864,0.55,-0.0011163216840438695,2.85,-0.0014112666117841455,-0.2400000000000091,-0.022496897479032718,7688
10,-1.6999999999999988,0.400000000000003,55,9,-4.120000000000033,-0.02391188230619845,0.6666666666666666,-0.0025340496099910156,2.2222222222222223,-0.007654999123473449,-1.3100000000000023,-0.016256883182725,7689
10,-1.6999999999999988,0.5000000000000031,55,9,-4.120000000000033,-0.02391188230619845,0.6666666666666666,-0.0025340496099910156,2.2222222222222223,-0.007654999123473449,-1.3100000000000023,-0.016256883182725,7690
10,-1.5999999999999988,0.400000000000003,55,9,-4.120000000000033,-0.02391188230619845,0.6666666666666666,-0.0025340496099910156,2.2222222222222223,-0.007654999123473449,-1.3100000000000023,-0.016256883182725,7691
10,-1.5999999999999988,0.5000000000000031,55,9,-4.120000000000033,-0.02391188230619845,0.6666666666666666,-0.0025340496099910156,2.2222222222222223,-0.007654999123473449,-1.3100000000000023,-0.016256883182725,7692
10,-1.4999999999999987,0.400000000000003,55,9,-4.120000000000033,-0.02391188230619845,0.6666666666666666,-0.0025340496099910156,2.2222222222222223,-0.007654999123473449,-1.3100000000000023,-0.016256883182725,7693
10,-1.4999999999999987,0.5000000000000031,55,9,-4.120000000000033,-0.02391188230619845,0.6666666666666666,-0.0025340496099910156,2.2222222222222223,-0.007654999123473449,-1.3100000000000023,-0.016256883182725,7694
10,-1.3999999999999986,0.400000000000003,55,9,-4.120000000000033,-0.02391188230619845,0.6666666666666666,-0.0025340496099910156,2.2222222222222223,-0.007654999123473449,-1.3100000000000023,-0.016256883182725,7695
10,-1.3999999999999986,0.5000000000000031,55,9,-4.120000000000033,-0.02391188230619845,0.6666666666666666,-0.0025340496099910156,2.2222222222222223,-0.007654999123473449,-1.3100000000000023,-0.016256883182725,7696
5,-3.0,-3.0,60,30,-4.230000000000075,-0.023960930553063697,0.5333333333333333,-0.0007675097813225395,1.5333333333333334,-0.0014112666117841455,-0.2400000000000091,-0.022549663941279552,7697
5,-3.0,-2.9,60,30,-4.230000000000075,-0.023960930553063697,0.5333333333333333,-0.0007675097813225395,1.5333333333333334,-0.0014112666117841455,-0.2400000000000091,-0.022549663941279552,7698
5,-3.0,-2.8,60,30,-4.230000000000075,-0.023960930553063697,0.5333333333333333,-0.0007675097813225395,1.5333333333333334,-0.0014112666117841455,-0.2400000000000091,-0.022549663941279552,7699
5,-3.0,-2.6999999999999997,60,30,-4.230000000000075,-0.023960930553063697,0.5333333333333333,-0.0007675097813225395,1.5333333333333334,-0.0014112666117841455,-0.2400000000000091,-0.022549663941279552,7700
5,-3.0,-2.5999999999999996,60,30,-4.230000000000075,-0.023960930553063697,0.5333333333333333,-0.0007675097813225395,1.5333333333333334,-0.0014112666117841455,-0.2400000000000091,-0.022549663941279552,7701
5,-3.0,-2.4999999999999996,60,30,-4.230000000000075,-0.023960930553063697,0.5333333333333333,-0.0007675097813225395,1.5333333333333334,-0.0014112666117841455,-0.2400000000000091,-0.022549663941279552,7702
5,-3.0,-2.3999999999999995,60,30,-4.230000000000075,-0.023960930553063697,0.5333333333333333,-0.0007675097813225395,1.5333333333333334,-0.0014112666117841455,-0.2400000000000091,-0.022549663941279552,7703
5,-3.0,-2.2999999999999994,60,30,-4.230000000000075,-0.023960930553063697,0.5333333333333333,-0.0007675097813225395,1.5333333333333334,-0.0014112666117841455,-0.2400000000000091,-0.022549663941279552,7704
5,-3.0,-2.1999999999999993,60,30,-4.230000000000075,-0.023960930553063697,0.5333333333333333,-0.0007675097813225395,1.5333333333333334,-0.0014112666117841455,-0.2400000000000091,-0.022549663941279552,7705
5,-3.0,-2.099999999999999,60,30,-4.230000000000075,-0.023960930553063697,0.5333333333333333,-0.0007675097813225395,1.5333333333333334,-0.0014112666117841455,-0.2400000000000091,-0.022549663941279552,7706
5,-3.0,-1.9999999999999991,60,30,-4.230000000000075,-0.023960930553063697,0.5333333333333333,-0.0007675097813225395,1.5333333333333334,-0.0014112666117841455,-0.2400000000000091,-0.022549663941279552,7707
5,-3.0,-1.899999999999999,60,30,-4.230000000000075,-0.023960930553063697,0.5333333333333333,-0.0007675097813225395,1.5333333333333334,-0.0014112666117841455,-0.2400000000000091,-0.022549663941279552,7708
5,-2.9,-3.0,60,30,-4.230000000000075,-0.023960930553063697,0.5333333333333333,-0.0007675097813225395,1.5333333333333334,-0.0014112666117841455,-0.2400000000000091,-0.022549663941279552,7709
5,-2.9,-2.9,60,30,-4.230000000000075,-0.023960930553063697,0.5333333333333333,-0.0007675097813225395,1.5333333333333334,-0.0014112666117841455,-0.2400000000000091,-0.022549663941279552,7710
5,-2.9,-2.8,60,30,-4.230000000000075,-0.023960930553063697,0.5333333333333333,-0.0007675097813225395,1.5333333333333334,-0.0014112666117841455,-0.2400000000000091,-0.022549663941279552,7711
5,-2.9,-2.6999999999999997,60,30,-4.230000000000075,-0.023960930553063697,0.5333333333333333,-0.0007675097813225395,1.5333333333333334,-0.0014112666117841455,-0.2400000000000091,-0.022549663941279552,7712
5,-2.9,-2.5999999999999996,60,30,-4.230000000000075,-0.023960930553063697,0.5333333333333333,-0.0007675097813225395,1.5333333333333334,-0.0014112666117841455,-0.2400000000000091,-0.022549663941279552,7713
5,-2.9,-2.4999999999999996,60,30,-4.230000000000075,-0.023960930553063697,0.5333333333333333,-0.0007675097813225395,1.5333333333333334,-0.0014112666117841455,-0.2400000000000091,-0.022549663941279552,7714
5,-2.9,-2.3999999999999995,60,30,-4.230000000000075,-0.023960930553063697,0.5333333333333333,-0.0007675097813225395,1.5333333333333334,-0.0014112666117841455,-0.2400000000000091,-0.022549663941279552,7715
5,-2.9,-2.2999999999999994,60,30,-4.230000000000075,-0.023960930553063697,0.5333333333333333,-0.0007675097813225395,1.5333333333333334,-0.0014112666117841455,-0.2400000000000091,-0.022549663941279552,7716
5,-2.9,-2.1999999999999993,60,30,-4.230000000000075,-0.023960930553063697,0.5333333333333333,-0.0007675097813225395,1.5333333333333334,-0.0014112666117841455,-0.2400000000000091,-0.022549663941279552,7717
5,-2.9,-2.099999999999999,60,30,-4.230000000000075,-0.023960930553063697,0.5333333333333333,-0.0007675097813225395,1.5333333333333334,-0.0014112666117841455,-0.2400000000000091,-0.022549663941279552,7718
5,-2.9,-1.9999999999999991,60,30,-4.230000000000075,-0.023960930553063697,0.5333333333333333,-0.0007675097813225395,1.5333333333333334,-0.0014112666117841455,-0.2400000000000091,-0.022549663941279552,7719
5,-2.9,-1.899999999999999,60,30,-4.230000000000075,-0.023960930553063697,0.5333333333333333,-0.0007675097813225395,1.5333333333333334,-0.0014112666117841455,-0.2400000000000091,-0.022549663941279552,7720
5,-2.8,-3.0,60,30,-4.230000000000075,-0.023960930553063697,0.5333333333333333,-0.0007675097813225395,1.5333333333333334,-0.0014112666117841455,-0.2400000000000091,-0.022549663941279552,7721
5,-2.8,-2.9,60,30,-4.230000000000075,-0.023960930553063697,0.5333333333333333,-0.0007675097813225395,1.5333333333333334,-0.0014112666117841455,-0.2400000000000091,-0.022549663941279552,7722
5,-2.8,-2.8,60,30,-4.230000000000075,-0.023960930553063697,0.5333333333333333,-0.0007675097813225395,1.5333333333333334,-0.0014112666117841455,-0.2400000000000091,-0.022549663941279552,7723
5,-2.8,-2.6999999999999997,60,30,-4.230000000000075,-0.023960930553063697,0.5333333333333333,-0.0007675097813225395,1.5333333333333334,-0.0014112666117841455,-0.2400000000000091,-0.022549663941279552,7724
5,-2.8,-2.5999999999999996,60,30,-4.230000000000075,-0.023960930553063697,0.5333333333333333,-0.0007675097813225395,1.5333333333333334,-0.0014112666117841455,-0.2400000000000091,-0.022549663941279552,7725
5,-2.8,-2.4999999999999996,60,30,-4.230000000000075,-0.023960930553063697,0.5333333333333333,-0.0007675097813225395,1.5333333333333334,-0.0014112666117841455,-0.2400000000000091,-0.022549663941279552,7726
5,-2.8,-2.3999999999999995,60,30,-4.230000000000075,-0.023960930553063697,0.5333333333333333,-0.0007675097813225395,1.5333333333333334,-0.0014112666117841455,-0.2400000000000091,-0.022549663941279552,7727
5,-2.8,-2.2999999999999994,60,30,-4.230000000000075,-0.023960930553063697,0.5333333333333333,-0.0007675097813225395,1.5333333333333334,-0.0014112666117841455,-0.2400000000000091,-0.022549663941279552,7728
5,-2.8,-2.1999999999999993,60,30,-4.230000000000075,-0.023960930553063697,0.5333333333333333,-0.0007675097813225395,1.5333333333333334,-0.0014112666117841455,-0.2400000000000091,-0.022549663941279552,7729
5,-2.8,-2.099999999999999,60,30,-4.230000000000075,-0.023960930553063697,0.5333333333333333,-0.0007675097813225395,1.5333333333333334,-0.0014112666117841455,-0.2400000000000091,-0.022549663941279552,7730
5,-2.8,-1.9999999999999991,60,30,-4.230000000000075,-0.023960930553063697,0.5333333333333333,-0.0007675097813225395,1.5333333333333334,-0.0014112666117841455,-0.2400000000000091,-0.022549663941279552,7731
5,-2.8,-1.899999999999999,60,30,-4.230000000000075,-0.023960930553063697,0.5333333333333333,-0.0007675097813225395,1.5333333333333334,-0.0014112666117841455,-0.2400000000000091,-0.022549663941279552,7732
5,-2.6999999999999997,-3.0,60,30,-4.230000000000075,-0.023960930553063697,0.5333333333333333,-0.0007675097813225395,1.5333333333333334,-0.0014112666117841455,-0.2400000000000091,-0.022549663941279552,7733
5,-2.6999999999999997,-2.9,60,30,-4.230000000000075,-0.023960930553063697,0.5333333333333333,-0.0007675097813225395,1.5333333333333334,-0.0014112666117841455,-0.2400000000000091,-0.022549663941279552,7734
5,-2.6999999999999997,-2.8,60,30,-4.230000000000075,-0.023960930553063697,0.5333333333333333,-0.0007675097813225395,1.5333333333333334,-0.0014112666117841455,-0.2400000000000091,-0.022549663941279552,7735
5,-2.6999999999999997,-2.6999999999999997,60,30,-4.230000000000075,-0.023960930553063697,0.5333333333333333,-0.0007675097813225395,1.5333333333333334,-0.0014112666117841455,-0.2400000000000091,-0.022549663941279552,7736
5,-2.6999999999999997,-2.5999999999999996,60,30,-4.230000000000075,-0.023960930553063697,0.5333333333333333,-0.0007675097813225395,1.5333333333333334,-0.0014112666117841455,-0.2400000000000091,-0.022549663941279552,7737
5,-2.6999999999999997,-2.4999999999999996,60,30,-4.230000000000075,-0.023960930553063697,0.5333333333333333,-0.0007675097813225395,1.5333333333333334,-0.0014112666117841455,-0.2400000000000091,-0.022549663941279552,7738
5,-2.6999999999999997,-2.3999999999999995,60,30,-4.230000000000075,-0.023960930553063697,0.5333333333333333,-0.0007675097813225395,1.5333333333333334,-0.0014112666117841455,-0.2400000000000091,-0.022549663941279552,7739
5,-2.6999999999999997,-2.2999999999999994,60,30,-4.230000000000075,-0.023960930553063697,0.5333333333333333,-0.0007675097813225395,1.5333333333333334,-0.0014112666117841455,-0.2400000000000091,-0.022549663941279552,7740
5,-2.6999999999999997,-2.1999999999999993,60,30,-4.230000000000075,-0.023960930553063697,0.5333333333333333,-0.0007675097813225395,1.5333333333333334,-0.0014112666117841455,-0.2400000000000091,-0.022549663941279552,7741
5,-2.6999999999999997,-2.099999999999999,60,30,-4.230000000000075,-0.023960930553063697,0.5333333333333333,-0.0007675097813225395,1.5333333333333334,-0.0014112666117841455,-0.2400000000000091,-0.022549663941279552,7742
5,-2.6999999999999997,-1.9999999999999991,60,30,-4.230000000000075,-0.023960930553063697,0.5333333333333333,-0.0007675097813225395,1.5333333333333334,-0.0014112666117841455,-0.2400000000000091,-0.022549663941279552,7743
5,-2.6999999999999997,-1.899999999999999,60,30,-4.230000000000075,-0.023960930553063697,0.5333333333333333,-0.0007675097813225395,1.5333333333333334,-0.0014112666117841455,-0.2400000000000091,-0.022549663941279552,7744
5,-2.5999999999999996,-3.0,60,30,-4.230000000000075,-0.023960930553063697,0.5333333333333333,-0.0007675097813225395,1.5333333333333334,-0.0014112666117841455,-0.2400000000000091,-0.022549663941279552,7745
5,-2.5999999999999996,-2.9,60,30,-4.230000000000075,-0.023960930553063697,0.5333333333333333,-0.0007675097813225395,1.5333333333333334,-0.0014112666117841455,-0.2400000000000091,-0.022549663941279552,7746
5,-2.5999999999999996,-2.8,60,30,-4.230000000000075,-0.023960930553063697,0.5333333333333333,-0.0007675097813225395,1.5333333333333334,-0.0014112666117841455,-0.2400000000000091,-0.022549663941279552,7747
5,-2.5999999999999996,-2.6999999999999997,60,30,-4.230000000000075,-0.023960930553063697,0.5333333333333333,-0.0007675097813225395,1.5333333333333334,-0.0014112666117841455,-0.2400000000000091,-0.022549663941279552,7748
5,-2.5999999999999996,-2.5999999999999996,60,30,-4.230000000000075,-0.023960930553063697,0.5333333333333333,-0.0007675097813225395,1.5333333333333334,-0.0014112666117841455,-0.2400000000000091,-0.022549663941279552,7749
5,-2.5999999999999996,-2.4999999999999996,60,30,-4.230000000000075,-0.023960930553063697,0.5333333333333333,-0.0007675097813225395,1.5333333333333334,-0.0014112666117841455,-0.2400000000000091,-0.022549663941279552,7750
5,-2.5999999999999996,-2.3999999999999995,60,30,-4.230000000000075,-0.023960930553063697,0.5333333333333333,-0.0007675097813225395,1.5333333333333334,-0.0014112666117841455,-0.2400000000000091,-0.022549663941279552,7751
5,-2.5999999999999996,-2.2999999999999994,60,30,-4.230000000000075,-0.023960930553063697,0.5333333333333333,-0.0007675097813225395,1.5333333333333334,-0.0014112666117841455,-0.2400000000000091,-0.022549663941279552,7752
5,-2.5999999999999996,-2.1999999999999993,60,30,-4.230000000000075,-0.023960930553063697,0.5333333333333333,-0.0007675097813225395,1.5333333333333334,-0.0014112666117841455,-0.2400000000000091,-0.022549663941279552,7753
5,-2.5999999999999996,-2.099999999999999,60,30,-4.230000000000075,-0.023960930553063697,0.5333333333333333,-0.0007675097813225395,1.5333333333333334,-0.0014112666117841455,-0.2400000000000091,-0.022549663941279552,7754
5,-2.5999999999999996,-1.9999999999999991,60,30,-4.230000000000075,-0.023960930553063697,0.5333333333333333,-0.0007675097813225395,1.5333333333333334,-0.0014112666117841455,-0.2400000000000091,-0.022549663941279552,7755
5,-2.5999999999999996,-1.899999999999999,60,30,-4.230000000000075,-0.023960930553063697,0.5333333333333333,-0.0007675097813225395,1.5333333333333334,-0.0014112666117841455,-0.2400000000000091,-0.022549663941279552,7756
5,-2.4999999999999996,-3.0,60,30,-4.230000000000075,-0.023960930553063697,0.5333333333333333,-0.0007675097813225395,1.5333333333333334,-0.0014112666117841455,-0.2400000000000091,-0.022549663941279552,7757
5,-2.4999999999999996,-2.9,60,30,-4.230000000000075,-0.023960930553063697,0.5333333333333333,-0.0007675097813225395,1.5333333333333334,-0.0014112666117841455,-0.2400000000000091,-0.022549663941279552,7758
5,-2.4999999999999996,-2.8,60,30,-4.230000000000075,-0.023960930553063697,0.5333333333333333,-0.0007675097813225395,1.5333333333333334,-0.0014112666117841455,-0.2400000000000091,-0.022549663941279552,7759
5,-2.4999999999999996,-2.6999999999999997,60,30,-4.230000000000075,-0.023960930553063697,0.5333333333333333,-0.0007675097813225395,1.5333333333333334,-0.0014112666117841455,-0.2400000000000091,-0.022549663941279552,7760
5,-2.4999999999999996,-2.5999999999999996,60,30,-4.230000000000075,-0.023960930553063697,0.5333333333333333,-0.0007675097813225395,1.5333333333333334,-0.0014112666117841455,-0.2400000000000091,-0.022549663941279552,7761
5,-2.4999999999999996,-2.4999999999999996,60,30,-4.230000000000075,-0.023960930553063697,0.5333333333333333,-0.0007675097813225395,1.5333333333333334,-0.0014112666117841455,-0.2400000000000091,-0.022549663941279552,7762
5,-2.4999999999999996,-2.3999999999999995,60,30,-4.230000000000075,-0.023960930553063697,0.5333333333333333,-0.0007675097813225395,1.5333333333333334,-0.0014112666117841455,-0.2400000000000091,-0.022549663941279552,7763
5,-2.4999999999999996,-2.2999999999999994,60,30,-4.230000000000075,-0.023960930553063697,0.5333333333333333,-0.0007675097813225395,1.5333333333333334,-0.0014112666117841455,-0.2400000000000091,-0.022549663941279552,7764
5,-2.4999999999999996,-2.1999999999999993,60,30,-4.230000000000075,-0.023960930553063697,0.5333333333333333,-0.0007675097813225395,1.5333333333333334,-0.0014112666117841455,-0.2400000000000091,-0.022549663941279552,7765
5,-2.4999999999999996,-2.099999999999999,60,30,-4.230000000000075,-0.023960930553063697,0.5333333333333333,-0.0007675097813225395,1.5333333333333334,-0.0014112666117841455,-0.2400000000000091,-0.022549663941279552,7766
5,-2.4999999999999996,-1.9999999999999991,60,30,-4.230000000000075,-0.023960930553063697,0.5333333333333333,-0.0007675097813225395,1.5333333333333334,-0.0014112666117841455,-0.2400000000000091,-0.022549663941279552,7767
5,-2.4999999999999996,-1.899999999999999,60,30,-4.230000000000075,-0.023960930553063697,0.5333333333333333,-0.0007675097813225395,1.5333333333333334,-0.0014112666117841455,-0.2400000000000091,-0.022549663941279552,7768
5,-2.3999999999999995,-3.0,60,30,-4.230000000000075,-0.023960930553063697,0.5333333333333333,-0.0007675097813225395,1.5333333333333334,-0.0014112666117841455,-0.2400000000000091,-0.022549663941279552,7769
5,-2.3999999999999995,-2.9,60,30,-4.230000000000075,-0.023960930553063697,0.5333333333333333,-0.0007675097813225395,1.5333333333333334,-0.0014112666117841455,-0.2400000000000091,-0.022549663941279552,7770
5,-2.3999999999999995,-2.8,60,30,-4.230000000000075,-0.023960930553063697,0.5333333333333333,-0.0007675097813225395,1.5333333333333334,-0.0014112666117841455,-0.2400000000000091,-0.022549663941279552,7771
5,-2.3999999999999995,-2.6999999999999997,60,30,-4.230000000000075,-0.023960930553063697,0.5333333333333333,-0.0007675097813225395,1.5333333333333334,-0.0014112666117841455,-0.2400000000000091,-0.022549663941279552,7772
5,-2.3999999999999995,-2.5999999999999996,60,30,-4.230000000000075,-0.023960930553063697,0.5333333333333333,-0.0007675097813225395,1.5333333333333334,-0.0014112666117841455,-0.2400000000000091,-0.022549663941279552,7773
5,-2.3999999999999995,-2.4999999999999996,60,30,-4.230000000000075,-0.023960930553063697,0.5333333333333333,-0.0007675097813225395,1.5333333333333334,-0.0014112666117841455,-0.2400000000000091,-0.022549663941279552,7774
5,-2.3999999999999995,-2.3999999999999995,60,30,-4.230000000000075,-0.023960930553063697,0.5333333333333333,-0.0007675097813225395,1.5333333333333334,-0.0014112666117841455,-0.2400000000000091,-0.022549663941279552,7775
5,-2.3999999999999995,-2.2999999999999994,60,30,-4.230000000000075,-0.023960930553063697,0.5333333333333333,-0.0007675097813225395,1.5333333333333334,-0.0014112666117841455,-0.2400000000000091,-0.022549663941279552,7776
5,-2.3999999999999995,-2.1999999999999993,60,30,-4.230000000000075,-0.023960930553063697,0.5333333333333333,-0.0007675097813225395,1.5333333333333334,-0.0014112666117841455,-0.2400000000000091,-0.022549663941279552,7777
5,-2.3999999999999995,-2.099999999999999,60,30,-4.230000000000075,-0.023960930553063697,0.5333333333333333,-0.0007675097813225395,1.5333333333333334,-0.0014112666117841455,-0.2400000000000091,-0.022549663941279552,7778
5,-2.3999999999999995,-1.9999999999999991,60,30,-4.230000000000075,-0.023960930553063697,0.5333333333333333,-0.0007675097813225395,1.5333333333333334,-0.0014112666117841455,-0.2400000000000091,-0.022549663941279552,7779
5,-2.3999999999999995,-1.899999999999999,60,30,-4.230000000000075,-0.023960930553063697,0.5333333333333333,-0.0007675097813225395,1.5333333333333334,-0.0014112666117841455,-0.2400000000000091,-0.022549663941279552,7780
5,-2.2999999999999994,-3.0,60,30,-4.230000000000075,-0.023960930553063697,0.5333333333333333,-0.0007675097813225395,1.5333333333333334,-0.0014112666117841455,-0.2400000000000091,-0.022549663941279552,7781
5,-2.2999999999999994,-2.9,60,30,-4.230000000000075,-0.023960930553063697,0.5333333333333333,-0.0007675097813225395,1.5333333333333334,-0.0014112666117841455,-0.2400000000000091,-0.022549663941279552,7782
5,-2.2999999999999994,-2.8,60,30,-4.230000000000075,-0.023960930553063697,0.5333333333333333,-0.0007675097813225395,1.5333333333333334,-0.0014112666117841455,-0.2400000000000091,-0.022549663941279552,7783
5,-2.2999999999999994,-2.6999999999999997,60,30,-4.230000000000075,-0.023960930553063697,0.5333333333333333,-0.0007675097813225395,1.5333333333333334,-0.0014112666117841455,-0.2400000000000091,-0.022549663941279552,7784
5,-2.2999999999999994,-2.5999999999999996,60,30,-4.230000000000075,-0.023960930553063697,0.5333333333333333,-0.0007675097813225395,1.5333333333333334,-0.0014112666117841455,-0.2400000000000091,-0.022549663941279552,7785
5,-2.2999999999999994,-2.4999999999999996,60,30,-4.230000000000075,-0.023960930553063697,0.5333333333333333,-0.0007675097813225395,1.5333333333333334,-0.0014112666117841455,-0.2400000000000091,-0.022549663941279552,7786
5,-2.2999999999999994,-2.3999999999999995,60,30,-4.230000000000075,-0.023960930553063697,0.5333333333333333,-0.0007675097813225395,1.5333333333333334,-0.0014112666117841455,-0.2400000000000091,-0.022549663941279552,7787
5,-2.2999999999999994,-2.2999999999999994,60,30,-4.230000000000075,-0.023960930553063697,0.5333333333333333,-0.0007675097813225395,1.5333333333333334,-0.0014112666117841455,-0.2400000000000091,-0.022549663941279552,7788
5,-2.2999999999999994,-2.1999999999999993,60,30,-4.230000000000075,-0.023960930553063697,0.5333333333333333,-0.0007675097813225395,1.5333333333333334,-0.0014112666117841455,-0.2400000000000091,-0.022549663941279552,7789
5,-2.2999999999999994,-2.099999999999999,60,30,-4.230000000000075,-0.023960930553063697,0.5333333333333333,-0.0007675097813225395,1.5333333333333334,-0.0014112666117841455,-0.2400000000000091,-0.022549663941279552,7790
5,-2.2999999999999994,-1.9999999999999991,60,30,-4.230000000000075,-0.023960930553063697,0.5333333333333333,-0.0007675097813225395,1.5333333333333334,-0.0014112666117841455,-0.2400000000000091,-0.022549663941279552,7791
5,-2.2999999999999994,-1.899999999999999,60,30,-4.230000000000075,-0.023960930553063697,0.5333333333333333,-0.0007675097813225395,1.5333333333333334,-0.0014112666117841455,-0.2400000000000091,-0.022549663941279552,7792
5,-2.1999999999999993,-3.0,60,30,-4.230000000000075,-0.023960930553063697,0.5333333333333333,-0.0007675097813225395,1.5333333333333334,-0.0014112666117841455,-0.2400000000000091,-0.022549663941279552,7793
5,-2.1999999999999993,-2.9,60,30,-4.230000000000075,-0.023960930553063697,0.5333333333333333,-0.0007675097813225395,1.5333333333333334,-0.0014112666117841455,-0.2400000000000091,-0.022549663941279552,7794
5,-2.1999999999999993,-2.8,60,30,-4.230000000000075,-0.023960930553063697,0.5333333333333333,-0.0007675097813225395,1.5333333333333334,-0.0014112666117841455,-0.2400000000000091,-0.022549663941279552,7795
5,-2.1999999999999993,-2.6999999999999997,60,30,-4.230000000000075,-0.023960930553063697,0.5333333333333333,-0.0007675097813225395,1.5333333333333334,-0.0014112666117841455,-0.2400000000000091,-0.022549663941279552,7796
5,-2.1999999999999993,-2.5999999999999996,60,30,-4.230000000000075,-0.023960930553063697,0.5333333333333333,-0.0007675097813225395,1.5333333333333334,-0.0014112666117841455,-0.2400000000000091,-0.022549663941279552,7797
5,-2.1999999999999993,-2.4999999999999996,60,30,-4.230000000000075,-0.023960930553063697,0.5333333333333333,-0.0007675097813225395,1.5333333333333334,-0.0014112666117841455,-0.2400000000000091,-0.022549663941279552,7798
5,-2.1999999999999993,-2.3999999999999995,60,30,-4.230000000000075,-0.023960930553063697,0.5333333333333333,-0.0007675097813225395,1.5333333333333334,-0.0014112666117841455,-0.2400000000000091,-0.022549663941279552,7799
5,-2.1999999999999993,-2.2999999999999994,60,30,-4.230000000000075,-0.023960930553063697,0.5333333333333333,-0.0007675097813225395,1.5333333333333334,-0.0014112666117841455,-0.2400000000000091,-0.022549663941279552,7800
5,-2.1999999999999993,-2.1999999999999993,60,30,-4.230000000000075,-0.023960930553063697,0.5333333333333333,-0.0007675097813225395,1.5333333333333334,-0.0014112666117841455,-0.2400000000000091,-0.022549663941279552,7801
5,-2.1999999999999993,-2.099999999999999,60,30,-4.230000000000075,-0.023960930553063697,0.5333333333333333,-0.0007675097813225395,1.5333333333333334,-0.0014112666117841455,-0.2400000000000091,-0.022549663941279552,7802
5,-2.1999999999999993,-1.9999999999999991,60,30,-4.230000000000075,-0.023960930553063697,0.5333333333333333,-0.0007675097813225395,1.5333333333333334,-0.0014112666117841455,-0.2400000000000091,-0.022549663941279552,7803
5,-2.1999999999999993,-1.899999999999999,60,30,-4.230000000000075,-0.023960930553063697,0.5333333333333333,-0.0007675097813225395,1.5333333333333334,-0.0014112666117841455,-0.2400000000000091,-0.022549663941279552,7804
5,-2.099999999999999,-3.0,60,30,-4.230000000000075,-0.023960930553063697,0.5333333333333333,-0.0007675097813225395,1.5333333333333334,-0.0014112666117841455,-0.2400000000000091,-0.022549663941279552,7805
5,-2.099999999999999,-2.9,60,30,-4.230000000000075,-0.023960930553063697,0.5333333333333333,-0.0007675097813225395,1.5333333333333334,-0.0014112666117841455,-0.2400000000000091,-0.022549663941279552,7806
5,-2.099999999999999,-2.8,60,30,-4.230000000000075,-0.023960930553063697,0.5333333333333333,-0.0007675097813225395,1.5333333333333334,-0.0014112666117841455,-0.2400000000000091,-0.022549663941279552,7807
5,-2.099999999999999,-2.6999999999999997,60,30,-4.230000000000075,-0.023960930553063697,0.5333333333333333,-0.0007675097813225395,1.5333333333333334,-0.0014112666117841455,-0.2400000000000091,-0.022549663941279552,7808
5,-2.099999999999999,-2.5999999999999996,60,30,-4.230000000000075,-0.023960930553063697,0.5333333333333333,-0.0007675097813225395,1.5333333333333334,-0.0014112666117841455,-0.2400000000000091,-0.022549663941279552,7809
5,-2.099999999999999,-2.4999999999999996,60,30,-4.230000000000075,-0.023960930553063697,0.5333333333333333,-0.0007675097813225395,1.5333333333333334,-0.0014112666117841455,-0.2400000000000091,-0.022549663941279552,7810
5,-2.099999999999999,-2.3999999999999995,60,30,-4.230000000000075,-0.023960930553063697,0.5333333333333333,-0.0007675097813225395,1.5333333333333334,-0.0014112666117841455,-0.2400000000000091,-0.022549663941279552,7811
5,-2.099999999999999,-2.2999999999999994,60,30,-4.230000000000075,-0.023960930553063697,0.5333333333333333,-0.0007675097813225395,1.5333333333333334,-0.0014112666117841455,-0.2400000000000091,-0.022549663941279552,7812
5,-2.099999999999999,-2.1999999999999993,60,30,-4.230000000000075,-0.023960930553063697,0.5333333333333333,-0.0007675097813225395,1.5333333333333334,-0.0014112666117841455,-0.2400000000000091,-0.022549663941279552,7813
5,-2.099999999999999,-2.099999999999999,60,30,-4.230000000000075,-0.023960930553063697,0.5333333333333333,-0.0007675097813225395,1.5333333333333334,-0.0014112666117841455,-0.2400000000000091,-0.022549663941279552,7814
5,-2.099999999999999,-1.9999999999999991,60,30,-4.230000000000075,-0.023960930553063697,0.5333333333333333,-0.0007675097813225395,1.5333333333333334,-0.0014112666117841455,-0.2400000000000091,-0.022549663941279552,7815
5,-2.099999999999999,-1.899999999999999,60,30,-4.230000000000075,-0.023960930553063697,0.5333333333333333,-0.0007675097813225395,1.5333333333333334,-0.0014112666117841455,-0.2400000000000091,-0.022549663941279552,7816
5,-1.9999999999999991,-3.0,60,30,-4.230000000000075,-0.023960930553063697,0.5333333333333333,-0.0007675097813225395,1.5333333333333334,-0.0014112666117841455,-0.2400000000000091,-0.022549663941279552,7817
5,-1.9999999999999991,-2.9,60,30,-4.230000000000075,-0.023960930553063697,0.5333333333333333,-0.0007675097813225395,1.5333333333333334,-0.0014112666117841455,-0.2400000000000091,-0.022549663941279552,7818
5,-1.9999999999999991,-2.8,60,30,-4.230000000000075,-0.023960930553063697,0.5333333333333333,-0.0007675097813225395,1.5333333333333334,-0.0014112666117841455,-0.2400000000000091,-0.022549663941279552,7819
5,-1.9999999999999991,-2.6999999999999997,60,30,-4.230000000000075,-0.023960930553063697,0.5333333333333333,-0.0007675097813225395,1.5333333333333334,-0.0014112666117841455,-0.2400000000000091,-0.022549663941279552,7820
5,-1.9999999999999991,-2.5999999999999996,60,30,-4.230000000000075,-0.023960930553063697,0.5333333333333333,-0.0007675097813225395,1.5333333333333334,-0.0014112666117841455,-0.2400000000000091,-0.022549663941279552,7821
5,-1.9999999999999991,-2.4999999999999996,60,30,-4.230000000000075,-0.023960930553063697,0.5333333333333333,-0.0007675097813225395,1.5333333333333334,-0.0014112666117841455,-0.2400000000000091,-0.022549663941279552,7822
5,-1.9999999999999991,-2.3999999999999995,60,30,-4.230000000000075,-0.023960930553063697,0.5333333333333333,-0.0007675097813225395,1.5333333333333334,-0.0014112666117841455,-0.2400000000000091,-0.022549663941279552,7823
5,-1.9999999999999991,-2.2999999999999994,60,30,-4.230000000000075,-0.023960930553063697,0.5333333333333333,-0.0007675097813225395,1.5333333333333334,-0.0014112666117841455,-0.2400000000000091,-0.022549663941279552,7824
5,-1.9999999999999991,-2.1999999999999993,60,30,-4.230000000000075,-0.023960930553063697,0.5333333333333333,-0.0007675097813225395,1.5333333333333334,-0.0014112666117841455,-0.2400000000000091,-0.022549663941279552,7825
5,-1.9999999999999991,-2.099999999999999,60,30,-4.230000000000075,-0.023960930553063697,0.5333333333333333,-0.0007675097813225395,1.5333333333333334,-0.0014112666117841455,-0.2400000000000091,-0.022549663941279552,7826
5,-1.9999999999999991,-1.9999999999999991,60,30,-4.230000000000075,-0.023960930553063697,0.5333333333333333,-0.0007675097813225395,1.5333333333333334,-0.0014112666117841455,-0.2400000000000091,-0.022549663941279552,7827
5,-1.9999999999999991,-1.899999999999999,60,30,-4.230000000000075,-0.023960930553063697,0.5333333333333333,-0.0007675097813225395,1.5333333333333334,-0.0014112666117841455,-0.2400000000000091,-0.022549663941279552,7828
5,2.6645352591003757e-15,-1.4999999999999987,60,17,-4.07000000000005,-0.023978631089578206,0.6470588235294118,-0.0012746308364209608,3.2941176470588234,-0.0014112666117841455,-0.2400000000000091,-0.02256736447779406,7829
10,-3.0,1.1000000000000032,55,6,-4.099999999999994,-0.024035142111426544,0.16666666666666666,-0.004013726907063457,1.6666666666666667,-0.007654999123473449,-1.3100000000000023,-0.016380142987953095,7830
10,-2.9,1.1000000000000032,55,6,-4.099999999999994,-0.024035142111426544,0.16666666666666666,-0.004013726907063457,1.6666666666666667,-0.007654999123473449,-1.3100000000000023,-0.016380142987953095,7831
10,-2.8,1.1000000000000032,55,6,-4.099999999999994,-0.024035142111426544,0.16666666666666666,-0.004013726907063457,1.6666666666666667,-0.007654999123473449,-1.3100000000000023,-0.016380142987953095,7832
10,-2.6999999999999997,1.1000000000000032,55,6,-4.099999999999994,-0.024035142111426544,0.16666666666666666,-0.004013726907063457,1.6666666666666667,-0.007654999123473449,-1.3100000000000023,-0.016380142987953095,7833
10,-2.5999999999999996,1.1000000000000032,55,6,-4.099999999999994,-0.024035142111426544,0.16666666666666666,-0.004013726907063457,1.6666666666666667,-0.007654999123473449,-1.3100000000000023,-0.016380142987953095,7834
10,-2.4999999999999996,1.1000000000000032,55,6,-4.099999999999994,-0.024035142111426544,0.16666666666666666,-0.004013726907063457,1.6666666666666667,-0.007654999123473449,-1.3100000000000023,-0.016380142987953095,7835
10,-2.3999999999999995,1.1000000000000032,55,6,-4.099999999999994,-0.024035142111426544,0.16666666666666666,-0.004013726907063457,1.6666666666666667,-0.007654999123473449,-1.3100000000000023,-0.016380142987953095,7836
5,1.5000000000000036,1.5000000000000036,60,1,-4.230000000000018,-0.024134192959434086,0.0,-0.024134192959434086,41.0,-0.0014112666117841455,-0.2400000000000091,-0.02272292634764994,7837
5,1.5000000000000036,1.600000000000004,60,1,-4.230000000000018,-0.024134192959434086,0.0,-0.024134192959434086,41.0,-0.0014112666117841455,-0.2400000000000091,-0.02272292634764994,7838
5,1.5000000000000036,1.7000000000000046,60,1,-4.230000000000018,-0.024134192959434086,0.0,-0.024134192959434086,41.0,-0.0014112666117841455,-0.2400000000000091,-0.02272292634764994,7839
5,1.5000000000000036,1.8000000000000043,60,1,-4.230000000000018,-0.024134192959434086,0.0,-0.024134192959434086,41.0,-0.0014112666117841455,-0.2400000000000091,-0.02272292634764994,7840
5,1.5000000000000036,1.900000000000004,60,1,-4.230000000000018,-0.024134192959434086,0.0,-0.024134192959434086,41.0,-0.0014112666117841455,-0.2400000000000091,-0.02272292634764994,7841
5,1.600000000000004,1.5000000000000036,60,1,-4.230000000000018,-0.024134192959434086,0.0,-0.024134192959434086,41.0,-0.0014112666117841455,-0.2400000000000091,-0.02272292634764994,7842
5,1.600000000000004,1.600000000000004,60,1,-4.230000000000018,-0.024134192959434086,0.0,-0.024134192959434086,41.0,-0.0014112666117841455,-0.2400000000000091,-0.02272292634764994,7843
5,1.600000000000004,1.7000000000000046,60,1,-4.230000000000018,-0.024134192959434086,0.0,-0.024134192959434086,41.0,-0.0014112666117841455,-0.2400000000000091,-0.02272292634764994,7844
5,1.600000000000004,1.8000000000000043,60,1,-4.230000000000018,-0.024134192959434086,0.0,-0.024134192959434086,41.0,-0.0014112666117841455,-0.2400000000000091,-0.02272292634764994,7845
5,1.600000000000004,1.900000000000004,60,1,-4.230000000000018,-0.024134192959434086,0.0,-0.024134192959434086,41.0,-0.0014112666117841455,-0.2400000000000091,-0.02272292634764994,7846
5,1.7000000000000046,1.5000000000000036,60,1,-4.230000000000018,-0.024134192959434086,0.0,-0.024134192959434086,41.0,-0.0014112666117841455,-0.2400000000000091,-0.02272292634764994,7847
5,1.7000000000000046,1.600000000000004,60,1,-4.230000000000018,-0.024134192959434086,0.0,-0.024134192959434086,41.0,-0.0014112666117841455,-0.2400000000000091,-0.02272292634764994,7848
5,1.7000000000000046,1.7000000000000046,60,1,-4.230000000000018,-0.024134192959434086,0.0,-0.024134192959434086,41.0,-0.0014112666117841455,-0.2400000000000091,-0.02272292634764994,7849
5,1.7000000000000046,1.8000000000000043,60,1,-4.230000000000018,-0.024134192959434086,0.0,-0.024134192959434086,41.0,-0.0014112666117841455,-0.2400000000000091,-0.02272292634764994,7850
5,1.7000000000000046,1.900000000000004,60,1,-4.230000000000018,-0.024134192959434086,0.0,-0.024134192959434086,41.0,-0.0014112666117841455,-0.2400000000000091,-0.02272292634764994,7851
5,1.8000000000000043,1.5000000000000036,60,1,-4.230000000000018,-0.024134192959434086,0.0,-0.024134192959434086,41.0,-0.0014112666117841455,-0.2400000000000091,-0.02272292634764994,7852
5,1.8000000000000043,1.600000000000004,60,1,-4.230000000000018,-0.024134192959434086,0.0,-0.024134192959434086,41.0,-0.0014112666117841455,-0.2400000000000091,-0.02272292634764994,7853
5,1.8000000000000043,1.7000000000000046,60,1,-4.230000000000018,-0.024134192959434086,0.0,-0.024134192959434086,41.0,-0.0014112666117841455,-0.2400000000000091,-0.02272292634764994,7854
5,1.8000000000000043,1.8000000000000043,60,1,-4.230000000000018,-0.024134192959434086,0.0,-0.024134192959434086,41.0,-0.0014112666117841455,-0.2400000000000091,-0.02272292634764994,7855
5,1.8000000000000043,1.900000000000004,60,1,-4.230000000000018,-0.024134192959434086,0.0,-0.024134192959434086,41.0,-0.0014112666117841455,-0.2400000000000091,-0.02272292634764994,7856
5,1.900000000000004,1.0000000000000036,60,1,-4.230000000000018,-0.024134192959434086,0.0,-0.024134192959434086,41.0,-0.0014112666117841455,-0.2400000000000091,-0.02272292634764994,7857
5,1.900000000000004,1.1000000000000032,60,1,-4.230000000000018,-0.024134192959434086,0.0,-0.024134192959434086,41.0,-0.0014112666117841455,-0.2400000000000091,-0.02272292634764994,7858
5,1.900000000000004,1.2000000000000037,60,1,-4.230000000000018,-0.024134192959434086,0.0,-0.024134192959434086,41.0,-0.0014112666117841455,-0.2400000000000091,-0.02272292634764994,7859
5,1.900000000000004,1.3000000000000043,60,1,-4.230000000000018,-0.024134192959434086,0.0,-0.024134192959434086,41.0,-0.0014112666117841455,-0.2400000000000091,-0.02272292634764994,7860
5,1.900000000000004,1.400000000000004,60,1,-4.230000000000018,-0.024134192959434086,0.0,-0.024134192959434086,41.0,-0.0014112666117841455,-0.2400000000000091,-0.02272292634764994,7861
5,1.900000000000004,1.5000000000000036,60,1,-4.230000000000018,-0.024134192959434086,0.0,-0.024134192959434086,41.0,-0.0014112666117841455,-0.2400000000000091,-0.02272292634764994,7862
5,1.900000000000004,1.600000000000004,60,1,-4.230000000000018,-0.024134192959434086,0.0,-0.024134192959434086,41.0,-0.0014112666117841455,-0.2400000000000091,-0.02272292634764994,7863
5,1.900000000000004,1.7000000000000046,60,1,-4.230000000000018,-0.024134192959434086,0.0,-0.024134192959434086,41.0,-0.0014112666117841455,-0.2400000000000091,-0.02272292634764994,7864
5,1.900000000000004,1.8000000000000043,60,1,-4.230000000000018,-0.024134192959434086,0.0,-0.024134192959434086,41.0,-0.0014112666117841455,-0.2400000000000091,-0.02272292634764994,7865
5,1.900000000000004,1.900000000000004,60,1,-4.230000000000018,-0.024134192959434086,0.0,-0.024134192959434086,41.0,-0.0014112666117841455,-0.2400000000000091,-0.02272292634764994,7866
10,0.20000000000000284,0.20000000000000284,55,4,-4.110000000000014,-0.024244286515956448,0.75,-0.0057003121836383674,8.5,-0.007654999123473449,-1.3100000000000023,-0.016589287392483,7867
10,0.20000000000000284,0.30000000000000293,55,4,-4.110000000000014,-0.024244286515956448,0.75,-0.0057003121836383674,8.5,-0.007654999123473449,-1.3100000000000023,-0.016589287392483,7868
5,-0.2999999999999976,0.6000000000000032,60,5,-4.180000000000064,-0.024289199653721116,0.6,-0.004572194625529602,5.0,-0.0014112666117841455,-0.2400000000000091,-0.02287793304193697,7869
5,-0.2999999999999976,0.7000000000000033,60,5,-4.180000000000064,-0.024289199653721116,0.6,-0.004572194625529602,5.0,-0.0014112666117841455,-0.2400000000000091,-0.02287793304193697,7870
5,-0.2999999999999976,0.8000000000000034,60,5,-4.180000000000064,-0.024289199653721116,0.6,-0.004572194625529602,5.0,-0.0014112666117841455,-0.2400000000000091,-0.02287793304193697,7871
5,-0.2999999999999976,0.9000000000000035,60,5,-4.180000000000064,-0.024289199653721116,0.6,-0.004572194625529602,5.0,-0.0014112666117841455,-0.2400000000000091,-0.02287793304193697,7872
22,2.6645352591003757e-15,-0.4999999999999978,43,5,-4.210000000000008,-0.02429710849290223,0.6,-0.004765699805413415,7.0,-0.04541877459246779,-8.080000000000013,0.02112166609956556,7873
22,-2.9,2.0000000000000044,43,1,-4.160000000000025,-0.024311846180819496,0.0,-0.024311846180819496,5.0,-0.04541877459246779,-8.080000000000013,0.021106928411648296,7874
22,-2.9,2.100000000000005,43,1,-4.160000000000025,-0.024311846180819496,0.0,-0.024311846180819496,5.0,-0.04541877459246779,-8.080000000000013,0.021106928411648296,7875
22,-2.9,2.2000000000000046,43,1,-4.160000000000025,-0.024311846180819496,0.0,-0.024311846180819496,5.0,-0.04541877459246779,-8.080000000000013,0.021106928411648296,7876
22,-2.9,2.3000000000000043,43,1,-4.160000000000025,-0.024311846180819496,0.0,-0.024311846180819496,5.0,-0.04541877459246779,-8.080000000000013,0.021106928411648296,7877
22,-2.9,2.400000000000005,43,1,-4.160000000000025,-0.024311846180819496,0.0,-0.024311846180819496,5.0,-0.04541877459246779,-8.080000000000013,0.021106928411648296,7878
22,-2.9,2.5000000000000053,43,1,-4.160000000000025,-0.024311846180819496,0.0,-0.024311846180819496,5.0,-0.04541877459246779,-8.080000000000013,0.021106928411648296,7879
22,-2.9,2.600000000000005,43,1,-4.160000000000025,-0.024311846180819496,0.0,-0.024311846180819496,5.0,-0.04541877459246779,-8.080000000000013,0.021106928411648296,7880
22,-2.9,2.7000000000000046,43,1,-4.160000000000025,-0.024311846180819496,0.0,-0.024311846180819496,5.0,-0.04541877459246779,-8.080000000000013,0.021106928411648296,7881
22,-2.9,2.800000000000005,43,1,-4.160000000000025,-0.024311846180819496,0.0,-0.024311846180819496,5.0,-0.04541877459246779,-8.080000000000013,0.021106928411648296,7882
22,-2.9,2.9000000000000057,43,1,-4.160000000000025,-0.024311846180819496,0.0,-0.024311846180819496,5.0,-0.04541877459246779,-8.080000000000013,0.021106928411648296,7883
22,-2.8,2.0000000000000044,43,1,-4.160000000000025,-0.024311846180819496,0.0,-0.024311846180819496,5.0,-0.04541877459246779,-8.080000000000013,0.021106928411648296,7884
22,-2.8,2.100000000000005,43,1,-4.160000000000025,-0.024311846180819496,0.0,-0.024311846180819496,5.0,-0.04541877459246779,-8.080000000000013,0.021106928411648296,7885
22,-2.8,2.2000000000000046,43,1,-4.160000000000025,-0.024311846180819496,0.0,-0.024311846180819496,5.0,-0.04541877459246779,-8.080000000000013,0.021106928411648296,7886
22,-2.8,2.3000000000000043,43,1,-4.160000000000025,-0.024311846180819496,0.0,-0.024311846180819496,5.0,-0.04541877459246779,-8.080000000000013,0.021106928411648296,7887
22,-2.8,2.400000000000005,43,1,-4.160000000000025,-0.024311846180819496,0.0,-0.024311846180819496,5.0,-0.04541877459246779,-8.080000000000013,0.021106928411648296,7888
22,-2.8,2.5000000000000053,43,1,-4.160000000000025,-0.024311846180819496,0.0,-0.024311846180819496,5.0,-0.04541877459246779,-8.080000000000013,0.021106928411648296,7889
22,-2.8,2.600000000000005,43,1,-4.160000000000025,-0.024311846180819496,0.0,-0.024311846180819496,5.0,-0.04541877459246779,-8.080000000000013,0.021106928411648296,7890
22,-2.8,2.7000000000000046,43,1,-4.160000000000025,-0.024311846180819496,0.0,-0.024311846180819496,5.0,-0.04541877459246779,-8.080000000000013,0.021106928411648296,7891
22,-2.8,2.800000000000005,43,1,-4.160000000000025,-0.024311846180819496,0.0,-0.024311846180819496,5.0,-0.04541877459246779,-8.080000000000013,0.021106928411648296,7892
22,-2.8,2.9000000000000057,43,1,-4.160000000000025,-0.024311846180819496,0.0,-0.024311846180819496,5.0,-0.04541877459246779,-8.080000000000013,0.021106928411648296,7893
22,-2.6999999999999997,2.0000000000000044,43,1,-4.160000000000025,-0.024311846180819496,0.0,-0.024311846180819496,5.0,-0.04541877459246779,-8.080000000000013,0.021106928411648296,7894
22,-2.6999999999999997,2.100000000000005,43,1,-4.160000000000025,-0.024311846180819496,0.0,-0.024311846180819496,5.0,-0.04541877459246779,-8.080000000000013,0.021106928411648296,7895
22,-2.6999999999999997,2.2000000000000046,43,1,-4.160000000000025,-0.024311846180819496,0.0,-0.024311846180819496,5.0,-0.04541877459246779,-8.080000000000013,0.021106928411648296,7896
22,-2.6999999999999997,2.3000000000000043,43,1,-4.160000000000025,-0.024311846180819496,0.0,-0.024311846180819496,5.0,-0.04541877459246779,-8.080000000000013,0.021106928411648296,7897
22,-2.6999999999999997,2.400000000000005,43,1,-4.160000000000025,-0.024311846180819496,0.0,-0.024311846180819496,5.0,-0.04541877459246779,-8.080000000000013,0.021106928411648296,7898
22,-2.6999999999999997,2.5000000000000053,43,1,-4.160000000000025,-0.024311846180819496,0.0,-0.024311846180819496,5.0,-0.04541877459246779,-8.080000000000013,0.021106928411648296,7899
22,-2.6999999999999997,2.600000000000005,43,1,-4.160000000000025,-0.024311846180819496,0.0,-0.024311846180819496,5.0,-0.04541877459246779,-8.080000000000013,0.021106928411648296,7900
22,-2.6999999999999997,2.7000000000000046,43,1,-4.160000000000025,-0.024311846180819496,0.0,-0.024311846180819496,5.0,-0.04541877459246779,-8.080000000000013,0.021106928411648296,7901
22,-2.6999999999999997,2.800000000000005,43,1,-4.160000000000025,-0.024311846180819496,0.0,-0.024311846180819496,5.0,-0.04541877459246779,-8.080000000000013,0.021106928411648296,7902
22,-2.6999999999999997,2.9000000000000057,43,1,-4.160000000000025,-0.024311846180819496,0.0,-0.024311846180819496,5.0,-0.04541877459246779,-8.080000000000013,0.021106928411648296,7903
22,-2.5999999999999996,2.0000000000000044,43,1,-4.160000000000025,-0.024311846180819496,0.0,-0.024311846180819496,5.0,-0.04541877459246779,-8.080000000000013,0.021106928411648296,7904
22,-2.5999999999999996,2.100000000000005,43,1,-4.160000000000025,-0.024311846180819496,0.0,-0.024311846180819496,5.0,-0.04541877459246779,-8.080000000000013,0.021106928411648296,7905
22,-2.5999999999999996,2.2000000000000046,43,1,-4.160000000000025,-0.024311846180819496,0.0,-0.024311846180819496,5.0,-0.04541877459246779,-8.080000000000013,0.021106928411648296,7906
22,-2.5999999999999996,2.3000000000000043,43,1,-4.160000000000025,-0.024311846180819496,0.0,-0.024311846180819496,5.0,-0.04541877459246779,-8.080000000000013,0.021106928411648296,7907
22,-2.5999999999999996,2.400000000000005,43,1,-4.160000000000025,-0.024311846180819496,0.0,-0.024311846180819496,5.0,-0.04541877459246779,-8.080000000000013,0.021106928411648296,7908
22,-2.5999999999999996,2.5000000000000053,43,1,-4.160000000000025,-0.024311846180819496,0.0,-0.024311846180819496,5.0,-0.04541877459246779,-8.080000000000013,0.021106928411648296,7909
22,-2.5999999999999996,2.600000000000005,43,1,-4.160000000000025,-0.024311846180819496,0.0,-0.024311846180819496,5.0,-0.04541877459246779,-8.080000000000013,0.021106928411648296,7910
22,-2.5999999999999996,2.7000000000000046,43,1,-4.160000000000025,-0.024311846180819496,0.0,-0.024311846180819496,5.0,-0.04541877459246779,-8.080000000000013,0.021106928411648296,7911
22,-2.5999999999999996,2.800000000000005,43,1,-4.160000000000025,-0.024311846180819496,0.0,-0.024311846180819496,5.0,-0.04541877459246779,-8.080000000000013,0.021106928411648296,7912
22,-2.5999999999999996,2.9000000000000057,43,1,-4.160000000000025,-0.024311846180819496,0.0,-0.024311846180819496,5.0,-0.04541877459246779,-8.080000000000013,0.021106928411648296,7913
22,-2.4999999999999996,2.0000000000000044,43,1,-4.160000000000025,-0.024311846180819496,0.0,-0.024311846180819496,5.0,-0.04541877459246779,-8.080000000000013,0.021106928411648296,7914
22,-2.4999999999999996,2.100000000000005,43,1,-4.160000000000025,-0.024311846180819496,0.0,-0.024311846180819496,5.0,-0.04541877459246779,-8.080000000000013,0.021106928411648296,7915
22,-2.4999999999999996,2.2000000000000046,43,1,-4.160000000000025,-0.024311846180819496,0.0,-0.024311846180819496,5.0,-0.04541877459246779,-8.080000000000013,0.021106928411648296,7916
22,-2.4999999999999996,2.3000000000000043,43,1,-4.160000000000025,-0.024311846180819496,0.0,-0.024311846180819496,5.0,-0.04541877459246779,-8.080000000000013,0.021106928411648296,7917
22,-2.4999999999999996,2.400000000000005,43,1,-4.160000000000025,-0.024311846180819496,0.0,-0.024311846180819496,5.0,-0.04541877459246779,-8.080000000000013,0.021106928411648296,7918
22,-2.4999999999999996,2.5000000000000053,43,1,-4.160000000000025,-0.024311846180819496,0.0,-0.024311846180819496,5.0,-0.04541877459246779,-8.080000000000013,0.021106928411648296,7919
22,-2.4999999999999996,2.600000000000005,43,1,-4.160000000000025,-0.024311846180819496,0.0,-0.024311846180819496,5.0,-0.04541877459246779,-8.080000000000013,0.021106928411648296,7920
22,-2.4999999999999996,2.7000000000000046,43,1,-4.160000000000025,-0.024311846180819496,0.0,-0.024311846180819496,5.0,-0.04541877459246779,-8.080000000000013,0.021106928411648296,7921
22,-2.4999999999999996,2.800000000000005,43,1,-4.160000000000025,-0.024311846180819496,0.0,-0.024311846180819496,5.0,-0.04541877459246779,-8.080000000000013,0.021106928411648296,7922
22,-2.4999999999999996,2.9000000000000057,43,1,-4.160000000000025,-0.024311846180819496,0.0,-0.024311846180819496,5.0,-0.04541877459246779,-8.080000000000013,0.021106928411648296,7923
22,-2.3999999999999995,2.0000000000000044,43,1,-4.160000000000025,-0.024311846180819496,0.0,-0.024311846180819496,5.0,-0.04541877459246779,-8.080000000000013,0.021106928411648296,7924
22,-2.3999999999999995,2.100000000000005,43,1,-4.160000000000025,-0.024311846180819496,0.0,-0.024311846180819496,5.0,-0.04541877459246779,-8.080000000000013,0.021106928411648296,7925
22,-2.3999999999999995,2.2000000000000046,43,1,-4.160000000000025,-0.024311846180819496,0.0,-0.024311846180819496,5.0,-0.04541877459246779,-8.080000000000013,0.021106928411648296,7926
22,-2.3999999999999995,2.3000000000000043,43,1,-4.160000000000025,-0.024311846180819496,0.0,-0.024311846180819496,5.0,-0.04541877459246779,-8.080000000000013,0.021106928411648296,7927
22,-2.3999999999999995,2.400000000000005,43,1,-4.160000000000025,-0.024311846180819496,0.0,-0.024311846180819496,5.0,-0.04541877459246779,-8.080000000000013,0.021106928411648296,7928
22,-2.3999999999999995,2.5000000000000053,43,1,-4.160000000000025,-0.024311846180819496,0.0,-0.024311846180819496,5.0,-0.04541877459246779,-8.080000000000013,0.021106928411648296,7929
22,-2.3999999999999995,2.600000000000005,43,1,-4.160000000000025,-0.024311846180819496,0.0,-0.024311846180819496,5.0,-0.04541877459246779,-8.080000000000013,0.021106928411648296,7930
22,-2.3999999999999995,2.7000000000000046,43,1,-4.160000000000025,-0.024311846180819496,0.0,-0.024311846180819496,5.0,-0.04541877459246779,-8.080000000000013,0.021106928411648296,7931
22,-2.3999999999999995,2.800000000000005,43,1,-4.160000000000025,-0.024311846180819496,0.0,-0.024311846180819496,5.0,-0.04541877459246779,-8.080000000000013,0.021106928411648296,7932
22,-2.3999999999999995,2.9000000000000057,43,1,-4.160000000000025,-0.024311846180819496,0.0,-0.024311846180819496,5.0,-0.04541877459246779,-8.080000000000013,0.021106928411648296,7933
22,-2.2999999999999994,2.0000000000000044,43,1,-4.160000000000025,-0.024311846180819496,0.0,-0.024311846180819496,5.0,-0.04541877459246779,-8.080000000000013,0.021106928411648296,7934
22,-2.2999999999999994,2.100000000000005,43,1,-4.160000000000025,-0.024311846180819496,0.0,-0.024311846180819496,5.0,-0.04541877459246779,-8.080000000000013,0.021106928411648296,7935
22,-2.2999999999999994,2.2000000000000046,43,1,-4.160000000000025,-0.024311846180819496,0.0,-0.024311846180819496,5.0,-0.04541877459246779,-8.080000000000013,0.021106928411648296,7936
22,-2.2999999999999994,2.3000000000000043,43,1,-4.160000000000025,-0.024311846180819496,0.0,-0.024311846180819496,5.0,-0.04541877459246779,-8.080000000000013,0.021106928411648296,7937
22,-2.2999999999999994,2.400000000000005,43,1,-4.160000000000025,-0.024311846180819496,0.0,-0.024311846180819496,5.0,-0.04541877459246779,-8.080000000000013,0.021106928411648296,7938
22,-2.2999999999999994,2.5000000000000053,43,1,-4.160000000000025,-0.024311846180819496,0.0,-0.024311846180819496,5.0,-0.04541877459246779,-8.080000000000013,0.021106928411648296,7939
22,-2.2999999999999994,2.600000000000005,43,1,-4.160000000000025,-0.024311846180819496,0.0,-0.024311846180819496,5.0,-0.04541877459246779,-8.080000000000013,0.021106928411648296,7940
22,-2.2999999999999994,2.7000000000000046,43,1,-4.160000000000025,-0.024311846180819496,0.0,-0.024311846180819496,5.0,-0.04541877459246779,-8.080000000000013,0.021106928411648296,7941
22,-2.2999999999999994,2.800000000000005,43,1,-4.160000000000025,-0.024311846180819496,0.0,-0.024311846180819496,5.0,-0.04541877459246779,-8.080000000000013,0.021106928411648296,7942
22,-2.2999999999999994,2.9000000000000057,43,1,-4.160000000000025,-0.024311846180819496,0.0,-0.024311846180819496,5.0,-0.04541877459246779,-8.080000000000013,0.021106928411648296,7943
22,-2.1999999999999993,2.0000000000000044,43,1,-4.160000000000025,-0.024311846180819496,0.0,-0.024311846180819496,5.0,-0.04541877459246779,-8.080000000000013,0.021106928411648296,7944
22,-2.1999999999999993,2.100000000000005,43,1,-4.160000000000025,-0.024311846180819496,0.0,-0.024311846180819496,5.0,-0.04541877459246779,-8.080000000000013,0.021106928411648296,7945
22,-2.1999999999999993,2.2000000000000046,43,1,-4.160000000000025,-0.024311846180819496,0.0,-0.024311846180819496,5.0,-0.04541877459246779,-8.080000000000013,0.021106928411648296,7946
22,-2.1999999999999993,2.3000000000000043,43,1,-4.160000000000025,-0.024311846180819496,0.0,-0.024311846180819496,5.0,-0.04541877459246779,-8.080000000000013,0.021106928411648296,7947
22,-2.1999999999999993,2.400000000000005,43,1,-4.160000000000025,-0.024311846180819496,0.0,-0.024311846180819496,5.0,-0.04541877459246779,-8.080000000000013,0.021106928411648296,7948
22,-2.1999999999999993,2.5000000000000053,43,1,-4.160000000000025,-0.024311846180819496,0.0,-0.024311846180819496,5.0,-0.04541877459246779,-8.080000000000013,0.021106928411648296,7949
22,-2.1999999999999993,2.600000000000005,43,1,-4.160000000000025,-0.024311846180819496,0.0,-0.024311846180819496,5.0,-0.04541877459246779,-8.080000000000013,0.021106928411648296,7950
22,-2.1999999999999993,2.7000000000000046,43,1,-4.160000000000025,-0.024311846180819496,0.0,-0.024311846180819496,5.0,-0.04541877459246779,-8.080000000000013,0.021106928411648296,7951
22,-2.1999999999999993,2.800000000000005,43,1,-4.160000000000025,-0.024311846180819496,0.0,-0.024311846180819496,5.0,-0.04541877459246779,-8.080000000000013,0.021106928411648296,7952
22,-2.1999999999999993,2.9000000000000057,43,1,-4.160000000000025,-0.024311846180819496,0.0,-0.024311846180819496,5.0,-0.04541877459246779,-8.080000000000013,0.021106928411648296,7953
22,-2.099999999999999,2.0000000000000044,43,1,-4.160000000000025,-0.024311846180819496,0.0,-0.024311846180819496,5.0,-0.04541877459246779,-8.080000000000013,0.021106928411648296,7954
22,-2.099999999999999,2.100000000000005,43,1,-4.160000000000025,-0.024311846180819496,0.0,-0.024311846180819496,5.0,-0.04541877459246779,-8.080000000000013,0.021106928411648296,7955
22,-2.099999999999999,2.2000000000000046,43,1,-4.160000000000025,-0.024311846180819496,0.0,-0.024311846180819496,5.0,-0.04541877459246779,-8.080000000000013,0.021106928411648296,7956
22,-2.099999999999999,2.3000000000000043,43,1,-4.160000000000025,-0.024311846180819496,0.0,-0.024311846180819496,5.0,-0.04541877459246779,-8.080000000000013,0.021106928411648296,7957
22,-2.099999999999999,2.400000000000005,43,1,-4.160000000000025,-0.024311846180819496,0.0,-0.024311846180819496,5.0,-0.04541877459246779,-8.080000000000013,0.021106928411648296,7958
22,-2.099999999999999,2.5000000000000053,43,1,-4.160000000000025,-0.024311846180819496,0.0,-0.024311846180819496,5.0,-0.04541877459246779,-8.080000000000013,0.021106928411648296,7959
22,-2.099999999999999,2.600000000000005,43,1,-4.160000000000025,-0.024311846180819496,0.0,-0.024311846180819496,5.0,-0.04541877459246779,-8.080000000000013,0.021106928411648296,7960
22,-2.099999999999999,2.7000000000000046,43,1,-4.160000000000025,-0.024311846180819496,0.0,-0.024311846180819496,5.0,-0.04541877459246779,-8.080000000000013,0.021106928411648296,7961
22,-2.099999999999999,2.800000000000005,43,1,-4.160000000000025,-0.024311846180819496,0.0,-0.024311846180819496,5.0,-0.04541877459246779,-8.080000000000013,0.021106928411648296,7962
22,-2.099999999999999,2.9000000000000057,43,1,-4.160000000000025,-0.024311846180819496,0.0,-0.024311846180819496,5.0,-0.04541877459246779,-8.080000000000013,0.021106928411648296,7963
10,-1.899999999999999,1.900000000000004,55,1,-4.160000000000025,-0.024311846180819496,0.0,-0.024311846180819496,5.0,-0.007654999123473449,-1.3100000000000023,-0.016656847057346047,7964
10,-1.899999999999999,2.0000000000000044,55,1,-4.160000000000025,-0.024311846180819496,0.0,-0.024311846180819496,5.0,-0.007654999123473449,-1.3100000000000023,-0.016656847057346047,7965
10,-1.899999999999999,2.100000000000005,55,1,-4.160000000000025,-0.024311846180819496,0.0,-0.024311846180819496,5.0,-0.007654999123473449,-1.3100000000000023,-0.016656847057346047,7966
10,-1.899999999999999,2.2000000000000046,55,1,-4.160000000000025,-0.024311846180819496,0.0,-0.024311846180819496,5.0,-0.007654999123473449,-1.3100000000000023,-0.016656847057346047,7967
10,-1.899999999999999,2.3000000000000043,55,1,-4.160000000000025,-0.024311846180819496,0.0,-0.024311846180819496,5.0,-0.007654999123473449,-1.3100000000000023,-0.016656847057346047,7968
10,-1.799999999999999,1.900000000000004,55,1,-4.160000000000025,-0.024311846180819496,0.0,-0.024311846180819496,5.0,-0.007654999123473449,-1.3100000000000023,-0.016656847057346047,7969
10,-1.799999999999999,2.0000000000000044,55,1,-4.160000000000025,-0.024311846180819496,0.0,-0.024311846180819496,5.0,-0.007654999123473449,-1.3100000000000023,-0.016656847057346047,7970
10,-1.799999999999999,2.100000000000005,55,1,-4.160000000000025,-0.024311846180819496,0.0,-0.024311846180819496,5.0,-0.007654999123473449,-1.3100000000000023,-0.016656847057346047,7971
10,-1.799999999999999,2.2000000000000046,55,1,-4.160000000000025,-0.024311846180819496,0.0,-0.024311846180819496,5.0,-0.007654999123473449,-1.3100000000000023,-0.016656847057346047,7972
10,-1.799999999999999,2.3000000000000043,55,1,-4.160000000000025,-0.024311846180819496,0.0,-0.024311846180819496,5.0,-0.007654999123473449,-1.3100000000000023,-0.016656847057346047,7973
10,-1.6999999999999988,1.900000000000004,55,1,-4.160000000000025,-0.024311846180819496,0.0,-0.024311846180819496,5.0,-0.007654999123473449,-1.3100000000000023,-0.016656847057346047,7974
10,-1.6999999999999988,2.0000000000000044,55,1,-4.160000000000025,-0.024311846180819496,0.0,-0.024311846180819496,5.0,-0.007654999123473449,-1.3100000000000023,-0.016656847057346047,7975
10,-1.6999999999999988,2.100000000000005,55,1,-4.160000000000025,-0.024311846180819496,0.0,-0.024311846180819496,5.0,-0.007654999123473449,-1.3100000000000023,-0.016656847057346047,7976
10,-1.6999999999999988,2.2000000000000046,55,1,-4.160000000000025,-0.024311846180819496,0.0,-0.024311846180819496,5.0,-0.007654999123473449,-1.3100000000000023,-0.016656847057346047,7977
10,-1.6999999999999988,2.3000000000000043,55,1,-4.160000000000025,-0.024311846180819496,0.0,-0.024311846180819496,5.0,-0.007654999123473449,-1.3100000000000023,-0.016656847057346047,7978
10,-1.5999999999999988,1.900000000000004,55,1,-4.160000000000025,-0.024311846180819496,0.0,-0.024311846180819496,5.0,-0.007654999123473449,-1.3100000000000023,-0.016656847057346047,7979
10,-1.5999999999999988,2.0000000000000044,55,1,-4.160000000000025,-0.024311846180819496,0.0,-0.024311846180819496,5.0,-0.007654999123473449,-1.3100000000000023,-0.016656847057346047,7980
10,-1.5999999999999988,2.100000000000005,55,1,-4.160000000000025,-0.024311846180819496,0.0,-0.024311846180819496,5.0,-0.007654999123473449,-1.3100000000000023,-0.016656847057346047,7981
10,-1.5999999999999988,2.2000000000000046,55,1,-4.160000000000025,-0.024311846180819496,0.0,-0.024311846180819496,5.0,-0.007654999123473449,-1.3100000000000023,-0.016656847057346047,7982
10,-1.5999999999999988,2.3000000000000043,55,1,-4.160000000000025,-0.024311846180819496,0.0,-0.024311846180819496,5.0,-0.007654999123473449,-1.3100000000000023,-0.016656847057346047,7983
10,-1.4999999999999987,1.900000000000004,55,1,-4.160000000000025,-0.024311846180819496,0.0,-0.024311846180819496,5.0,-0.007654999123473449,-1.3100000000000023,-0.016656847057346047,7984
10,-1.4999999999999987,2.0000000000000044,55,1,-4.160000000000025,-0.024311846180819496,0.0,-0.024311846180819496,5.0,-0.007654999123473449,-1.3100000000000023,-0.016656847057346047,7985
10,-1.4999999999999987,2.100000000000005,55,1,-4.160000000000025,-0.024311846180819496,0.0,-0.024311846180819496,5.0,-0.007654999123473449,-1.3100000000000023,-0.016656847057346047,7986
10,-1.4999999999999987,2.2000000000000046,55,1,-4.160000000000025,-0.024311846180819496,0.0,-0.024311846180819496,5.0,-0.007654999123473449,-1.3100000000000023,-0.016656847057346047,7987
10,-1.4999999999999987,2.3000000000000043,55,1,-4.160000000000025,-0.024311846180819496,0.0,-0.024311846180819496,5.0,-0.007654999123473449,-1.3100000000000023,-0.016656847057346047,7988
10,-1.3999999999999986,1.900000000000004,55,1,-4.160000000000025,-0.024311846180819496,0.0,-0.024311846180819496,5.0,-0.007654999123473449,-1.3100000000000023,-0.016656847057346047,7989
10,-1.3999999999999986,2.0000000000000044,55,1,-4.160000000000025,-0.024311846180819496,0.0,-0.024311846180819496,5.0,-0.007654999123473449,-1.3100000000000023,-0.016656847057346047,7990
10,-1.3999999999999986,2.100000000000005,55,1,-4.160000000000025,-0.024311846180819496,0.0,-0.024311846180819496,5.0,-0.007654999123473449,-1.3100000000000023,-0.016656847057346047,7991
10,-1.3999999999999986,2.2000000000000046,55,1,-4.160000000000025,-0.024311846180819496,0.0,-0.024311846180819496,5.0,-0.007654999123473449,-1.3100000000000023,-0.016656847057346047,7992
10,-1.3999999999999986,2.3000000000000043,55,1,-4.160000000000025,-0.024311846180819496,0.0,-0.024311846180819496,5.0,-0.007654999123473449,-1.3100000000000023,-0.016656847057346047,7993
10,-1.2999999999999985,1.900000000000004,55,1,-4.160000000000025,-0.024311846180819496,0.0,-0.024311846180819496,5.0,-0.007654999123473449,-1.3100000000000023,-0.016656847057346047,7994
10,-1.2999999999999985,2.0000000000000044,55,1,-4.160000000000025,-0.024311846180819496,0.0,-0.024311846180819496,5.0,-0.007654999123473449,-1.3100000000000023,-0.016656847057346047,7995
10,-1.2999999999999985,2.100000000000005,55,1,-4.160000000000025,-0.024311846180819496,0.0,-0.024311846180819496,5.0,-0.007654999123473449,-1.3100000000000023,-0.016656847057346047,7996
10,-1.2999999999999985,2.2000000000000046,55,1,-4.160000000000025,-0.024311846180819496,0.0,-0.024311846180819496,5.0,-0.007654999123473449,-1.3100000000000023,-0.016656847057346047,7997
10,-1.2999999999999985,2.3000000000000043,55,1,-4.160000000000025,-0.024311846180819496,0.0,-0.024311846180819496,5.0,-0.007654999123473449,-1.3100000000000023,-0.016656847057346047,7998
10,-1.1999999999999984,1.900000000000004,55,1,-4.160000000000025,-0.024311846180819496,0.0,-0.024311846180819496,5.0,-0.007654999123473449,-1.3100000000000023,-0.016656847057346047,7999
10,-1.1999999999999984,2.0000000000000044,55,1,-4.160000000000025,-0.024311846180819496,0.0,-0.024311846180819496,5.0,-0.007654999123473449,-1.3100000000000023,-0.016656847057346047,8000
10,-1.1999999999999984,2.100000000000005,55,1,-4.160000000000025,-0.024311846180819496,0.0,-0.024311846180819496,5.0,-0.007654999123473449,-1.3100000000000023,-0.016656847057346047,8001
10,-1.1999999999999984,2.2000000000000046,55,1,-4.160000000000025,-0.024311846180819496,0.0,-0.024311846180819496,5.0,-0.007654999123473449,-1.3100000000000023,-0.016656847057346047,8002
10,-1.1999999999999984,2.3000000000000043,55,1,-4.160000000000025,-0.024311846180819496,0.0,-0.024311846180819496,5.0,-0.007654999123473449,-1.3100000000000023,-0.016656847057346047,8003
5,0.5000000000000031,1.5000000000000036,60,3,-4.220000000000027,-0.024359954388868843,0.6666666666666666,-0.007682846938548704,8.0,-0.0014112666117841455,-0.2400000000000091,-0.022948687777084698,8004
5,0.5000000000000031,1.600000000000004,60,3,-4.220000000000027,-0.024359954388868843,0.6666666666666666,-0.007682846938548704,8.0,-0.0014112666117841455,-0.2400000000000091,-0.022948687777084698,8005
5,0.5000000000000031,1.7000000000000046,60,3,-4.220000000000027,-0.024359954388868843,0.6666666666666666,-0.007682846938548704,8.0,-0.0014112666117841455,-0.2400000000000091,-0.022948687777084698,8006
5,0.5000000000000031,1.8000000000000043,60,3,-4.220000000000027,-0.024359954388868843,0.6666666666666666,-0.007682846938548704,8.0,-0.0014112666117841455,-0.2400000000000091,-0.022948687777084698,8007
10,-1.899999999999999,0.6000000000000032,55,9,-4.220000000000056,-0.02440003290109216,0.5555555555555556,-0.0026374947652793024,2.0,-0.007654999123473449,-1.3100000000000023,-0.016745033777618712,8008
10,-1.899999999999999,0.7000000000000033,55,9,-4.220000000000056,-0.02440003290109216,0.5555555555555556,-0.0026374947652793024,2.0,-0.007654999123473449,-1.3100000000000023,-0.016745033777618712,8009
5,-0.2999999999999976,0.10000000000000275,60,5,-4.200000000000074,-0.024404388934205934,0.6,-0.00459579204354219,5.8,-0.0014112666117841455,-0.2400000000000091,-0.02299312232242179,8010
5,-0.2999999999999976,0.20000000000000284,60,5,-4.200000000000074,-0.024404388934205934,0.6,-0.00459579204354219,5.8,-0.0014112666117841455,-0.2400000000000091,-0.02299312232242179,8011
5,-0.2999999999999976,0.30000000000000293,60,5,-4.200000000000074,-0.024404388934205934,0.6,-0.00459579204354219,5.8,-0.0014112666117841455,-0.2400000000000091,-0.02299312232242179,8012
5,-0.2999999999999976,0.400000000000003,60,5,-4.200000000000074,-0.024404388934205934,0.6,-0.00459579204354219,5.8,-0.0014112666117841455,-0.2400000000000091,-0.02299312232242179,8013
5,-0.2999999999999976,0.5000000000000031,60,5,-4.200000000000074,-0.024404388934205934,0.6,-0.00459579204354219,5.8,-0.0014112666117841455,-0.2400000000000091,-0.02299312232242179,8014
5,0.6000000000000032,1.5000000000000036,60,3,-4.230000000000018,-0.024418519731663202,0.6666666666666666,-0.0077018143525314775,9.0,-0.0014112666117841455,-0.2400000000000091,-0.023007253119879056,8015
5,0.6000000000000032,1.600000000000004,60,3,-4.230000000000018,-0.024418519731663202,0.6666666666666666,-0.0077018143525314775,9.0,-0.0014112666117841455,-0.2400000000000091,-0.023007253119879056,8016
5,0.6000000000000032,1.7000000000000046,60,3,-4.230000000000018,-0.024418519731663202,0.6666666666666666,-0.0077018143525314775,9.0,-0.0014112666117841455,-0.2400000000000091,-0.023007253119879056,8017
5,0.6000000000000032,1.8000000000000043,60,3,-4.230000000000018,-0.024418519731663202,0.6666666666666666,-0.0077018143525314775,9.0,-0.0014112666117841455,-0.2400000000000091,-0.023007253119879056,8018
5,0.7000000000000033,1.5000000000000036,60,3,-4.230000000000018,-0.024418519731663202,0.6666666666666666,-0.0077018143525314775,9.0,-0.0014112666117841455,-0.2400000000000091,-0.023007253119879056,8019
5,0.7000000000000033,1.600000000000004,60,3,-4.230000000000018,-0.024418519731663202,0.6666666666666666,-0.0077018143525314775,9.0,-0.0014112666117841455,-0.2400000000000091,-0.023007253119879056,8020
5,0.7000000000000033,1.7000000000000046,60,3,-4.230000000000018,-0.024418519731663202,0.6666666666666666,-0.0077018143525314775,9.0,-0.0014112666117841455,-0.2400000000000091,-0.023007253119879056,8021
5,0.7000000000000033,1.8000000000000043,60,3,-4.230000000000018,-0.024418519731663202,0.6666666666666666,-0.0077018143525314775,9.0,-0.0014112666117841455,-0.2400000000000091,-0.023007253119879056,8022
5,0.8000000000000034,1.5000000000000036,60,3,-4.230000000000018,-0.024418519731663202,0.6666666666666666,-0.0077018143525314775,9.0,-0.0014112666117841455,-0.2400000000000091,-0.023007253119879056,8023
5,0.8000000000000034,1.600000000000004,60,3,-4.230000000000018,-0.024418519731663202,0.6666666666666666,-0.0077018143525314775,9.0,-0.0014112666117841455,-0.2400000000000091,-0.023007253119879056,8024
5,0.8000000000000034,1.7000000000000046,60,3,-4.230000000000018,-0.024418519731663202,0.6666666666666666,-0.0077018143525314775,9.0,-0.0014112666117841455,-0.2400000000000091,-0.023007253119879056,8025
5,0.8000000000000034,1.8000000000000043,60,3,-4.230000000000018,-0.024418519731663202,0.6666666666666666,-0.0077018143525314775,9.0,-0.0014112666117841455,-0.2400000000000091,-0.023007253119879056,8026
5,0.9000000000000035,1.5000000000000036,60,3,-4.230000000000018,-0.024418519731663202,0.6666666666666666,-0.0077018143525314775,9.0,-0.0014112666117841455,-0.2400000000000091,-0.023007253119879056,8027
5,0.9000000000000035,1.600000000000004,60,3,-4.230000000000018,-0.024418519731663202,0.6666666666666666,-0.0077018143525314775,9.0,-0.0014112666117841455,-0.2400000000000091,-0.023007253119879056,8028
5,0.9000000000000035,1.7000000000000046,60,3,-4.230000000000018,-0.024418519731663202,0.6666666666666666,-0.0077018143525314775,9.0,-0.0014112666117841455,-0.2400000000000091,-0.023007253119879056,8029
5,0.9000000000000035,1.8000000000000043,60,3,-4.230000000000018,-0.024418519731663202,0.6666666666666666,-0.0077018143525314775,9.0,-0.0014112666117841455,-0.2400000000000091,-0.023007253119879056,8030
22,-2.9,-0.3999999999999977,43,13,-4.2000000000000455,-0.024563617693144302,0.46153846153846156,-0.0018297412172681908,2.076923076923077,-0.04541877459246779,-8.080000000000013,0.02085515689932349,8031
22,-2.8,-0.3999999999999977,43,13,-4.2000000000000455,-0.024563617693144302,0.46153846153846156,-0.0018297412172681908,2.076923076923077,-0.04541877459246779,-8.080000000000013,0.02085515689932349,8032
22,-2.6999999999999997,-0.3999999999999977,43,13,-4.2000000000000455,-0.024563617693144302,0.46153846153846156,-0.0018297412172681908,2.076923076923077,-0.04541877459246779,-8.080000000000013,0.02085515689932349,8033
22,-2.5999999999999996,-0.3999999999999977,43,13,-4.2000000000000455,-0.024563617693144302,0.46153846153846156,-0.0018297412172681908,2.076923076923077,-0.04541877459246779,-8.080000000000013,0.02085515689932349,8034
22,-2.4999999999999996,-0.3999999999999977,43,13,-4.2000000000000455,-0.024563617693144302,0.46153846153846156,-0.0018297412172681908,2.076923076923077,-0.04541877459246779,-8.080000000000013,0.02085515689932349,8035
22,-2.3999999999999995,-0.3999999999999977,43,13,-4.2000000000000455,-0.024563617693144302,0.46153846153846156,-0.0018297412172681908,2.076923076923077,-0.04541877459246779,-8.080000000000013,0.02085515689932349,8036
22,-2.2999999999999994,-0.3999999999999977,43,13,-4.2000000000000455,-0.024563617693144302,0.46153846153846156,-0.0018297412172681908,2.076923076923077,-0.04541877459246779,-8.080000000000013,0.02085515689932349,8037
22,-2.1999999999999993,-0.3999999999999977,43,13,-4.2000000000000455,-0.024563617693144302,0.46153846153846156,-0.0018297412172681908,2.076923076923077,-0.04541877459246779,-8.080000000000013,0.02085515689932349,8038
22,-2.099999999999999,-0.3999999999999977,43,13,-4.2000000000000455,-0.024563617693144302,0.46153846153846156,-0.0018297412172681908,2.076923076923077,-0.04541877459246779,-8.080000000000013,0.02085515689932349,8039
22,0.10000000000000275,-1.0999999999999983,43,8,-4.25,-0.024573564623895927,0.5,-0.0030085086364467634,5.25,-0.04541877459246779,-8.080000000000013,0.020845209968571865,8040
22,0.20000000000000284,-1.0999999999999983,43,8,-4.25,-0.024573564623895927,0.5,-0.0030085086364467634,5.25,-0.04541877459246779,-8.080000000000013,0.020845209968571865,8041
22,-1.0999999999999983,-0.3999999999999977,43,9,-4.210000000000036,-0.024585129996603672,0.4444444444444444,-0.0026313873110751012,3.6666666666666665,-0.04541877459246779,-8.080000000000013,0.02083364459586412,8042
22,-0.9999999999999982,-0.3999999999999977,43,9,-4.210000000000036,-0.024585129996603672,0.4444444444444444,-0.0026313873110751012,3.6666666666666665,-0.04541877459246779,-8.080000000000013,0.02083364459586412,8043
10,-3.0,-0.09999999999999742,55,12,-4.22999999999999,-0.02458698816924587,0.25,-0.0020519811011156797,1.3333333333333333,-0.007654999123473449,-1.3100000000000023,-0.016931989045772422,8044
10,-3.0,2.6645352591003757e-15,55,12,-4.22999999999999,-0.02458698816924587,0.25,-0.0020519811011156797,1.3333333333333333,-0.007654999123473449,-1.3100000000000023,-0.016931989045772422,8045
10,-3.0,0.10000000000000275,55,12,-4.22999999999999,-0.02458698816924587,0.25,-0.0020519811011156797,1.3333333333333333,-0.007654999123473449,-1.3100000000000023,-0.016931989045772422,8046
10,-2.9,-0.09999999999999742,55,12,-4.22999999999999,-0.02458698816924587,0.25,-0.0020519811011156797,1.3333333333333333,-0.007654999123473449,-1.3100000000000023,-0.016931989045772422,8047
10,-2.9,2.6645352591003757e-15,55,12,-4.22999999999999,-0.02458698816924587,0.25,-0.0020519811011156797,1.3333333333333333,-0.007654999123473449,-1.3100000000000023,-0.016931989045772422,8048
10,-2.9,0.10000000000000275,55,12,-4.22999999999999,-0.02458698816924587,0.25,-0.0020519811011156797,1.3333333333333333,-0.007654999123473449,-1.3100000000000023,-0.016931989045772422,8049
10,-2.8,-0.09999999999999742,55,12,-4.22999999999999,-0.02458698816924587,0.25,-0.0020519811011156797,1.3333333333333333,-0.007654999123473449,-1.3100000000000023,-0.016931989045772422,8050
10,-2.8,2.6645352591003757e-15,55,12,-4.22999999999999,-0.02458698816924587,0.25,-0.0020519811011156797,1.3333333333333333,-0.007654999123473449,-1.3100000000000023,-0.016931989045772422,8051
10,-2.8,0.10000000000000275,55,12,-4.22999999999999,-0.02458698816924587,0.25,-0.0020519811011156797,1.3333333333333333,-0.007654999123473449,-1.3100000000000023,-0.016931989045772422,8052
10,-2.6999999999999997,-0.09999999999999742,55,12,-4.22999999999999,-0.02458698816924587,0.25,-0.0020519811011156797,1.3333333333333333,-0.007654999123473449,-1.3100000000000023,-0.016931989045772422,8053
10,-2.6999999999999997,2.6645352591003757e-15,55,12,-4.22999999999999,-0.02458698816924587,0.25,-0.0020519811011156797,1.3333333333333333,-0.007654999123473449,-1.3100000000000023,-0.016931989045772422,8054
10,-2.6999999999999997,0.10000000000000275,55,12,-4.22999999999999,-0.02458698816924587,0.25,-0.0020519811011156797,1.3333333333333333,-0.007654999123473449,-1.3100000000000023,-0.016931989045772422,8055
10,-2.5999999999999996,-0.09999999999999742,55,12,-4.22999999999999,-0.02458698816924587,0.25,-0.0020519811011156797,1.3333333333333333,-0.007654999123473449,-1.3100000000000023,-0.016931989045772422,8056
10,-2.5999999999999996,2.6645352591003757e-15,55,12,-4.22999999999999,-0.02458698816924587,0.25,-0.0020519811011156797,1.3333333333333333,-0.007654999123473449,-1.3100000000000023,-0.016931989045772422,8057
10,-2.5999999999999996,0.10000000000000275,55,12,-4.22999999999999,-0.02458698816924587,0.25,-0.0020519811011156797,1.3333333333333333,-0.007654999123473449,-1.3100000000000023,-0.016931989045772422,8058
10,-2.4999999999999996,-0.09999999999999742,55,12,-4.22999999999999,-0.02458698816924587,0.25,-0.0020519811011156797,1.3333333333333333,-0.007654999123473449,-1.3100000000000023,-0.016931989045772422,8059
10,-2.4999999999999996,2.6645352591003757e-15,55,12,-4.22999999999999,-0.02458698816924587,0.25,-0.0020519811011156797,1.3333333333333333,-0.007654999123473449,-1.3100000000000023,-0.016931989045772422,8060
10,-2.4999999999999996,0.10000000000000275,55,12,-4.22999999999999,-0.02458698816924587,0.25,-0.0020519811011156797,1.3333333333333333,-0.007654999123473449,-1.3100000000000023,-0.016931989045772422,8061
10,-2.3999999999999995,-0.09999999999999742,55,12,-4.22999999999999,-0.02458698816924587,0.25,-0.0020519811011156797,1.3333333333333333,-0.007654999123473449,-1.3100000000000023,-0.016931989045772422,8062
10,-2.3999999999999995,2.6645352591003757e-15,55,12,-4.22999999999999,-0.02458698816924587,0.25,-0.0020519811011156797,1.3333333333333333,-0.007654999123473449,-1.3100000000000023,-0.016931989045772422,8063
10,-2.3999999999999995,0.10000000000000275,55,12,-4.22999999999999,-0.02458698816924587,0.25,-0.0020519811011156797,1.3333333333333333,-0.007654999123473449,-1.3100000000000023,-0.016931989045772422,8064
10,-0.5999999999999979,-1.0999999999999983,55,11,-4.159999999999997,-0.024587839820359947,0.6363636363636364,-0.002120582913584816,3.090909090909091,-0.007654999123473449,-1.3100000000000023,-0.016932840696886498,8065
22,-1.2999999999999985,-0.4999999999999978,43,11,-4.260000000000048,-0.02480225095964972,0.6363636363636364,-0.0021841496589504387,2.272727272727273,-0.04541877459246779,-8.080000000000013,0.020616523632818073,8066
22,-0.5999999999999979,-0.9999999999999982,43,12,-4.340000000000003,-0.024820056354218245,0.4166666666666667,-0.0020122133861503835,3.0833333333333335,-0.04541877459246779,-8.080000000000013,0.020598718238249547,8067
22,-0.5999999999999979,-0.8999999999999981,43,12,-4.340000000000003,-0.024820056354218245,0.4166666666666667,-0.0020122133861503835,3.0833333333333335,-0.04541877459246779,-8.080000000000013,0.020598718238249547,8068
22,-0.4999999999999978,-0.9999999999999982,43,12,-4.340000000000003,-0.024820056354218245,0.4166666666666667,-0.0020122133861503835,3.0833333333333335,-0.04541877459246779,-8.080000000000013,0.020598718238249547,8069
22,-0.4999999999999978,-0.8999999999999981,43,12,-4.340000000000003,-0.024820056354218245,0.4166666666666667,-0.0020122133861503835,3.0833333333333335,-0.04541877459246779,-8.080000000000013,0.020598718238249547,8070
22,-0.5999999999999979,-1.4999999999999987,43,13,-4.250000000000028,-0.024854994531487318,0.46153846153846156,-0.0018456381963270698,3.1538461538461537,-0.04541877459246779,-8.080000000000013,0.020563780060980474,8071
22,-0.5999999999999979,-1.3999999999999986,43,13,-4.250000000000028,-0.024854994531487318,0.46153846153846156,-0.0018456381963270698,3.1538461538461537,-0.04541877459246779,-8.080000000000013,0.020563780060980474,8072
22,-0.4999999999999978,-1.4999999999999987,43,13,-4.250000000000028,-0.024854994531487318,0.46153846153846156,-0.0018456381963270698,3.1538461538461537,-0.04541877459246779,-8.080000000000013,0.020563780060980474,8073
22,-0.4999999999999978,-1.3999999999999986,43,13,-4.250000000000028,-0.024854994531487318,0.46153846153846156,-0.0018456381963270698,3.1538461538461537,-0.04541877459246779,-8.080000000000013,0.020563780060980474,8074
10,-2.2999999999999994,-0.8999999999999981,55,16,-4.2099999999999795,-0.024860111054816447,0.5,-0.0014690035040472865,1.5,-0.007654999123473449,-1.3100000000000023,-0.017205111931342998,8075
10,-2.2999999999999994,-0.799999999999998,55,16,-4.2099999999999795,-0.024860111054816447,0.5,-0.0014690035040472865,1.5,-0.007654999123473449,-1.3100000000000023,-0.017205111931342998,8076
10,-2.1999999999999993,-0.8999999999999981,55,16,-4.2099999999999795,-0.024860111054816447,0.5,-0.0014690035040472865,1.5,-0.007654999123473449,-1.3100000000000023,-0.017205111931342998,8077
10,-2.1999999999999993,-0.799999999999998,55,16,-4.2099999999999795,-0.024860111054816447,0.5,-0.0014690035040472865,1.5,-0.007654999123473449,-1.3100000000000023,-0.017205111931342998,8078
10,-2.099999999999999,-0.8999999999999981,55,16,-4.2099999999999795,-0.024860111054816447,0.5,-0.0014690035040472865,1.5,-0.007654999123473449,-1.3100000000000023,-0.017205111931342998,8079
10,-2.099999999999999,-0.799999999999998,55,16,-4.2099999999999795,-0.024860111054816447,0.5,-0.0014690035040472865,1.5,-0.007654999123473449,-1.3100000000000023,-0.017205111931342998,8080
10,-1.9999999999999991,-0.8999999999999981,55,16,-4.2099999999999795,-0.024860111054816447,0.5,-0.0014690035040472865,1.5,-0.007654999123473449,-1.3100000000000023,-0.017205111931342998,8081
10,-1.9999999999999991,-0.799999999999998,55,16,-4.2099999999999795,-0.024860111054816447,0.5,-0.0014690035040472865,1.5,-0.007654999123473449,-1.3100000000000023,-0.017205111931342998,8082
22,-2.9,1.600000000000004,43,2,-4.270000000000039,-0.02495741428259468,0.0,-0.012486750158078985,3.0,-0.04541877459246779,-8.080000000000013,0.02046136030987311,8083
22,-2.9,1.7000000000000046,43,2,-4.270000000000039,-0.02495741428259468,0.0,-0.012486750158078985,3.0,-0.04541877459246779,-8.080000000000013,0.02046136030987311,8084
22,-2.9,1.8000000000000043,43,2,-4.270000000000039,-0.02495741428259468,0.0,-0.012486750158078985,3.0,-0.04541877459246779,-8.080000000000013,0.02046136030987311,8085
22,-2.9,1.900000000000004,43,2,-4.270000000000039,-0.02495741428259468,0.0,-0.012486750158078985,3.0,-0.04541877459246779,-8.080000000000013,0.02046136030987311,8086
22,-2.8,1.600000000000004,43,2,-4.270000000000039,-0.02495741428259468,0.0,-0.012486750158078985,3.0,-0.04541877459246779,-8.080000000000013,0.02046136030987311,8087
22,-2.8,1.7000000000000046,43,2,-4.270000000000039,-0.02495741428259468,0.0,-0.012486750158078985,3.0,-0.04541877459246779,-8.080000000000013,0.02046136030987311,8088
22,-2.8,1.8000000000000043,43,2,-4.270000000000039,-0.02495741428259468,0.0,-0.012486750158078985,3.0,-0.04541877459246779,-8.080000000000013,0.02046136030987311,8089
22,-2.8,1.900000000000004,43,2,-4.270000000000039,-0.02495741428259468,0.0,-0.012486750158078985,3.0,-0.04541877459246779,-8.080000000000013,0.02046136030987311,8090
22,-2.6999999999999997,1.600000000000004,43,2,-4.270000000000039,-0.02495741428259468,0.0,-0.012486750158078985,3.0,-0.04541877459246779,-8.080000000000013,0.02046136030987311,8091
22,-2.6999999999999997,1.7000000000000046,43,2,-4.270000000000039,-0.02495741428259468,0.0,-0.012486750158078985,3.0,-0.04541877459246779,-8.080000000000013,0.02046136030987311,8092
22,-2.6999999999999997,1.8000000000000043,43,2,-4.270000000000039,-0.02495741428259468,0.0,-0.012486750158078985,3.0,-0.04541877459246779,-8.080000000000013,0.02046136030987311,8093
22,-2.6999999999999997,1.900000000000004,43,2,-4.270000000000039,-0.02495741428259468,0.0,-0.012486750158078985,3.0,-0.04541877459246779,-8.080000000000013,0.02046136030987311,8094
22,-2.5999999999999996,1.600000000000004,43,2,-4.270000000000039,-0.02495741428259468,0.0,-0.012486750158078985,3.0,-0.04541877459246779,-8.080000000000013,0.02046136030987311,8095
22,-2.5999999999999996,1.7000000000000046,43,2,-4.270000000000039,-0.02495741428259468,0.0,-0.012486750158078985,3.0,-0.04541877459246779,-8.080000000000013,0.02046136030987311,8096
22,-2.5999999999999996,1.8000000000000043,43,2,-4.270000000000039,-0.02495741428259468,0.0,-0.012486750158078985,3.0,-0.04541877459246779,-8.080000000000013,0.02046136030987311,8097
22,-2.5999999999999996,1.900000000000004,43,2,-4.270000000000039,-0.02495741428259468,0.0,-0.012486750158078985,3.0,-0.04541877459246779,-8.080000000000013,0.02046136030987311,8098
22,-2.4999999999999996,1.600000000000004,43,2,-4.270000000000039,-0.02495741428259468,0.0,-0.012486750158078985,3.0,-0.04541877459246779,-8.080000000000013,0.02046136030987311,8099
22,-2.4999999999999996,1.7000000000000046,43,2,-4.270000000000039,-0.02495741428259468,0.0,-0.012486750158078985,3.0,-0.04541877459246779,-8.080000000000013,0.02046136030987311,8100
22,-2.4999999999999996,1.8000000000000043,43,2,-4.270000000000039,-0.02495741428259468,0.0,-0.012486750158078985,3.0,-0.04541877459246779,-8.080000000000013,0.02046136030987311,8101
22,-2.4999999999999996,1.900000000000004,43,2,-4.270000000000039,-0.02495741428259468,0.0,-0.012486750158078985,3.0,-0.04541877459246779,-8.080000000000013,0.02046136030987311,8102
22,-2.3999999999999995,1.600000000000004,43,2,-4.270000000000039,-0.02495741428259468,0.0,-0.012486750158078985,3.0,-0.04541877459246779,-8.080000000000013,0.02046136030987311,8103
22,-2.3999999999999995,1.7000000000000046,43,2,-4.270000000000039,-0.02495741428259468,0.0,-0.012486750158078985,3.0,-0.04541877459246779,-8.080000000000013,0.02046136030987311,8104
22,-2.3999999999999995,1.8000000000000043,43,2,-4.270000000000039,-0.02495741428259468,0.0,-0.012486750158078985,3.0,-0.04541877459246779,-8.080000000000013,0.02046136030987311,8105
22,-2.3999999999999995,1.900000000000004,43,2,-4.270000000000039,-0.02495741428259468,0.0,-0.012486750158078985,3.0,-0.04541877459246779,-8.080000000000013,0.02046136030987311,8106
22,-2.2999999999999994,1.600000000000004,43,2,-4.270000000000039,-0.02495741428259468,0.0,-0.012486750158078985,3.0,-0.04541877459246779,-8.080000000000013,0.02046136030987311,8107
22,-2.2999999999999994,1.7000000000000046,43,2,-4.270000000000039,-0.02495741428259468,0.0,-0.012486750158078985,3.0,-0.04541877459246779,-8.080000000000013,0.02046136030987311,8108
22,-2.2999999999999994,1.8000000000000043,43,2,-4.270000000000039,-0.02495741428259468,0.0,-0.012486750158078985,3.0,-0.04541877459246779,-8.080000000000013,0.02046136030987311,8109
22,-2.2999999999999994,1.900000000000004,43,2,-4.270000000000039,-0.02495741428259468,0.0,-0.012486750158078985,3.0,-0.04541877459246779,-8.080000000000013,0.02046136030987311,8110
22,-2.1999999999999993,1.600000000000004,43,2,-4.270000000000039,-0.02495741428259468,0.0,-0.012486750158078985,3.0,-0.04541877459246779,-8.080000000000013,0.02046136030987311,8111
22,-2.1999999999999993,1.7000000000000046,43,2,-4.270000000000039,-0.02495741428259468,0.0,-0.012486750158078985,3.0,-0.04541877459246779,-8.080000000000013,0.02046136030987311,8112
22,-2.1999999999999993,1.8000000000000043,43,2,-4.270000000000039,-0.02495741428259468,0.0,-0.012486750158078985,3.0,-0.04541877459246779,-8.080000000000013,0.02046136030987311,8113
22,-2.1999999999999993,1.900000000000004,43,2,-4.270000000000039,-0.02495741428259468,0.0,-0.012486750158078985,3.0,-0.04541877459246779,-8.080000000000013,0.02046136030987311,8114
22,-2.099999999999999,1.600000000000004,43,2,-4.270000000000039,-0.02495741428259468,0.0,-0.012486750158078985,3.0,-0.04541877459246779,-8.080000000000013,0.02046136030987311,8115
22,-2.099999999999999,1.7000000000000046,43,2,-4.270000000000039,-0.02495741428259468,0.0,-0.012486750158078985,3.0,-0.04541877459246779,-8.080000000000013,0.02046136030987311,8116
22,-2.099999999999999,1.8000000000000043,43,2,-4.270000000000039,-0.02495741428259468,0.0,-0.012486750158078985,3.0,-0.04541877459246779,-8.080000000000013,0.02046136030987311,8117
22,-2.099999999999999,1.900000000000004,43,2,-4.270000000000039,-0.02495741428259468,0.0,-0.012486750158078985,3.0,-0.04541877459246779,-8.080000000000013,0.02046136030987311,8118
10,-1.799999999999999,0.20000000000000284,55,11,-4.260000000000048,-0.02501974497402293,0.45454545454545453,-0.002258813775926102,1.8181818181818181,-0.007654999123473449,-1.3100000000000023,-0.01736474585054948,8119
10,-1.799999999999999,0.30000000000000293,55,11,-4.260000000000048,-0.02501974497402293,0.45454545454545453,-0.002258813775926102,1.8181818181818181,-0.007654999123473449,-1.3100000000000023,-0.01736474585054948,8120
5,-1.2999999999999985,-1.5999999999999988,60,25,-4.239999999999981,-0.025095339978662645,0.6,-0.0009225156061795481,1.64,-0.0014112666117841455,-0.2400000000000091,-0.0236840733668785,8121
5,-1.0999999999999983,2.6645352591003757e-15,60,10,-4.310000000000031,-0.025105856343688893,0.6,-0.00240341814710745,2.5,-0.0014112666117841455,-0.2400000000000091,-0.023694589731904747,8122
5,-0.9999999999999982,2.6645352591003757e-15,60,10,-4.310000000000031,-0.025105856343688893,0.6,-0.00240341814710745,2.5,-0.0014112666117841455,-0.2400000000000091,-0.023694589731904747,8123
5,-0.8999999999999981,2.6645352591003757e-15,60,10,-4.310000000000031,-0.025105856343688893,0.6,-0.00240341814710745,2.5,-0.0014112666117841455,-0.2400000000000091,-0.023694589731904747,8124
5,-0.799999999999998,2.6645352591003757e-15,60,10,-4.310000000000031,-0.025105856343688893,0.6,-0.00240341814710745,2.5,-0.0014112666117841455,-0.2400000000000091,-0.023694589731904747,8125
5,-0.699999999999998,2.6645352591003757e-15,60,10,-4.310000000000031,-0.025105856343688893,0.6,-0.00240341814710745,2.5,-0.0014112666117841455,-0.2400000000000091,-0.023694589731904747,8126
5,-0.5999999999999979,2.6645352591003757e-15,60,10,-4.310000000000031,-0.025105856343688893,0.6,-0.00240341814710745,2.5,-0.0014112666117841455,-0.2400000000000091,-0.023694589731904747,8127
5,-1.799999999999999,1.400000000000004,60,5,-4.2400000000000375,-0.025111894645732935,0.6,-0.004935223893614204,1.6,-0.0014112666117841455,-0.2400000000000091,-0.02370062803394879,8128
5,-1.6999999999999988,1.400000000000004,60,5,-4.2400000000000375,-0.025111894645732935,0.6,-0.004935223893614204,1.6,-0.0014112666117841455,-0.2400000000000091,-0.02370062803394879,8129
22,-0.3999999999999977,-0.9999999999999982,43,11,-4.420000000000016,-0.02519879593166119,0.5454545454545454,-0.0022475855632978392,3.1818181818181817,-0.04541877459246779,-8.080000000000013,0.020219978660806603,8130
22,-0.3999999999999977,-0.8999999999999981,43,11,-4.420000000000016,-0.02519879593166119,0.5454545454545454,-0.0022475855632978392,3.1818181818181817,-0.04541877459246779,-8.080000000000013,0.020219978660806603,8131
22,-0.2999999999999976,-0.9999999999999982,43,11,-4.420000000000016,-0.02519879593166119,0.5454545454545454,-0.0022475855632978392,3.1818181818181817,-0.04541877459246779,-8.080000000000013,0.020219978660806603,8132
22,-0.2999999999999976,-0.8999999999999981,43,11,-4.420000000000016,-0.02519879593166119,0.5454545454545454,-0.0022475855632978392,3.1818181818181817,-0.04541877459246779,-8.080000000000013,0.020219978660806603,8133
22,-0.799999999999998,-0.4999999999999978,43,8,-4.360000000000042,-0.025201390040210048,0.75,-0.003030157610179371,3.75,-0.04541877459246779,-8.080000000000013,0.020217384552257744,8134
22,-0.699999999999998,-0.4999999999999978,43,8,-4.360000000000042,-0.025201390040210048,0.75,-0.003030157610179371,3.75,-0.04541877459246779,-8.080000000000013,0.020217384552257744,8135
10,0.20000000000000284,1.0000000000000036,55,3,-4.330000000000041,-0.025394980367935194,0.6666666666666666,-0.007988794160657342,10.0,-0.007654999123473449,-1.3100000000000023,-0.017739981244461744,8136
10,0.20000000000000284,1.1000000000000032,55,3,-4.330000000000041,-0.025394980367935194,0.6666666666666666,-0.007988794160657342,10.0,-0.007654999123473449,-1.3100000000000023,-0.017739981244461744,8137
22,-1.1999999999999984,-0.799999999999998,43,12,-4.4900000000000375,-0.025427268952271098,0.6666666666666666,-0.002037591909258174,2.25,-0.04541877459246779,-8.080000000000013,0.019991505640196694,8138
10,-0.4999999999999978,-1.3999999999999986,55,12,-4.299999999999983,-0.025512151780157533,0.6666666666666666,-0.0020256647776182024,3.1666666666666665,-0.007654999123473449,-1.3100000000000023,-0.017857152656684083,8139
10,-0.4999999999999978,-1.2999999999999985,55,12,-4.299999999999983,-0.025512151780157533,0.6666666666666666,-0.0020256647776182024,3.1666666666666665,-0.007654999123473449,-1.3100000000000023,-0.017857152656684083,8140
5,-0.2999999999999976,-1.5999999999999988,60,18,-4.319999999999993,-0.025525743206510465,0.6111111111111112,-0.00133604984073883,3.0555555555555554,-0.0014112666117841455,-0.2400000000000091,-0.02411447659472632,8141
22,0.5000000000000031,-0.9999999999999982,43,6,-4.52000000000001,-0.025557055724327538,0.5,-0.004181545968271361,7.666666666666667,-0.04541877459246779,-8.080000000000013,0.019861718868140255,8142
22,0.5000000000000031,-0.8999999999999981,43,6,-4.52000000000001,-0.025557055724327538,0.5,-0.004181545968271361,7.666666666666667,-0.04541877459246779,-8.080000000000013,0.019861718868140255,8143
5,-1.1999999999999984,-0.3999999999999977,60,12,-4.420000000000044,-0.025569021309999163,0.5833333333333334,-0.0020394680352931647,2.25,-0.0014112666117841455,-0.2400000000000091,-0.024157754698215017,8144
10,-1.799999999999999,1.1000000000000032,55,4,-4.360000000000042,-0.025592319101282457,0.25,-0.006379501124644388,3.25,-0.007654999123473449,-1.3100000000000023,-0.017937319977809008,8145
5,-1.0999999999999983,-1.1999999999999984,60,18,-4.430000000000007,-0.025756756907575173,0.6111111111111112,-0.0013696411233441947,2.0555555555555554,-0.0014112666117841455,-0.2400000000000091,-0.024345490295791028,8146
5,-0.9999999999999982,-1.1999999999999984,60,18,-4.430000000000007,-0.025756756907575173,0.6111111111111112,-0.0013696411233441947,2.0555555555555554,-0.0014112666117841455,-0.2400000000000091,-0.024345490295791028,8147
5,-0.8999999999999981,-1.1999999999999984,60,18,-4.430000000000007,-0.025756756907575173,0.6111111111111112,-0.0013696411233441947,2.0555555555555554,-0.0014112666117841455,-0.2400000000000091,-0.024345490295791028,8148
5,-0.799999999999998,-1.1999999999999984,60,18,-4.430000000000007,-0.025756756907575173,0.6111111111111112,-0.0013696411233441947,2.0555555555555554,-0.0014112666117841455,-0.2400000000000091,-0.024345490295791028,8149
5,-0.699999999999998,-1.1999999999999984,60,18,-4.430000000000007,-0.025756756907575173,0.6111111111111112,-0.0013696411233441947,2.0555555555555554,-0.0014112666117841455,-0.2400000000000091,-0.024345490295791028,8150
5,-0.5999999999999979,-1.1999999999999984,60,18,-4.430000000000007,-0.025756756907575173,0.6111111111111112,-0.0013696411233441947,2.0555555555555554,-0.0014112666117841455,-0.2400000000000091,-0.024345490295791028,8151
5,-1.5999999999999988,-0.3999999999999977,60,14,-4.340000000000003,-0.025773874413739906,0.5,-0.0018043539282997512,1.4285714285714286,-0.0014112666117841455,-0.2400000000000091,-0.02436260780195576,8152
5,-1.4999999999999987,-0.3999999999999977,60,14,-4.340000000000003,-0.025773874413739906,0.5,-0.0018043539282997512,1.4285714285714286,-0.0014112666117841455,-0.2400000000000091,-0.02436260780195576,8153
5,-1.3999999999999986,-0.3999999999999977,60,14,-4.340000000000003,-0.025773874413739906,0.5,-0.0018043539282997512,1.4285714285714286,-0.0014112666117841455,-0.2400000000000091,-0.02436260780195576,8154
5,0.20000000000000284,1.2000000000000037,60,4,-4.4500000000000455,-0.02580708280062871,0.75,-0.006147224952857383,6.25,-0.0014112666117841455,-0.2400000000000091,-0.024395816188844566,8155
5,0.20000000000000284,1.3000000000000043,60,4,-4.4500000000000455,-0.02580708280062871,0.75,-0.006147224952857383,6.25,-0.0014112666117841455,-0.2400000000000091,-0.024395816188844566,8156
5,0.30000000000000293,1.2000000000000037,60,4,-4.4500000000000455,-0.02580708280062871,0.75,-0.006147224952857383,6.25,-0.0014112666117841455,-0.2400000000000091,-0.024395816188844566,8157
5,0.30000000000000293,1.3000000000000043,60,4,-4.4500000000000455,-0.02580708280062871,0.75,-0.006147224952857383,6.25,-0.0014112666117841455,-0.2400000000000091,-0.024395816188844566,8158
5,-0.1999999999999975,-1.0999999999999983,60,12,-4.469999999999999,-0.025834574442427982,0.75,-0.001980192598685306,3.4166666666666665,-0.0014112666117841455,-0.2400000000000091,-0.024423307830643837,8159
5,-0.09999999999999742,-1.0999999999999983,60,12,-4.469999999999999,-0.025834574442427982,0.75,-0.001980192598685306,3.4166666666666665,-0.0014112666117841455,-0.2400000000000091,-0.024423307830643837,8160
5,2.6645352591003757e-15,-1.0999999999999983,60,12,-4.469999999999999,-0.025834574442427982,0.75,-0.001980192598685306,3.4166666666666665,-0.0014112666117841455,-0.2400000000000091,-0.024423307830643837,8161
10,1.600000000000004,1.0000000000000036,55,2,-4.5400000000000205,-0.02594176415970506,0.5,-0.012655051306156295,19.5,-0.007654999123473449,-1.3100000000000023,-0.01828676503623161,8162
10,1.600000000000004,1.1000000000000032,55,2,-4.5400000000000205,-0.02594176415970506,0.5,-0.012655051306156295,19.5,-0.007654999123473449,-1.3100000000000023,-0.01828676503623161,8163
10,1.7000000000000046,1.0000000000000036,55,2,-4.5400000000000205,-0.02594176415970506,0.5,-0.012655051306156295,19.5,-0.007654999123473449,-1.3100000000000023,-0.01828676503623161,8164
10,1.7000000000000046,1.1000000000000032,55,2,-4.5400000000000205,-0.02594176415970506,0.5,-0.012655051306156295,19.5,-0.007654999123473449,-1.3100000000000023,-0.01828676503623161,8165
10,1.8000000000000043,1.0000000000000036,55,2,-4.5400000000000205,-0.02594176415970506,0.5,-0.012655051306156295,19.5,-0.007654999123473449,-1.3100000000000023,-0.01828676503623161,8166
10,1.8000000000000043,1.1000000000000032,55,2,-4.5400000000000205,-0.02594176415970506,0.5,-0.012655051306156295,19.5,-0.007654999123473449,-1.3100000000000023,-0.01828676503623161,8167
10,1.900000000000004,1.0000000000000036,55,2,-4.5400000000000205,-0.02594176415970506,0.5,-0.012655051306156295,19.5,-0.007654999123473449,-1.3100000000000023,-0.01828676503623161,8168
10,1.900000000000004,1.1000000000000032,55,2,-4.5400000000000205,-0.02594176415970506,0.5,-0.012655051306156295,19.5,-0.007654999123473449,-1.3100000000000023,-0.01828676503623161,8169
10,2.0000000000000044,1.0000000000000036,55,2,-4.5400000000000205,-0.02594176415970506,0.5,-0.012655051306156295,19.5,-0.007654999123473449,-1.3100000000000023,-0.01828676503623161,8170
10,2.0000000000000044,1.1000000000000032,55,2,-4.5400000000000205,-0.02594176415970506,0.5,-0.012655051306156295,19.5,-0.007654999123473449,-1.3100000000000023,-0.01828676503623161,8171
22,1.400000000000004,-0.2999999999999976,43,1,-4.570000000000022,-0.02600432457038815,0.0,-0.02600432457038815,48.0,-0.04541877459246779,-8.080000000000013,0.019414450022079643,8172
22,1.400000000000004,-0.1999999999999975,43,1,-4.570000000000022,-0.02600432457038815,0.0,-0.02600432457038815,48.0,-0.04541877459246779,-8.080000000000013,0.019414450022079643,8173
22,1.400000000000004,-0.09999999999999742,43,1,-4.570000000000022,-0.02600432457038815,0.0,-0.02600432457038815,48.0,-0.04541877459246779,-8.080000000000013,0.019414450022079643,8174
22,1.400000000000004,2.6645352591003757e-15,43,1,-4.570000000000022,-0.02600432457038815,0.0,-0.02600432457038815,48.0,-0.04541877459246779,-8.080000000000013,0.019414450022079643,8175
22,1.400000000000004,0.10000000000000275,43,1,-4.570000000000022,-0.02600432457038815,0.0,-0.02600432457038815,48.0,-0.04541877459246779,-8.080000000000013,0.019414450022079643,8176
22,1.5000000000000036,-0.2999999999999976,43,1,-4.570000000000022,-0.02600432457038815,0.0,-0.02600432457038815,48.0,-0.04541877459246779,-8.080000000000013,0.019414450022079643,8177
22,1.5000000000000036,-0.1999999999999975,43,1,-4.570000000000022,-0.02600432457038815,0.0,-0.02600432457038815,48.0,-0.04541877459246779,-8.080000000000013,0.019414450022079643,8178
22,1.5000000000000036,-0.09999999999999742,43,1,-4.570000000000022,-0.02600432457038815,0.0,-0.02600432457038815,48.0,-0.04541877459246779,-8.080000000000013,0.019414450022079643,8179
22,1.5000000000000036,2.6645352591003757e-15,43,1,-4.570000000000022,-0.02600432457038815,0.0,-0.02600432457038815,48.0,-0.04541877459246779,-8.080000000000013,0.019414450022079643,8180
22,1.5000000000000036,0.10000000000000275,43,1,-4.570000000000022,-0.02600432457038815,0.0,-0.02600432457038815,48.0,-0.04541877459246779,-8.080000000000013,0.019414450022079643,8181
10,-0.9999999999999982,-0.8999999999999981,55,12,-4.450000000000017,-0.026069795579446775,0.5833333333333334,-0.002052874825829295,2.5,-0.007654999123473449,-1.3100000000000023,-0.018414796455973326,8182
10,-0.9999999999999982,-0.799999999999998,55,12,-4.450000000000017,-0.026069795579446775,0.5833333333333334,-0.002052874825829295,2.5,-0.007654999123473449,-1.3100000000000023,-0.018414796455973326,8183
5,-0.1999999999999975,1.400000000000004,60,4,-4.500000000000057,-0.026127573777557145,0.75,-0.006190128027958625,5.0,-0.0014112666117841455,-0.2400000000000091,-0.024716307165773,8184
5,-0.09999999999999742,1.400000000000004,60,4,-4.500000000000057,-0.026127573777557145,0.75,-0.006190128027958625,5.0,-0.0014112666117841455,-0.2400000000000091,-0.024716307165773,8185
5,2.6645352591003757e-15,1.400000000000004,60,4,-4.500000000000057,-0.026127573777557145,0.75,-0.006190128027958625,5.0,-0.0014112666117841455,-0.2400000000000091,-0.024716307165773,8186
5,0.10000000000000275,1.400000000000004,60,4,-4.500000000000057,-0.026127573777557145,0.75,-0.006190128027958625,5.0,-0.0014112666117841455,-0.2400000000000091,-0.024716307165773,8187
5,-1.2999999999999985,-1.2999999999999985,60,23,-4.390000000000043,-0.02618207069231593,0.6086956521739131,-0.001055067892401772,1.6956521739130435,-0.0014112666117841455,-0.2400000000000091,-0.024770804080531783,8188
22,2.6645352591003757e-15,-0.3999999999999977,43,4,-4.5400000000000205,-0.026201313083341504,0.5,-0.00644598467617899,8.5,-0.04541877459246779,-8.080000000000013,0.019217461509126288,8189
22,-1.4999999999999987,1.600000000000004,43,1,-4.52000000000001,-0.02641575594646728,0.0,-0.02641575594646728,9.0,-0.04541877459246779,-8.080000000000013,0.019003018646000513,8190
22,-1.4999999999999987,1.7000000000000046,43,1,-4.52000000000001,-0.02641575594646728,0.0,-0.02641575594646728,9.0,-0.04541877459246779,-8.080000000000013,0.019003018646000513,8191
22,-1.4999999999999987,1.8000000000000043,43,1,-4.52000000000001,-0.02641575594646728,0.0,-0.02641575594646728,9.0,-0.04541877459246779,-8.080000000000013,0.019003018646000513,8192
22,-1.4999999999999987,1.900000000000004,43,1,-4.52000000000001,-0.02641575594646728,0.0,-0.02641575594646728,9.0,-0.04541877459246779,-8.080000000000013,0.019003018646000513,8193
22,-1.4999999999999987,2.0000000000000044,43,1,-4.52000000000001,-0.02641575594646728,0.0,-0.02641575594646728,9.0,-0.04541877459246779,-8.080000000000013,0.019003018646000513,8194
22,-1.4999999999999987,2.100000000000005,43,1,-4.52000000000001,-0.02641575594646728,0.0,-0.02641575594646728,9.0,-0.04541877459246779,-8.080000000000013,0.019003018646000513,8195
22,-1.4999999999999987,2.2000000000000046,43,1,-4.52000000000001,-0.02641575594646728,0.0,-0.02641575594646728,9.0,-0.04541877459246779,-8.080000000000013,0.019003018646000513,8196
22,-1.4999999999999987,2.3000000000000043,43,1,-4.52000000000001,-0.02641575594646728,0.0,-0.02641575594646728,9.0,-0.04541877459246779,-8.080000000000013,0.019003018646000513,8197
22,-1.4999999999999987,2.400000000000005,43,1,-4.52000000000001,-0.02641575594646728,0.0,-0.02641575594646728,9.0,-0.04541877459246779,-8.080000000000013,0.019003018646000513,8198
22,-1.4999999999999987,2.5000000000000053,43,1,-4.52000000000001,-0.02641575594646728,0.0,-0.02641575594646728,9.0,-0.04541877459246779,-8.080000000000013,0.019003018646000513,8199
22,-1.4999999999999987,2.600000000000005,43,1,-4.52000000000001,-0.02641575594646728,0.0,-0.02641575594646728,9.0,-0.04541877459246779,-8.080000000000013,0.019003018646000513,8200
22,-1.4999999999999987,2.7000000000000046,43,1,-4.52000000000001,-0.02641575594646728,0.0,-0.02641575594646728,9.0,-0.04541877459246779,-8.080000000000013,0.019003018646000513,8201
22,-1.4999999999999987,2.800000000000005,43,1,-4.52000000000001,-0.02641575594646728,0.0,-0.02641575594646728,9.0,-0.04541877459246779,-8.080000000000013,0.019003018646000513,8202
22,-1.4999999999999987,2.9000000000000057,43,1,-4.52000000000001,-0.02641575594646728,0.0,-0.02641575594646728,9.0,-0.04541877459246779,-8.080000000000013,0.019003018646000513,8203
22,-1.3999999999999986,1.600000000000004,43,1,-4.52000000000001,-0.02641575594646728,0.0,-0.02641575594646728,9.0,-0.04541877459246779,-8.080000000000013,0.019003018646000513,8204
22,-1.3999999999999986,1.7000000000000046,43,1,-4.52000000000001,-0.02641575594646728,0.0,-0.02641575594646728,9.0,-0.04541877459246779,-8.080000000000013,0.019003018646000513,8205
22,-1.3999999999999986,1.8000000000000043,43,1,-4.52000000000001,-0.02641575594646728,0.0,-0.02641575594646728,9.0,-0.04541877459246779,-8.080000000000013,0.019003018646000513,8206
22,-1.3999999999999986,1.900000000000004,43,1,-4.52000000000001,-0.02641575594646728,0.0,-0.02641575594646728,9.0,-0.04541877459246779,-8.080000000000013,0.019003018646000513,8207
22,-1.3999999999999986,2.0000000000000044,43,1,-4.52000000000001,-0.02641575594646728,0.0,-0.02641575594646728,9.0,-0.04541877459246779,-8.080000000000013,0.019003018646000513,8208
22,-1.3999999999999986,2.100000000000005,43,1,-4.52000000000001,-0.02641575594646728,0.0,-0.02641575594646728,9.0,-0.04541877459246779,-8.080000000000013,0.019003018646000513,8209
22,-1.3999999999999986,2.2000000000000046,43,1,-4.52000000000001,-0.02641575594646728,0.0,-0.02641575594646728,9.0,-0.04541877459246779,-8.080000000000013,0.019003018646000513,8210
22,-1.3999999999999986,2.3000000000000043,43,1,-4.52000000000001,-0.02641575594646728,0.0,-0.02641575594646728,9.0,-0.04541877459246779,-8.080000000000013,0.019003018646000513,8211
22,-1.3999999999999986,2.400000000000005,43,1,-4.52000000000001,-0.02641575594646728,0.0,-0.02641575594646728,9.0,-0.04541877459246779,-8.080000000000013,0.019003018646000513,8212
22,-1.3999999999999986,2.5000000000000053,43,1,-4.52000000000001,-0.02641575594646728,0.0,-0.02641575594646728,9.0,-0.04541877459246779,-8.080000000000013,0.019003018646000513,8213
22,-1.3999999999999986,2.600000000000005,43,1,-4.52000000000001,-0.02641575594646728,0.0,-0.02641575594646728,9.0,-0.04541877459246779,-8.080000000000013,0.019003018646000513,8214
22,-1.3999999999999986,2.7000000000000046,43,1,-4.52000000000001,-0.02641575594646728,0.0,-0.02641575594646728,9.0,-0.04541877459246779,-8.080000000000013,0.019003018646000513,8215
22,-1.3999999999999986,2.800000000000005,43,1,-4.52000000000001,-0.02641575594646728,0.0,-0.02641575594646728,9.0,-0.04541877459246779,-8.080000000000013,0.019003018646000513,8216
22,-1.3999999999999986,2.9000000000000057,43,1,-4.52000000000001,-0.02641575594646728,0.0,-0.02641575594646728,9.0,-0.04541877459246779,-8.080000000000013,0.019003018646000513,8217
22,-1.2999999999999985,1.600000000000004,43,1,-4.52000000000001,-0.02641575594646728,0.0,-0.02641575594646728,9.0,-0.04541877459246779,-8.080000000000013,0.019003018646000513,8218
22,-1.2999999999999985,1.7000000000000046,43,1,-4.52000000000001,-0.02641575594646728,0.0,-0.02641575594646728,9.0,-0.04541877459246779,-8.080000000000013,0.019003018646000513,8219
22,-1.2999999999999985,1.8000000000000043,43,1,-4.52000000000001,-0.02641575594646728,0.0,-0.02641575594646728,9.0,-0.04541877459246779,-8.080000000000013,0.019003018646000513,8220
22,-1.2999999999999985,1.900000000000004,43,1,-4.52000000000001,-0.02641575594646728,0.0,-0.02641575594646728,9.0,-0.04541877459246779,-8.080000000000013,0.019003018646000513,8221
22,-1.2999999999999985,2.0000000000000044,43,1,-4.52000000000001,-0.02641575594646728,0.0,-0.02641575594646728,9.0,-0.04541877459246779,-8.080000000000013,0.019003018646000513,8222
22,-1.2999999999999985,2.100000000000005,43,1,-4.52000000000001,-0.02641575594646728,0.0,-0.02641575594646728,9.0,-0.04541877459246779,-8.080000000000013,0.019003018646000513,8223
22,-1.2999999999999985,2.2000000000000046,43,1,-4.52000000000001,-0.02641575594646728,0.0,-0.02641575594646728,9.0,-0.04541877459246779,-8.080000000000013,0.019003018646000513,8224
22,-1.2999999999999985,2.3000000000000043,43,1,-4.52000000000001,-0.02641575594646728,0.0,-0.02641575594646728,9.0,-0.04541877459246779,-8.080000000000013,0.019003018646000513,8225
22,-1.2999999999999985,2.400000000000005,43,1,-4.52000000000001,-0.02641575594646728,0.0,-0.02641575594646728,9.0,-0.04541877459246779,-8.080000000000013,0.019003018646000513,8226
22,-1.2999999999999985,2.5000000000000053,43,1,-4.52000000000001,-0.02641575594646728,0.0,-0.02641575594646728,9.0,-0.04541877459246779,-8.080000000000013,0.019003018646000513,8227
22,-1.2999999999999985,2.600000000000005,43,1,-4.52000000000001,-0.02641575594646728,0.0,-0.02641575594646728,9.0,-0.04541877459246779,-8.080000000000013,0.019003018646000513,8228
22,-1.2999999999999985,2.7000000000000046,43,1,-4.52000000000001,-0.02641575594646728,0.0,-0.02641575594646728,9.0,-0.04541877459246779,-8.080000000000013,0.019003018646000513,8229
22,-1.2999999999999985,2.800000000000005,43,1,-4.52000000000001,-0.02641575594646728,0.0,-0.02641575594646728,9.0,-0.04541877459246779,-8.080000000000013,0.019003018646000513,8230
22,-1.2999999999999985,2.9000000000000057,43,1,-4.52000000000001,-0.02641575594646728,0.0,-0.02641575594646728,9.0,-0.04541877459246779,-8.080000000000013,0.019003018646000513,8231
10,-0.699999999999998,1.900000000000004,55,1,-4.52000000000001,-0.02641575594646728,0.0,-0.02641575594646728,9.0,-0.007654999123473449,-1.3100000000000023,-0.01876075682299383,8232
10,-0.699999999999998,2.0000000000000044,55,1,-4.52000000000001,-0.02641575594646728,0.0,-0.02641575594646728,9.0,-0.007654999123473449,-1.3100000000000023,-0.01876075682299383,8233
10,-0.699999999999998,2.100000000000005,55,1,-4.52000000000001,-0.02641575594646728,0.0,-0.02641575594646728,9.0,-0.007654999123473449,-1.3100000000000023,-0.01876075682299383,8234
10,-0.699999999999998,2.2000000000000046,55,1,-4.52000000000001,-0.02641575594646728,0.0,-0.02641575594646728,9.0,-0.007654999123473449,-1.3100000000000023,-0.01876075682299383,8235
10,-0.699999999999998,2.3000000000000043,55,1,-4.52000000000001,-0.02641575594646728,0.0,-0.02641575594646728,9.0,-0.007654999123473449,-1.3100000000000023,-0.01876075682299383,8236
10,-0.5999999999999979,1.900000000000004,55,1,-4.52000000000001,-0.02641575594646728,0.0,-0.02641575594646728,9.0,-0.007654999123473449,-1.3100000000000023,-0.01876075682299383,8237
10,-0.5999999999999979,2.0000000000000044,55,1,-4.52000000000001,-0.02641575594646728,0.0,-0.02641575594646728,9.0,-0.007654999123473449,-1.3100000000000023,-0.01876075682299383,8238
10,-0.5999999999999979,2.100000000000005,55,1,-4.52000000000001,-0.02641575594646728,0.0,-0.02641575594646728,9.0,-0.007654999123473449,-1.3100000000000023,-0.01876075682299383,8239
10,-0.5999999999999979,2.2000000000000046,55,1,-4.52000000000001,-0.02641575594646728,0.0,-0.02641575594646728,9.0,-0.007654999123473449,-1.3100000000000023,-0.01876075682299383,8240
10,-0.5999999999999979,2.3000000000000043,55,1,-4.52000000000001,-0.02641575594646728,0.0,-0.02641575594646728,9.0,-0.007654999123473449,-1.3100000000000023,-0.01876075682299383,8241
10,-0.4999999999999978,1.900000000000004,55,1,-4.52000000000001,-0.02641575594646728,0.0,-0.02641575594646728,9.0,-0.007654999123473449,-1.3100000000000023,-0.01876075682299383,8242
10,-0.4999999999999978,2.0000000000000044,55,1,-4.52000000000001,-0.02641575594646728,0.0,-0.02641575594646728,9.0,-0.007654999123473449,-1.3100000000000023,-0.01876075682299383,8243
10,-0.4999999999999978,2.100000000000005,55,1,-4.52000000000001,-0.02641575594646728,0.0,-0.02641575594646728,9.0,-0.007654999123473449,-1.3100000000000023,-0.01876075682299383,8244
10,-0.4999999999999978,2.2000000000000046,55,1,-4.52000000000001,-0.02641575594646728,0.0,-0.02641575594646728,9.0,-0.007654999123473449,-1.3100000000000023,-0.01876075682299383,8245
10,-0.4999999999999978,2.3000000000000043,55,1,-4.52000000000001,-0.02641575594646728,0.0,-0.02641575594646728,9.0,-0.007654999123473449,-1.3100000000000023,-0.01876075682299383,8246
22,2.6645352591003757e-15,-0.799999999999998,43,7,-4.670000000000016,-0.026432983320112347,0.5714285714285714,-0.0036392880758846662,5.428571428571429,-0.04541877459246779,-8.080000000000013,0.018985791272355446,8247
5,-1.5999999999999988,2.6645352591003757e-15,60,12,-4.439999999999998,-0.026463975203046775,0.5833333333333334,-0.002165627014328597,1.5,-0.0014112666117841455,-0.2400000000000091,-0.02505270859126263,8248
5,-1.4999999999999987,2.6645352591003757e-15,60,12,-4.439999999999998,-0.026463975203046775,0.5833333333333334,-0.002165627014328597,1.5,-0.0014112666117841455,-0.2400000000000091,-0.02505270859126263,8249
5,-1.3999999999999986,2.6645352591003757e-15,60,12,-4.439999999999998,-0.026463975203046775,0.5833333333333334,-0.002165627014328597,1.5,-0.0014112666117841455,-0.2400000000000091,-0.02505270859126263,8250
22,-1.1999999999999984,1.600000000000004,43,1,-4.530000000000001,-0.026474197884401862,0.0,-0.026474197884401862,12.0,-0.04541877459246779,-8.080000000000013,0.01894457670806593,8251
22,-1.1999999999999984,1.7000000000000046,43,1,-4.530000000000001,-0.026474197884401862,0.0,-0.026474197884401862,12.0,-0.04541877459246779,-8.080000000000013,0.01894457670806593,8252
22,-1.1999999999999984,1.8000000000000043,43,1,-4.530000000000001,-0.026474197884401862,0.0,-0.026474197884401862,12.0,-0.04541877459246779,-8.080000000000013,0.01894457670806593,8253
22,-1.1999999999999984,1.900000000000004,43,1,-4.530000000000001,-0.026474197884401862,0.0,-0.026474197884401862,12.0,-0.04541877459246779,-8.080000000000013,0.01894457670806593,8254
22,-1.1999999999999984,2.0000000000000044,43,1,-4.530000000000001,-0.026474197884401862,0.0,-0.026474197884401862,12.0,-0.04541877459246779,-8.080000000000013,0.01894457670806593,8255
22,-1.1999999999999984,2.100000000000005,43,1,-4.530000000000001,-0.026474197884401862,0.0,-0.026474197884401862,12.0,-0.04541877459246779,-8.080000000000013,0.01894457670806593,8256
22,-1.1999999999999984,2.2000000000000046,43,1,-4.530000000000001,-0.026474197884401862,0.0,-0.026474197884401862,12.0,-0.04541877459246779,-8.080000000000013,0.01894457670806593,8257
22,-1.1999999999999984,2.3000000000000043,43,1,-4.530000000000001,-0.026474197884401862,0.0,-0.026474197884401862,12.0,-0.04541877459246779,-8.080000000000013,0.01894457670806593,8258
22,-1.1999999999999984,2.400000000000005,43,1,-4.530000000000001,-0.026474197884401862,0.0,-0.026474197884401862,12.0,-0.04541877459246779,-8.080000000000013,0.01894457670806593,8259
22,-1.1999999999999984,2.5000000000000053,43,1,-4.530000000000001,-0.026474197884401862,0.0,-0.026474197884401862,12.0,-0.04541877459246779,-8.080000000000013,0.01894457670806593,8260
22,-1.1999999999999984,2.600000000000005,43,1,-4.530000000000001,-0.026474197884401862,0.0,-0.026474197884401862,12.0,-0.04541877459246779,-8.080000000000013,0.01894457670806593,8261
22,-1.1999999999999984,2.7000000000000046,43,1,-4.530000000000001,-0.026474197884401862,0.0,-0.026474197884401862,12.0,-0.04541877459246779,-8.080000000000013,0.01894457670806593,8262
22,-1.1999999999999984,2.800000000000005,43,1,-4.530000000000001,-0.026474197884401862,0.0,-0.026474197884401862,12.0,-0.04541877459246779,-8.080000000000013,0.01894457670806593,8263
22,-1.1999999999999984,2.9000000000000057,43,1,-4.530000000000001,-0.026474197884401862,0.0,-0.026474197884401862,12.0,-0.04541877459246779,-8.080000000000013,0.01894457670806593,8264
10,-0.3999999999999977,1.900000000000004,55,1,-4.530000000000001,-0.026474197884401862,0.0,-0.026474197884401862,12.0,-0.007654999123473449,-1.3100000000000023,-0.018819198760928413,8265
10,-0.3999999999999977,2.0000000000000044,55,1,-4.530000000000001,-0.026474197884401862,0.0,-0.026474197884401862,12.0,-0.007654999123473449,-1.3100000000000023,-0.018819198760928413,8266
10,-0.3999999999999977,2.100000000000005,55,1,-4.530000000000001,-0.026474197884401862,0.0,-0.026474197884401862,12.0,-0.007654999123473449,-1.3100000000000023,-0.018819198760928413,8267
10,-0.3999999999999977,2.2000000000000046,55,1,-4.530000000000001,-0.026474197884401862,0.0,-0.026474197884401862,12.0,-0.007654999123473449,-1.3100000000000023,-0.018819198760928413,8268
10,-0.3999999999999977,2.3000000000000043,55,1,-4.530000000000001,-0.026474197884401862,0.0,-0.026474197884401862,12.0,-0.007654999123473449,-1.3100000000000023,-0.018819198760928413,8269
10,0.20000000000000284,0.6000000000000032,55,3,-4.53000000000003,-0.026549999353040477,0.6666666666666666,-0.008389949292448776,10.666666666666666,-0.007654999123473449,-1.3100000000000023,-0.018895000229567027,8270
10,0.20000000000000284,0.7000000000000033,55,3,-4.53000000000003,-0.026549999353040477,0.6666666666666666,-0.008389949292448776,10.666666666666666,-0.007654999123473449,-1.3100000000000023,-0.018895000229567027,8271
10,0.20000000000000284,0.8000000000000034,55,3,-4.53000000000003,-0.026549999353040477,0.6666666666666666,-0.008389949292448776,10.666666666666666,-0.007654999123473449,-1.3100000000000023,-0.018895000229567027,8272
10,0.20000000000000284,0.9000000000000035,55,3,-4.53000000000003,-0.026549999353040477,0.6666666666666666,-0.008389949292448776,10.666666666666666,-0.007654999123473449,-1.3100000000000023,-0.018895000229567027,8273
22,1.2000000000000037,0.10000000000000275,43,1,-4.670000000000016,-0.02657334698987146,0.0,-0.02657334698987146,34.0,-0.04541877459246779,-8.080000000000013,0.018845427602596332,8274
22,1.3000000000000043,0.10000000000000275,43,1,-4.670000000000016,-0.02657334698987146,0.0,-0.02657334698987146,34.0,-0.04541877459246779,-8.080000000000013,0.018845427602596332,8275
10,-0.4999999999999978,0.400000000000003,55,5,-4.600000000000023,-0.026683859714265457,0.8,-0.005107153926989549,5.0,-0.007654999123473449,-1.3100000000000023,-0.019028860590792007,8276
10,-0.4999999999999978,0.5000000000000031,55,5,-4.600000000000023,-0.026683859714265457,0.8,-0.005107153926989549,5.0,-0.007654999123473449,-1.3100000000000023,-0.019028860590792007,8277
22,-1.2999999999999985,-0.3999999999999977,43,10,-4.59000000000006,-0.02670546970223253,0.6,-0.002598108592610371,2.4,-0.04541877459246779,-8.080000000000013,0.01871330489023526,8278
10,0.20000000000000284,-0.699999999999998,55,5,-4.539999999999992,-0.02672568282970733,0.8,-0.005078604326929215,7.6,-0.007654999123473449,-1.3100000000000023,-0.019070683706233882,8279
10,0.20000000000000284,-0.5999999999999979,55,5,-4.539999999999992,-0.02672568282970733,0.8,-0.005078604326929215,7.6,-0.007654999123473449,-1.3100000000000023,-0.019070683706233882,8280
10,0.20000000000000284,-0.4999999999999978,55,5,-4.539999999999992,-0.02672568282970733,0.8,-0.005078604326929215,7.6,-0.007654999123473449,-1.3100000000000023,-0.019070683706233882,8281
10,0.20000000000000284,-0.3999999999999977,55,5,-4.539999999999992,-0.02672568282970733,0.8,-0.005078604326929215,7.6,-0.007654999123473449,-1.3100000000000023,-0.019070683706233882,8282
10,0.20000000000000284,-0.2999999999999976,55,5,-4.539999999999992,-0.02672568282970733,0.8,-0.005078604326929215,7.6,-0.007654999123473449,-1.3100000000000023,-0.019070683706233882,8283
5,-1.799999999999999,1.5000000000000036,60,4,-4.520000000000039,-0.0267324638068539,0.5,-0.006585300085856977,1.75,-0.0014112666117841455,-0.2400000000000091,-0.025321197195069756,8284
5,-1.799999999999999,1.600000000000004,60,4,-4.520000000000039,-0.0267324638068539,0.5,-0.006585300085856977,1.75,-0.0014112666117841455,-0.2400000000000091,-0.025321197195069756,8285
5,-1.6999999999999988,1.5000000000000036,60,4,-4.520000000000039,-0.0267324638068539,0.5,-0.006585300085856977,1.75,-0.0014112666117841455,-0.2400000000000091,-0.025321197195069756,8286
5,-1.6999999999999988,1.600000000000004,60,4,-4.520000000000039,-0.0267324638068539,0.5,-0.006585300085856977,1.75,-0.0014112666117841455,-0.2400000000000091,-0.025321197195069756,8287
10,-0.3999999999999977,0.400000000000003,55,5,-4.610000000000014,-0.026742285558570944,0.8,-0.005118534375379213,5.6,-0.007654999123473449,-1.3100000000000023,-0.019087286435097495,8288
10,-0.3999999999999977,0.5000000000000031,55,5,-4.610000000000014,-0.026742285558570944,0.8,-0.005118534375379213,5.6,-0.007654999123473449,-1.3100000000000023,-0.019087286435097495,8289
22,0.400000000000003,0.10000000000000275,43,1,-4.700000000000017,-0.02674405371571653,0.0,-0.02674405371571653,33.0,-0.04541877459246779,-8.080000000000013,0.01867472087675126,8290
22,0.5000000000000031,0.10000000000000275,43,1,-4.700000000000017,-0.02674405371571653,0.0,-0.02674405371571653,33.0,-0.04541877459246779,-8.080000000000013,0.01867472087675126,8291
22,0.6000000000000032,0.10000000000000275,43,1,-4.700000000000017,-0.02674405371571653,0.0,-0.02674405371571653,33.0,-0.04541877459246779,-8.080000000000013,0.01867472087675126,8292
22,0.7000000000000033,0.10000000000000275,43,1,-4.700000000000017,-0.02674405371571653,0.0,-0.02674405371571653,33.0,-0.04541877459246779,-8.080000000000013,0.01867472087675126,8293
22,0.8000000000000034,0.10000000000000275,43,1,-4.700000000000017,-0.02674405371571653,0.0,-0.02674405371571653,33.0,-0.04541877459246779,-8.080000000000013,0.01867472087675126,8294
22,0.9000000000000035,0.10000000000000275,43,1,-4.700000000000017,-0.02674405371571653,0.0,-0.02674405371571653,33.0,-0.04541877459246779,-8.080000000000013,0.01867472087675126,8295
22,1.0000000000000036,0.10000000000000275,43,1,-4.700000000000017,-0.02674405371571653,0.0,-0.02674405371571653,33.0,-0.04541877459246779,-8.080000000000013,0.01867472087675126,8296
22,1.1000000000000032,0.10000000000000275,43,1,-4.700000000000017,-0.02674405371571653,0.0,-0.02674405371571653,33.0,-0.04541877459246779,-8.080000000000013,0.01867472087675126,8297
22,-1.899999999999999,-0.4999999999999978,43,13,-4.570000000000022,-0.026754088211479288,0.5384615384615384,-0.0019864136243349286,2.230769230769231,-0.04541877459246779,-8.080000000000013,0.018664686380988504,8298
22,-1.799999999999999,-0.4999999999999978,43,13,-4.570000000000022,-0.026754088211479288,0.5384615384615384,-0.0019864136243349286,2.230769230769231,-0.04541877459246779,-8.080000000000013,0.018664686380988504,8299
22,-1.6999999999999988,-0.4999999999999978,43,13,-4.570000000000022,-0.026754088211479288,0.5384615384615384,-0.0019864136243349286,2.230769230769231,-0.04541877459246779,-8.080000000000013,0.018664686380988504,8300
10,0.400000000000003,-0.8999999999999981,55,3,-4.660000000000025,-0.02682253934994694,0.6666666666666666,-0.008674960055760886,14.333333333333334,-0.007654999123473449,-1.3100000000000023,-0.01916754022647349,8301
10,0.400000000000003,-0.799999999999998,55,3,-4.660000000000025,-0.02682253934994694,0.6666666666666666,-0.008674960055760886,14.333333333333334,-0.007654999123473449,-1.3100000000000023,-0.01916754022647349,8302
10,0.5000000000000031,-0.8999999999999981,55,3,-4.660000000000025,-0.02682253934994694,0.6666666666666666,-0.008674960055760886,14.333333333333334,-0.007654999123473449,-1.3100000000000023,-0.01916754022647349,8303
10,0.5000000000000031,-0.799999999999998,55,3,-4.660000000000025,-0.02682253934994694,0.6666666666666666,-0.008674960055760886,14.333333333333334,-0.007654999123473449,-1.3100000000000023,-0.01916754022647349,8304
10,0.6000000000000032,-0.8999999999999981,55,3,-4.660000000000025,-0.02682253934994694,0.6666666666666666,-0.008674960055760886,14.333333333333334,-0.007654999123473449,-1.3100000000000023,-0.01916754022647349,8305
10,0.6000000000000032,-0.799999999999998,55,3,-4.660000000000025,-0.02682253934994694,0.6666666666666666,-0.008674960055760886,14.333333333333334,-0.007654999123473449,-1.3100000000000023,-0.01916754022647349,8306
10,0.7000000000000033,-0.8999999999999981,55,3,-4.660000000000025,-0.02682253934994694,0.6666666666666666,-0.008674960055760886,14.333333333333334,-0.007654999123473449,-1.3100000000000023,-0.01916754022647349,8307
10,0.7000000000000033,-0.799999999999998,55,3,-4.660000000000025,-0.02682253934994694,0.6666666666666666,-0.008674960055760886,14.333333333333334,-0.007654999123473449,-1.3100000000000023,-0.01916754022647349,8308
10,0.8000000000000034,-0.8999999999999981,55,3,-4.660000000000025,-0.02682253934994694,0.6666666666666666,-0.008674960055760886,14.333333333333334,-0.007654999123473449,-1.3100000000000023,-0.01916754022647349,8309
10,0.8000000000000034,-0.799999999999998,55,3,-4.660000000000025,-0.02682253934994694,0.6666666666666666,-0.008674960055760886,14.333333333333334,-0.007654999123473449,-1.3100000000000023,-0.01916754022647349,8310
10,0.9000000000000035,-0.8999999999999981,55,3,-4.660000000000025,-0.02682253934994694,0.6666666666666666,-0.008674960055760886,14.333333333333334,-0.007654999123473449,-1.3100000000000023,-0.01916754022647349,8311
10,0.9000000000000035,-0.799999999999998,55,3,-4.660000000000025,-0.02682253934994694,0.6666666666666666,-0.008674960055760886,14.333333333333334,-0.007654999123473449,-1.3100000000000023,-0.01916754022647349,8312
10,1.0000000000000036,-0.8999999999999981,55,3,-4.660000000000025,-0.02682253934994694,0.6666666666666666,-0.008674960055760886,14.333333333333334,-0.007654999123473449,-1.3100000000000023,-0.01916754022647349,8313
10,1.0000000000000036,-0.799999999999998,55,3,-4.660000000000025,-0.02682253934994694,0.6666666666666666,-0.008674960055760886,14.333333333333334,-0.007654999123473449,-1.3100000000000023,-0.01916754022647349,8314
10,1.1000000000000032,-0.8999999999999981,55,3,-4.660000000000025,-0.02682253934994694,0.6666666666666666,-0.008674960055760886,14.333333333333334,-0.007654999123473449,-1.3100000000000023,-0.01916754022647349,8315
10,1.1000000000000032,-0.799999999999998,55,3,-4.660000000000025,-0.02682253934994694,0.6666666666666666,-0.008674960055760886,14.333333333333334,-0.007654999123473449,-1.3100000000000023,-0.01916754022647349,8316
22,0.30000000000000293,-1.0999999999999983,43,7,-4.650000000000006,-0.02688829275720428,0.5714285714285714,-0.003781518893592208,6.428571428571429,-0.04541877459246779,-8.080000000000013,0.018530481835263513,8317
22,-1.1999999999999984,-0.2999999999999976,43,9,-4.7400000000000375,-0.026924077875639996,0.6666666666666666,-0.002918383615650567,2.7777777777777777,-0.04541877459246779,-8.080000000000013,0.018494696716827796,8318
5,0.20000000000000284,1.0000000000000036,60,4,-4.650000000000034,-0.02696161339697767,0.75,-0.006444786816476783,6.75,-0.0014112666117841455,-0.2400000000000091,-0.025550346785193523,8319
5,0.20000000000000284,1.1000000000000032,60,4,-4.650000000000034,-0.02696161339697767,0.75,-0.006444786816476783,6.75,-0.0014112666117841455,-0.2400000000000091,-0.025550346785193523,8320
5,0.30000000000000293,1.0000000000000036,60,4,-4.650000000000034,-0.02696161339697767,0.75,-0.006444786816476783,6.75,-0.0014112666117841455,-0.2400000000000091,-0.025550346785193523,8321
5,0.30000000000000293,1.1000000000000032,60,4,-4.650000000000034,-0.02696161339697767,0.75,-0.006444786816476783,6.75,-0.0014112666117841455,-0.2400000000000091,-0.025550346785193523,8322
10,-0.699999999999998,0.400000000000003,55,6,-4.640000000000015,-0.026972064030150622,0.8333333333333334,-0.004308031809480491,3.8333333333333335,-0.007654999123473449,-1.3100000000000023,-0.019317064906677173,8323
10,-0.699999999999998,0.5000000000000031,55,6,-4.640000000000015,-0.026972064030150622,0.8333333333333334,-0.004308031809480491,3.8333333333333335,-0.007654999123473449,-1.3100000000000023,-0.019317064906677173,8324
5,-1.0999999999999983,-0.2999999999999976,60,11,-4.650000000000034,-0.026975154837051818,0.5454545454545454,-0.002359238079307531,2.3636363636363638,-0.0014112666117841455,-0.2400000000000091,-0.025563888225267672,8325
5,-1.0999999999999983,-0.1999999999999975,60,11,-4.650000000000034,-0.026975154837051818,0.5454545454545454,-0.002359238079307531,2.3636363636363638,-0.0014112666117841455,-0.2400000000000091,-0.025563888225267672,8326
5,-1.0999999999999983,-0.09999999999999742,60,11,-4.650000000000034,-0.026975154837051818,0.5454545454545454,-0.002359238079307531,2.3636363636363638,-0.0014112666117841455,-0.2400000000000091,-0.025563888225267672,8327
5,-0.9999999999999982,-0.2999999999999976,60,11,-4.650000000000034,-0.026975154837051818,0.5454545454545454,-0.002359238079307531,2.3636363636363638,-0.0014112666117841455,-0.2400000000000091,-0.025563888225267672,8328
5,-0.9999999999999982,-0.1999999999999975,60,11,-4.650000000000034,-0.026975154837051818,0.5454545454545454,-0.002359238079307531,2.3636363636363638,-0.0014112666117841455,-0.2400000000000091,-0.025563888225267672,8329
5,-0.9999999999999982,-0.09999999999999742,60,11,-4.650000000000034,-0.026975154837051818,0.5454545454545454,-0.002359238079307531,2.3636363636363638,-0.0014112666117841455,-0.2400000000000091,-0.025563888225267672,8330
5,-0.8999999999999981,-0.2999999999999976,60,11,-4.650000000000034,-0.026975154837051818,0.5454545454545454,-0.002359238079307531,2.3636363636363638,-0.0014112666117841455,-0.2400000000000091,-0.025563888225267672,8331
5,-0.8999999999999981,-0.1999999999999975,60,11,-4.650000000000034,-0.026975154837051818,0.5454545454545454,-0.002359238079307531,2.3636363636363638,-0.0014112666117841455,-0.2400000000000091,-0.025563888225267672,8332
5,-0.8999999999999981,-0.09999999999999742,60,11,-4.650000000000034,-0.026975154837051818,0.5454545454545454,-0.002359238079307531,2.3636363636363638,-0.0014112666117841455,-0.2400000000000091,-0.025563888225267672,8333
5,-0.799999999999998,-0.2999999999999976,60,11,-4.650000000000034,-0.026975154837051818,0.5454545454545454,-0.002359238079307531,2.3636363636363638,-0.0014112666117841455,-0.2400000000000091,-0.025563888225267672,8334
5,-0.799999999999998,-0.1999999999999975,60,11,-4.650000000000034,-0.026975154837051818,0.5454545454545454,-0.002359238079307531,2.3636363636363638,-0.0014112666117841455,-0.2400000000000091,-0.025563888225267672,8335
5,-0.799999999999998,-0.09999999999999742,60,11,-4.650000000000034,-0.026975154837051818,0.5454545454545454,-0.002359238079307531,2.3636363636363638,-0.0014112666117841455,-0.2400000000000091,-0.025563888225267672,8336
5,-0.699999999999998,-0.2999999999999976,60,11,-4.650000000000034,-0.026975154837051818,0.5454545454545454,-0.002359238079307531,2.3636363636363638,-0.0014112666117841455,-0.2400000000000091,-0.025563888225267672,8337
5,-0.699999999999998,-0.1999999999999975,60,11,-4.650000000000034,-0.026975154837051818,0.5454545454545454,-0.002359238079307531,2.3636363636363638,-0.0014112666117841455,-0.2400000000000091,-0.025563888225267672,8338
5,-0.699999999999998,-0.09999999999999742,60,11,-4.650000000000034,-0.026975154837051818,0.5454545454545454,-0.002359238079307531,2.3636363636363638,-0.0014112666117841455,-0.2400000000000091,-0.025563888225267672,8339
5,-0.5999999999999979,-0.2999999999999976,60,11,-4.650000000000034,-0.026975154837051818,0.5454545454545454,-0.002359238079307531,2.3636363636363638,-0.0014112666117841455,-0.2400000000000091,-0.025563888225267672,8340
5,-0.5999999999999979,-0.1999999999999975,60,11,-4.650000000000034,-0.026975154837051818,0.5454545454545454,-0.002359238079307531,2.3636363636363638,-0.0014112666117841455,-0.2400000000000091,-0.025563888225267672,8341
5,-0.5999999999999979,-0.09999999999999742,60,11,-4.650000000000034,-0.026975154837051818,0.5454545454545454,-0.002359238079307531,2.3636363636363638,-0.0014112666117841455,-0.2400000000000091,-0.025563888225267672,8342
22,-3.0,1.400000000000004,43,4,-4.659999999999968,-0.027030344409931795,0.0,-0.006808413275891323,1.0,-0.04541877459246779,-8.080000000000013,0.018388430182535997,8343
22,-3.0,1.5000000000000036,43,4,-4.659999999999968,-0.027030344409931795,0.0,-0.006808413275891323,1.0,-0.04541877459246779,-8.080000000000013,0.018388430182535997,8344
10,0.30000000000000293,0.400000000000003,55,3,-4.680000000000007,-0.027030911666566793,0.6666666666666666,-0.008545686143815753,11.666666666666666,-0.007654999123473449,-1.3100000000000023,-0.019375912543093343,8345
10,0.30000000000000293,0.5000000000000031,55,3,-4.680000000000007,-0.027030911666566793,0.6666666666666666,-0.008545686143815753,11.666666666666666,-0.007654999123473449,-1.3100000000000023,-0.019375912543093343,8346
10,1.600000000000004,0.20000000000000284,55,2,-4.740000000000009,-0.027096135143161115,0.5,-0.013256784003843447,20.5,-0.007654999123473449,-1.3100000000000023,-0.019441136019687666,8347
10,1.600000000000004,0.30000000000000293,55,2,-4.740000000000009,-0.027096135143161115,0.5,-0.013256784003843447,20.5,-0.007654999123473449,-1.3100000000000023,-0.019441136019687666,8348
10,1.600000000000004,0.400000000000003,55,2,-4.740000000000009,-0.027096135143161115,0.5,-0.013256784003843447,20.5,-0.007654999123473449,-1.3100000000000023,-0.019441136019687666,8349
10,1.600000000000004,0.5000000000000031,55,2,-4.740000000000009,-0.027096135143161115,0.5,-0.013256784003843447,20.5,-0.007654999123473449,-1.3100000000000023,-0.019441136019687666,8350
10,1.600000000000004,0.6000000000000032,55,2,-4.740000000000009,-0.027096135143161115,0.5,-0.013256784003843447,20.5,-0.007654999123473449,-1.3100000000000023,-0.019441136019687666,8351
10,1.600000000000004,0.7000000000000033,55,2,-4.740000000000009,-0.027096135143161115,0.5,-0.013256784003843447,20.5,-0.007654999123473449,-1.3100000000000023,-0.019441136019687666,8352
10,1.600000000000004,0.8000000000000034,55,2,-4.740000000000009,-0.027096135143161115,0.5,-0.013256784003843447,20.5,-0.007654999123473449,-1.3100000000000023,-0.019441136019687666,8353
10,1.600000000000004,0.9000000000000035,55,2,-4.740000000000009,-0.027096135143161115,0.5,-0.013256784003843447,20.5,-0.007654999123473449,-1.3100000000000023,-0.019441136019687666,8354
10,1.7000000000000046,0.20000000000000284,55,2,-4.740000000000009,-0.027096135143161115,0.5,-0.013256784003843447,20.5,-0.007654999123473449,-1.3100000000000023,-0.019441136019687666,8355
10,1.7000000000000046,0.30000000000000293,55,2,-4.740000000000009,-0.027096135143161115,0.5,-0.013256784003843447,20.5,-0.007654999123473449,-1.3100000000000023,-0.019441136019687666,8356
10,1.7000000000000046,0.400000000000003,55,2,-4.740000000000009,-0.027096135143161115,0.5,-0.013256784003843447,20.5,-0.007654999123473449,-1.3100000000000023,-0.019441136019687666,8357
10,1.7000000000000046,0.5000000000000031,55,2,-4.740000000000009,-0.027096135143161115,0.5,-0.013256784003843447,20.5,-0.007654999123473449,-1.3100000000000023,-0.019441136019687666,8358
10,1.7000000000000046,0.6000000000000032,55,2,-4.740000000000009,-0.027096135143161115,0.5,-0.013256784003843447,20.5,-0.007654999123473449,-1.3100000000000023,-0.019441136019687666,8359
10,1.7000000000000046,0.7000000000000033,55,2,-4.740000000000009,-0.027096135143161115,0.5,-0.013256784003843447,20.5,-0.007654999123473449,-1.3100000000000023,-0.019441136019687666,8360
10,1.7000000000000046,0.8000000000000034,55,2,-4.740000000000009,-0.027096135143161115,0.5,-0.013256784003843447,20.5,-0.007654999123473449,-1.3100000000000023,-0.019441136019687666,8361
10,1.7000000000000046,0.9000000000000035,55,2,-4.740000000000009,-0.027096135143161115,0.5,-0.013256784003843447,20.5,-0.007654999123473449,-1.3100000000000023,-0.019441136019687666,8362
10,1.8000000000000043,0.20000000000000284,55,2,-4.740000000000009,-0.027096135143161115,0.5,-0.013256784003843447,20.5,-0.007654999123473449,-1.3100000000000023,-0.019441136019687666,8363
10,1.8000000000000043,0.30000000000000293,55,2,-4.740000000000009,-0.027096135143161115,0.5,-0.013256784003843447,20.5,-0.007654999123473449,-1.3100000000000023,-0.019441136019687666,8364
10,1.8000000000000043,0.400000000000003,55,2,-4.740000000000009,-0.027096135143161115,0.5,-0.013256784003843447,20.5,-0.007654999123473449,-1.3100000000000023,-0.019441136019687666,8365
10,1.8000000000000043,0.5000000000000031,55,2,-4.740000000000009,-0.027096135143161115,0.5,-0.013256784003843447,20.5,-0.007654999123473449,-1.3100000000000023,-0.019441136019687666,8366
10,1.8000000000000043,0.6000000000000032,55,2,-4.740000000000009,-0.027096135143161115,0.5,-0.013256784003843447,20.5,-0.007654999123473449,-1.3100000000000023,-0.019441136019687666,8367
10,1.8000000000000043,0.7000000000000033,55,2,-4.740000000000009,-0.027096135143161115,0.5,-0.013256784003843447,20.5,-0.007654999123473449,-1.3100000000000023,-0.019441136019687666,8368
10,1.8000000000000043,0.8000000000000034,55,2,-4.740000000000009,-0.027096135143161115,0.5,-0.013256784003843447,20.5,-0.007654999123473449,-1.3100000000000023,-0.019441136019687666,8369
10,1.8000000000000043,0.9000000000000035,55,2,-4.740000000000009,-0.027096135143161115,0.5,-0.013256784003843447,20.5,-0.007654999123473449,-1.3100000000000023,-0.019441136019687666,8370
10,1.900000000000004,0.20000000000000284,55,2,-4.740000000000009,-0.027096135143161115,0.5,-0.013256784003843447,20.5,-0.007654999123473449,-1.3100000000000023,-0.019441136019687666,8371
10,1.900000000000004,0.30000000000000293,55,2,-4.740000000000009,-0.027096135143161115,0.5,-0.013256784003843447,20.5,-0.007654999123473449,-1.3100000000000023,-0.019441136019687666,8372
10,1.900000000000004,0.400000000000003,55,2,-4.740000000000009,-0.027096135143161115,0.5,-0.013256784003843447,20.5,-0.007654999123473449,-1.3100000000000023,-0.019441136019687666,8373
10,1.900000000000004,0.5000000000000031,55,2,-4.740000000000009,-0.027096135143161115,0.5,-0.013256784003843447,20.5,-0.007654999123473449,-1.3100000000000023,-0.019441136019687666,8374
10,1.900000000000004,0.6000000000000032,55,2,-4.740000000000009,-0.027096135143161115,0.5,-0.013256784003843447,20.5,-0.007654999123473449,-1.3100000000000023,-0.019441136019687666,8375
10,1.900000000000004,0.7000000000000033,55,2,-4.740000000000009,-0.027096135143161115,0.5,-0.013256784003843447,20.5,-0.007654999123473449,-1.3100000000000023,-0.019441136019687666,8376
10,1.900000000000004,0.8000000000000034,55,2,-4.740000000000009,-0.027096135143161115,0.5,-0.013256784003843447,20.5,-0.007654999123473449,-1.3100000000000023,-0.019441136019687666,8377
10,1.900000000000004,0.9000000000000035,55,2,-4.740000000000009,-0.027096135143161115,0.5,-0.013256784003843447,20.5,-0.007654999123473449,-1.3100000000000023,-0.019441136019687666,8378
10,2.0000000000000044,0.20000000000000284,55,2,-4.740000000000009,-0.027096135143161115,0.5,-0.013256784003843447,20.5,-0.007654999123473449,-1.3100000000000023,-0.019441136019687666,8379
10,2.0000000000000044,0.30000000000000293,55,2,-4.740000000000009,-0.027096135143161115,0.5,-0.013256784003843447,20.5,-0.007654999123473449,-1.3100000000000023,-0.019441136019687666,8380
10,2.0000000000000044,0.400000000000003,55,2,-4.740000000000009,-0.027096135143161115,0.5,-0.013256784003843447,20.5,-0.007654999123473449,-1.3100000000000023,-0.019441136019687666,8381
10,2.0000000000000044,0.5000000000000031,55,2,-4.740000000000009,-0.027096135143161115,0.5,-0.013256784003843447,20.5,-0.007654999123473449,-1.3100000000000023,-0.019441136019687666,8382
10,2.0000000000000044,0.6000000000000032,55,2,-4.740000000000009,-0.027096135143161115,0.5,-0.013256784003843447,20.5,-0.007654999123473449,-1.3100000000000023,-0.019441136019687666,8383
10,2.0000000000000044,0.7000000000000033,55,2,-4.740000000000009,-0.027096135143161115,0.5,-0.013256784003843447,20.5,-0.007654999123473449,-1.3100000000000023,-0.019441136019687666,8384
10,2.0000000000000044,0.8000000000000034,55,2,-4.740000000000009,-0.027096135143161115,0.5,-0.013256784003843447,20.5,-0.007654999123473449,-1.3100000000000023,-0.019441136019687666,8385
10,2.0000000000000044,0.9000000000000035,55,2,-4.740000000000009,-0.027096135143161115,0.5,-0.013256784003843447,20.5,-0.007654999123473449,-1.3100000000000023,-0.019441136019687666,8386
22,-0.799999999999998,-0.3999999999999977,43,7,-4.690000000000055,-0.027103829813625024,0.7142857142857143,-0.003742385794154836,4.142857142857143,-0.04541877459246779,-8.080000000000013,0.018314944778842768,8387
22,-0.699999999999998,-0.3999999999999977,43,7,-4.690000000000055,-0.027103829813625024,0.7142857142857143,-0.003742385794154836,4.142857142857143,-0.04541877459246779,-8.080000000000013,0.018314944778842768,8388
22,-0.5999999999999979,-0.799999999999998,43,10,-4.760000000000019,-0.02716815655649296,0.4,-0.002661505545066933,3.5,-0.04541877459246779,-8.080000000000013,0.01825061803597483,8389
22,-0.4999999999999978,-0.799999999999998,43,10,-4.760000000000019,-0.02716815655649296,0.4,-0.002661505545066933,3.5,-0.04541877459246779,-8.080000000000013,0.01825061803597483,8390
10,-1.2999999999999985,0.400000000000003,55,8,-4.690000000000026,-0.02719568614990686,0.625,-0.0032739530265303435,2.5,-0.007654999123473449,-1.3100000000000023,-0.019540687026433412,8391
10,-1.2999999999999985,0.5000000000000031,55,8,-4.690000000000026,-0.02719568614990686,0.625,-0.0032739530265303435,2.5,-0.007654999123473449,-1.3100000000000023,-0.019540687026433412,8392
10,-1.1999999999999984,0.400000000000003,55,8,-4.690000000000026,-0.02719568614990686,0.625,-0.0032739530265303435,2.5,-0.007654999123473449,-1.3100000000000023,-0.019540687026433412,8393
10,-1.1999999999999984,0.5000000000000031,55,8,-4.690000000000026,-0.02719568614990686,0.625,-0.0032739530265303435,2.5,-0.007654999123473449,-1.3100000000000023,-0.019540687026433412,8394
22,-1.4999999999999987,-0.4999999999999978,43,12,-4.670000000000016,-0.02733988688235245,0.5,-0.002212530666614495,2.5,-0.04541877459246779,-8.080000000000013,0.018078887710115343,8395
22,-1.3999999999999986,-0.4999999999999978,43,12,-4.670000000000016,-0.02733988688235245,0.5,-0.002212530666614495,2.5,-0.04541877459246779,-8.080000000000013,0.018078887710115343,8396
22,0.10000000000000275,-3.0,43,11,-4.699999999999989,-0.027363491963857678,0.5454545454545454,-0.0024444708848765776,4.090909090909091,-0.04541877459246779,-8.080000000000013,0.018055282628610114,8397
22,0.10000000000000275,-2.9,43,11,-4.699999999999989,-0.027363491963857678,0.5454545454545454,-0.0024444708848765776,4.090909090909091,-0.04541877459246779,-8.080000000000013,0.018055282628610114,8398
22,0.10000000000000275,-2.8,43,11,-4.699999999999989,-0.027363491963857678,0.5454545454545454,-0.0024444708848765776,4.090909090909091,-0.04541877459246779,-8.080000000000013,0.018055282628610114,8399
22,0.10000000000000275,-2.6999999999999997,43,11,-4.699999999999989,-0.027363491963857678,0.5454545454545454,-0.0024444708848765776,4.090909090909091,-0.04541877459246779,-8.080000000000013,0.018055282628610114,8400
22,0.10000000000000275,-2.5999999999999996,43,11,-4.699999999999989,-0.027363491963857678,0.5454545454545454,-0.0024444708848765776,4.090909090909091,-0.04541877459246779,-8.080000000000013,0.018055282628610114,8401
22,0.10000000000000275,-2.4999999999999996,43,11,-4.699999999999989,-0.027363491963857678,0.5454545454545454,-0.0024444708848765776,4.090909090909091,-0.04541877459246779,-8.080000000000013,0.018055282628610114,8402
22,0.10000000000000275,-2.3999999999999995,43,11,-4.699999999999989,-0.027363491963857678,0.5454545454545454,-0.0024444708848765776,4.090909090909091,-0.04541877459246779,-8.080000000000013,0.018055282628610114,8403
22,0.10000000000000275,-2.2999999999999994,43,11,-4.699999999999989,-0.027363491963857678,0.5454545454545454,-0.0024444708848765776,4.090909090909091,-0.04541877459246779,-8.080000000000013,0.018055282628610114,8404
22,0.10000000000000275,-2.1999999999999993,43,11,-4.699999999999989,-0.027363491963857678,0.5454545454545454,-0.0024444708848765776,4.090909090909091,-0.04541877459246779,-8.080000000000013,0.018055282628610114,8405
22,0.10000000000000275,-2.099999999999999,43,11,-4.699999999999989,-0.027363491963857678,0.5454545454545454,-0.0024444708848765776,4.090909090909091,-0.04541877459246779,-8.080000000000013,0.018055282628610114,8406
22,0.10000000000000275,-1.9999999999999991,43,11,-4.699999999999989,-0.027363491963857678,0.5454545454545454,-0.0024444708848765776,4.090909090909091,-0.04541877459246779,-8.080000000000013,0.018055282628610114,8407
22,0.10000000000000275,-1.899999999999999,43,11,-4.699999999999989,-0.027363491963857678,0.5454545454545454,-0.0024444708848765776,4.090909090909091,-0.04541877459246779,-8.080000000000013,0.018055282628610114,8408
22,0.10000000000000275,-1.799999999999999,43,11,-4.699999999999989,-0.027363491963857678,0.5454545454545454,-0.0024444708848765776,4.090909090909091,-0.04541877459246779,-8.080000000000013,0.018055282628610114,8409
22,0.10000000000000275,-1.6999999999999988,43,11,-4.699999999999989,-0.027363491963857678,0.5454545454545454,-0.0024444708848765776,4.090909090909091,-0.04541877459246779,-8.080000000000013,0.018055282628610114,8410
22,0.10000000000000275,-1.5999999999999988,43,11,-4.699999999999989,-0.027363491963857678,0.5454545454545454,-0.0024444708848765776,4.090909090909091,-0.04541877459246779,-8.080000000000013,0.018055282628610114,8411
22,0.20000000000000284,-3.0,43,11,-4.699999999999989,-0.027363491963857678,0.5454545454545454,-0.0024444708848765776,4.090909090909091,-0.04541877459246779,-8.080000000000013,0.018055282628610114,8412
22,0.20000000000000284,-2.9,43,11,-4.699999999999989,-0.027363491963857678,0.5454545454545454,-0.0024444708848765776,4.090909090909091,-0.04541877459246779,-8.080000000000013,0.018055282628610114,8413
22,0.20000000000000284,-2.8,43,11,-4.699999999999989,-0.027363491963857678,0.5454545454545454,-0.0024444708848765776,4.090909090909091,-0.04541877459246779,-8.080000000000013,0.018055282628610114,8414
22,0.20000000000000284,-2.6999999999999997,43,11,-4.699999999999989,-0.027363491963857678,0.5454545454545454,-0.0024444708848765776,4.090909090909091,-0.04541877459246779,-8.080000000000013,0.018055282628610114,8415
22,0.20000000000000284,-2.5999999999999996,43,11,-4.699999999999989,-0.027363491963857678,0.5454545454545454,-0.0024444708848765776,4.090909090909091,-0.04541877459246779,-8.080000000000013,0.018055282628610114,8416
22,0.20000000000000284,-2.4999999999999996,43,11,-4.699999999999989,-0.027363491963857678,0.5454545454545454,-0.0024444708848765776,4.090909090909091,-0.04541877459246779,-8.080000000000013,0.018055282628610114,8417
22,0.20000000000000284,-2.3999999999999995,43,11,-4.699999999999989,-0.027363491963857678,0.5454545454545454,-0.0024444708848765776,4.090909090909091,-0.04541877459246779,-8.080000000000013,0.018055282628610114,8418
22,0.20000000000000284,-2.2999999999999994,43,11,-4.699999999999989,-0.027363491963857678,0.5454545454545454,-0.0024444708848765776,4.090909090909091,-0.04541877459246779,-8.080000000000013,0.018055282628610114,8419
22,0.20000000000000284,-2.1999999999999993,43,11,-4.699999999999989,-0.027363491963857678,0.5454545454545454,-0.0024444708848765776,4.090909090909091,-0.04541877459246779,-8.080000000000013,0.018055282628610114,8420
22,0.20000000000000284,-2.099999999999999,43,11,-4.699999999999989,-0.027363491963857678,0.5454545454545454,-0.0024444708848765776,4.090909090909091,-0.04541877459246779,-8.080000000000013,0.018055282628610114,8421
22,0.20000000000000284,-1.9999999999999991,43,11,-4.699999999999989,-0.027363491963857678,0.5454545454545454,-0.0024444708848765776,4.090909090909091,-0.04541877459246779,-8.080000000000013,0.018055282628610114,8422
22,0.20000000000000284,-1.899999999999999,43,11,-4.699999999999989,-0.027363491963857678,0.5454545454545454,-0.0024444708848765776,4.090909090909091,-0.04541877459246779,-8.080000000000013,0.018055282628610114,8423
22,0.20000000000000284,-1.799999999999999,43,11,-4.699999999999989,-0.027363491963857678,0.5454545454545454,-0.0024444708848765776,4.090909090909091,-0.04541877459246779,-8.080000000000013,0.018055282628610114,8424
22,0.20000000000000284,-1.6999999999999988,43,11,-4.699999999999989,-0.027363491963857678,0.5454545454545454,-0.0024444708848765776,4.090909090909091,-0.04541877459246779,-8.080000000000013,0.018055282628610114,8425
22,0.20000000000000284,-1.5999999999999988,43,11,-4.699999999999989,-0.027363491963857678,0.5454545454545454,-0.0024444708848765776,4.090909090909091,-0.04541877459246779,-8.080000000000013,0.018055282628610114,8426
10,-1.6999999999999988,-0.8999999999999981,55,14,-4.670000000000016,-0.027398935065556462,0.5714285714285714,-0.0018736973936402232,1.7857142857142858,-0.007654999123473449,-1.3100000000000023,-0.019743935942083013,8427
10,-1.6999999999999988,-0.799999999999998,55,14,-4.670000000000016,-0.027398935065556462,0.5714285714285714,-0.0018736973936402232,1.7857142857142858,-0.007654999123473449,-1.3100000000000023,-0.019743935942083013,8428
10,-1.5999999999999988,-0.8999999999999981,55,14,-4.670000000000016,-0.027398935065556462,0.5714285714285714,-0.0018736973936402232,1.7857142857142858,-0.007654999123473449,-1.3100000000000023,-0.019743935942083013,8429
10,-1.5999999999999988,-0.799999999999998,55,14,-4.670000000000016,-0.027398935065556462,0.5714285714285714,-0.0018736973936402232,1.7857142857142858,-0.007654999123473449,-1.3100000000000023,-0.019743935942083013,8430
10,-1.4999999999999987,-0.8999999999999981,55,14,-4.670000000000016,-0.027398935065556462,0.5714285714285714,-0.0018736973936402232,1.7857142857142858,-0.007654999123473449,-1.3100000000000023,-0.019743935942083013,8431
10,-1.4999999999999987,-0.799999999999998,55,14,-4.670000000000016,-0.027398935065556462,0.5714285714285714,-0.0018736973936402232,1.7857142857142858,-0.007654999123473449,-1.3100000000000023,-0.019743935942083013,8432
10,-1.3999999999999986,-0.8999999999999981,55,14,-4.670000000000016,-0.027398935065556462,0.5714285714285714,-0.0018736973936402232,1.7857142857142858,-0.007654999123473449,-1.3100000000000023,-0.019743935942083013,8433
10,-1.3999999999999986,-0.799999999999998,55,14,-4.670000000000016,-0.027398935065556462,0.5714285714285714,-0.0018736973936402232,1.7857142857142858,-0.007654999123473449,-1.3100000000000023,-0.019743935942083013,8434
10,-1.2999999999999985,-0.8999999999999981,55,14,-4.670000000000016,-0.027398935065556462,0.5714285714285714,-0.0018736973936402232,1.7857142857142858,-0.007654999123473449,-1.3100000000000023,-0.019743935942083013,8435
10,-1.2999999999999985,-0.799999999999998,55,14,-4.670000000000016,-0.027398935065556462,0.5714285714285714,-0.0018736973936402232,1.7857142857142858,-0.007654999123473449,-1.3100000000000023,-0.019743935942083013,8436
10,-1.1999999999999984,-0.8999999999999981,55,14,-4.670000000000016,-0.027398935065556462,0.5714285714285714,-0.0018736973936402232,1.7857142857142858,-0.007654999123473449,-1.3100000000000023,-0.019743935942083013,8437
10,-1.1999999999999984,-0.799999999999998,55,14,-4.670000000000016,-0.027398935065556462,0.5714285714285714,-0.0018736973936402232,1.7857142857142858,-0.007654999123473449,-1.3100000000000023,-0.019743935942083013,8438
10,-0.2999999999999976,-1.3999999999999986,55,10,-4.649999999999977,-0.027439055243828836,0.7,-0.0026178974001066723,4.2,-0.007654999123473449,-1.3100000000000023,-0.019784056120355387,8439
10,-0.2999999999999976,-1.2999999999999985,55,10,-4.649999999999977,-0.027439055243828836,0.7,-0.0026178974001066723,4.2,-0.007654999123473449,-1.3100000000000023,-0.019784056120355387,8440
10,-0.1999999999999975,-1.3999999999999986,55,10,-4.649999999999977,-0.027439055243828836,0.7,-0.0026178974001066723,4.2,-0.007654999123473449,-1.3100000000000023,-0.019784056120355387,8441
10,-0.1999999999999975,-1.2999999999999985,55,10,-4.649999999999977,-0.027439055243828836,0.7,-0.0026178974001066723,4.2,-0.007654999123473449,-1.3100000000000023,-0.019784056120355387,8442
5,-0.2999999999999976,-1.2999999999999985,60,16,-4.6500000000000625,-0.02747796612178821,0.6875,-0.0016275690818403216,2.8125,-0.0014112666117841455,-0.2400000000000091,-0.026066699510004065,8443
22,-2.9,-1.4999999999999987,43,19,-4.670000000000044,-0.027513562794082347,0.47368421052631576,-0.0014073372170231885,1.736842105263158,-0.04541877459246779,-8.080000000000013,0.017905211798385445,8444
22,-2.9,-1.3999999999999986,43,19,-4.670000000000044,-0.027513562794082347,0.47368421052631576,-0.0014073372170231885,1.736842105263158,-0.04541877459246779,-8.080000000000013,0.017905211798385445,8445
22,-2.8,-1.4999999999999987,43,19,-4.670000000000044,-0.027513562794082347,0.47368421052631576,-0.0014073372170231885,1.736842105263158,-0.04541877459246779,-8.080000000000013,0.017905211798385445,8446
22,-2.8,-1.3999999999999986,43,19,-4.670000000000044,-0.027513562794082347,0.47368421052631576,-0.0014073372170231885,1.736842105263158,-0.04541877459246779,-8.080000000000013,0.017905211798385445,8447
22,-2.6999999999999997,-1.4999999999999987,43,19,-4.670000000000044,-0.027513562794082347,0.47368421052631576,-0.0014073372170231885,1.736842105263158,-0.04541877459246779,-8.080000000000013,0.017905211798385445,8448
22,-2.6999999999999997,-1.3999999999999986,43,19,-4.670000000000044,-0.027513562794082347,0.47368421052631576,-0.0014073372170231885,1.736842105263158,-0.04541877459246779,-8.080000000000013,0.017905211798385445,8449
22,-2.5999999999999996,-1.4999999999999987,43,19,-4.670000000000044,-0.027513562794082347,0.47368421052631576,-0.0014073372170231885,1.736842105263158,-0.04541877459246779,-8.080000000000013,0.017905211798385445,8450
22,-2.5999999999999996,-1.3999999999999986,43,19,-4.670000000000044,-0.027513562794082347,0.47368421052631576,-0.0014073372170231885,1.736842105263158,-0.04541877459246779,-8.080000000000013,0.017905211798385445,8451
22,-2.4999999999999996,-1.4999999999999987,43,19,-4.670000000000044,-0.027513562794082347,0.47368421052631576,-0.0014073372170231885,1.736842105263158,-0.04541877459246779,-8.080000000000013,0.017905211798385445,8452
22,-2.4999999999999996,-1.3999999999999986,43,19,-4.670000000000044,-0.027513562794082347,0.47368421052631576,-0.0014073372170231885,1.736842105263158,-0.04541877459246779,-8.080000000000013,0.017905211798385445,8453
22,-2.3999999999999995,-1.4999999999999987,43,19,-4.670000000000044,-0.027513562794082347,0.47368421052631576,-0.0014073372170231885,1.736842105263158,-0.04541877459246779,-8.080000000000013,0.017905211798385445,8454
22,-2.3999999999999995,-1.3999999999999986,43,19,-4.670000000000044,-0.027513562794082347,0.47368421052631576,-0.0014073372170231885,1.736842105263158,-0.04541877459246779,-8.080000000000013,0.017905211798385445,8455
22,-2.2999999999999994,-1.4999999999999987,43,19,-4.670000000000044,-0.027513562794082347,0.47368421052631576,-0.0014073372170231885,1.736842105263158,-0.04541877459246779,-8.080000000000013,0.017905211798385445,8456
22,-2.2999999999999994,-1.3999999999999986,43,19,-4.670000000000044,-0.027513562794082347,0.47368421052631576,-0.0014073372170231885,1.736842105263158,-0.04541877459246779,-8.080000000000013,0.017905211798385445,8457
22,-2.1999999999999993,-1.4999999999999987,43,19,-4.670000000000044,-0.027513562794082347,0.47368421052631576,-0.0014073372170231885,1.736842105263158,-0.04541877459246779,-8.080000000000013,0.017905211798385445,8458
22,-2.1999999999999993,-1.3999999999999986,43,19,-4.670000000000044,-0.027513562794082347,0.47368421052631576,-0.0014073372170231885,1.736842105263158,-0.04541877459246779,-8.080000000000013,0.017905211798385445,8459
22,-2.099999999999999,-1.4999999999999987,43,19,-4.670000000000044,-0.027513562794082347,0.47368421052631576,-0.0014073372170231885,1.736842105263158,-0.04541877459246779,-8.080000000000013,0.017905211798385445,8460
22,-2.099999999999999,-1.3999999999999986,43,19,-4.670000000000044,-0.027513562794082347,0.47368421052631576,-0.0014073372170231885,1.736842105263158,-0.04541877459246779,-8.080000000000013,0.017905211798385445,8461
22,-1.0999999999999983,-1.4999999999999987,43,15,-4.680000000000035,-0.02753501003936365,0.4666666666666667,-0.0017756838065753344,2.6,-0.04541877459246779,-8.080000000000013,0.017883764553104142,8462
22,-1.0999999999999983,-1.3999999999999986,43,15,-4.680000000000035,-0.02753501003936365,0.4666666666666667,-0.0017756838065753344,2.6,-0.04541877459246779,-8.080000000000013,0.017883764553104142,8463
22,-0.9999999999999982,-1.4999999999999987,43,15,-4.680000000000035,-0.02753501003936365,0.4666666666666667,-0.0017756838065753344,2.6,-0.04541877459246779,-8.080000000000013,0.017883764553104142,8464
22,-0.9999999999999982,-1.3999999999999986,43,15,-4.680000000000035,-0.02753501003936365,0.4666666666666667,-0.0017756838065753344,2.6,-0.04541877459246779,-8.080000000000013,0.017883764553104142,8465
22,-2.9,0.30000000000000293,43,7,-4.730000000000018,-0.02754196227006034,0.42857142857142855,-0.003934478189549332,2.0,-0.04541877459246779,-8.080000000000013,0.017876812322407454,8466
22,-2.9,0.400000000000003,43,7,-4.730000000000018,-0.02754196227006034,0.42857142857142855,-0.003934478189549332,2.0,-0.04541877459246779,-8.080000000000013,0.017876812322407454,8467
22,-2.9,0.5000000000000031,43,7,-4.730000000000018,-0.02754196227006034,0.42857142857142855,-0.003934478189549332,2.0,-0.04541877459246779,-8.080000000000013,0.017876812322407454,8468
22,-2.9,0.6000000000000032,43,7,-4.730000000000018,-0.02754196227006034,0.42857142857142855,-0.003934478189549332,2.0,-0.04541877459246779,-8.080000000000013,0.017876812322407454,8469
22,-2.8,0.30000000000000293,43,7,-4.730000000000018,-0.02754196227006034,0.42857142857142855,-0.003934478189549332,2.0,-0.04541877459246779,-8.080000000000013,0.017876812322407454,8470
22,-2.8,0.400000000000003,43,7,-4.730000000000018,-0.02754196227006034,0.42857142857142855,-0.003934478189549332,2.0,-0.04541877459246779,-8.080000000000013,0.017876812322407454,8471
22,-2.8,0.5000000000000031,43,7,-4.730000000000018,-0.02754196227006034,0.42857142857142855,-0.003934478189549332,2.0,-0.04541877459246779,-8.080000000000013,0.017876812322407454,8472
22,-2.8,0.6000000000000032,43,7,-4.730000000000018,-0.02754196227006034,0.42857142857142855,-0.003934478189549332,2.0,-0.04541877459246779,-8.080000000000013,0.017876812322407454,8473
22,-2.6999999999999997,0.30000000000000293,43,7,-4.730000000000018,-0.02754196227006034,0.42857142857142855,-0.003934478189549332,2.0,-0.04541877459246779,-8.080000000000013,0.017876812322407454,8474
22,-2.6999999999999997,0.400000000000003,43,7,-4.730000000000018,-0.02754196227006034,0.42857142857142855,-0.003934478189549332,2.0,-0.04541877459246779,-8.080000000000013,0.017876812322407454,8475
22,-2.6999999999999997,0.5000000000000031,43,7,-4.730000000000018,-0.02754196227006034,0.42857142857142855,-0.003934478189549332,2.0,-0.04541877459246779,-8.080000000000013,0.017876812322407454,8476
22,-2.6999999999999997,0.6000000000000032,43,7,-4.730000000000018,-0.02754196227006034,0.42857142857142855,-0.003934478189549332,2.0,-0.04541877459246779,-8.080000000000013,0.017876812322407454,8477
22,-2.5999999999999996,0.30000000000000293,43,7,-4.730000000000018,-0.02754196227006034,0.42857142857142855,-0.003934478189549332,2.0,-0.04541877459246779,-8.080000000000013,0.017876812322407454,8478
22,-2.5999999999999996,0.400000000000003,43,7,-4.730000000000018,-0.02754196227006034,0.42857142857142855,-0.003934478189549332,2.0,-0.04541877459246779,-8.080000000000013,0.017876812322407454,8479
22,-2.5999999999999996,0.5000000000000031,43,7,-4.730000000000018,-0.02754196227006034,0.42857142857142855,-0.003934478189549332,2.0,-0.04541877459246779,-8.080000000000013,0.017876812322407454,8480
22,-2.5999999999999996,0.6000000000000032,43,7,-4.730000000000018,-0.02754196227006034,0.42857142857142855,-0.003934478189549332,2.0,-0.04541877459246779,-8.080000000000013,0.017876812322407454,8481
22,-2.4999999999999996,0.30000000000000293,43,7,-4.730000000000018,-0.02754196227006034,0.42857142857142855,-0.003934478189549332,2.0,-0.04541877459246779,-8.080000000000013,0.017876812322407454,8482
22,-2.4999999999999996,0.400000000000003,43,7,-4.730000000000018,-0.02754196227006034,0.42857142857142855,-0.003934478189549332,2.0,-0.04541877459246779,-8.080000000000013,0.017876812322407454,8483
22,-2.4999999999999996,0.5000000000000031,43,7,-4.730000000000018,-0.02754196227006034,0.42857142857142855,-0.003934478189549332,2.0,-0.04541877459246779,-8.080000000000013,0.017876812322407454,8484
22,-2.4999999999999996,0.6000000000000032,43,7,-4.730000000000018,-0.02754196227006034,0.42857142857142855,-0.003934478189549332,2.0,-0.04541877459246779,-8.080000000000013,0.017876812322407454,8485
22,-2.3999999999999995,0.30000000000000293,43,7,-4.730000000000018,-0.02754196227006034,0.42857142857142855,-0.003934478189549332,2.0,-0.04541877459246779,-8.080000000000013,0.017876812322407454,8486
22,-2.3999999999999995,0.400000000000003,43,7,-4.730000000000018,-0.02754196227006034,0.42857142857142855,-0.003934478189549332,2.0,-0.04541877459246779,-8.080000000000013,0.017876812322407454,8487
22,-2.3999999999999995,0.5000000000000031,43,7,-4.730000000000018,-0.02754196227006034,0.42857142857142855,-0.003934478189549332,2.0,-0.04541877459246779,-8.080000000000013,0.017876812322407454,8488
22,-2.3999999999999995,0.6000000000000032,43,7,-4.730000000000018,-0.02754196227006034,0.42857142857142855,-0.003934478189549332,2.0,-0.04541877459246779,-8.080000000000013,0.017876812322407454,8489
22,-2.2999999999999994,0.30000000000000293,43,7,-4.730000000000018,-0.02754196227006034,0.42857142857142855,-0.003934478189549332,2.0,-0.04541877459246779,-8.080000000000013,0.017876812322407454,8490
22,-2.2999999999999994,0.400000000000003,43,7,-4.730000000000018,-0.02754196227006034,0.42857142857142855,-0.003934478189549332,2.0,-0.04541877459246779,-8.080000000000013,0.017876812322407454,8491
22,-2.2999999999999994,0.5000000000000031,43,7,-4.730000000000018,-0.02754196227006034,0.42857142857142855,-0.003934478189549332,2.0,-0.04541877459246779,-8.080000000000013,0.017876812322407454,8492
22,-2.2999999999999994,0.6000000000000032,43,7,-4.730000000000018,-0.02754196227006034,0.42857142857142855,-0.003934478189549332,2.0,-0.04541877459246779,-8.080000000000013,0.017876812322407454,8493
22,-2.1999999999999993,0.30000000000000293,43,7,-4.730000000000018,-0.02754196227006034,0.42857142857142855,-0.003934478189549332,2.0,-0.04541877459246779,-8.080000000000013,0.017876812322407454,8494
22,-2.1999999999999993,0.400000000000003,43,7,-4.730000000000018,-0.02754196227006034,0.42857142857142855,-0.003934478189549332,2.0,-0.04541877459246779,-8.080000000000013,0.017876812322407454,8495
22,-2.1999999999999993,0.5000000000000031,43,7,-4.730000000000018,-0.02754196227006034,0.42857142857142855,-0.003934478189549332,2.0,-0.04541877459246779,-8.080000000000013,0.017876812322407454,8496
22,-2.1999999999999993,0.6000000000000032,43,7,-4.730000000000018,-0.02754196227006034,0.42857142857142855,-0.003934478189549332,2.0,-0.04541877459246779,-8.080000000000013,0.017876812322407454,8497
22,-2.099999999999999,0.30000000000000293,43,7,-4.730000000000018,-0.02754196227006034,0.42857142857142855,-0.003934478189549332,2.0,-0.04541877459246779,-8.080000000000013,0.017876812322407454,8498
22,-2.099999999999999,0.400000000000003,43,7,-4.730000000000018,-0.02754196227006034,0.42857142857142855,-0.003934478189549332,2.0,-0.04541877459246779,-8.080000000000013,0.017876812322407454,8499
22,-2.099999999999999,0.5000000000000031,43,7,-4.730000000000018,-0.02754196227006034,0.42857142857142855,-0.003934478189549332,2.0,-0.04541877459246779,-8.080000000000013,0.017876812322407454,8500
22,-2.099999999999999,0.6000000000000032,43,7,-4.730000000000018,-0.02754196227006034,0.42857142857142855,-0.003934478189549332,2.0,-0.04541877459246779,-8.080000000000013,0.017876812322407454,8501
22,-0.3999999999999977,-0.799999999999998,43,9,-4.840000000000032,-0.0275459841807274,0.5555555555555556,-0.003021326223682329,3.6666666666666665,-0.04541877459246779,-8.080000000000013,0.01787279041174039,8502
22,-0.2999999999999976,-0.799999999999998,43,9,-4.840000000000032,-0.0275459841807274,0.5555555555555556,-0.003021326223682329,3.6666666666666665,-0.04541877459246779,-8.080000000000013,0.01787279041174039,8503
10,-0.699999999999998,-0.8999999999999981,55,10,-4.719999999999999,-0.027548638083260024,0.6,-0.002636848021107119,3.1,-0.007654999123473449,-1.3100000000000023,-0.019893638959786575,8504
10,-0.699999999999998,-0.799999999999998,55,10,-4.719999999999999,-0.027548638083260024,0.6,-0.002636848021107119,3.1,-0.007654999123473449,-1.3100000000000023,-0.019893638959786575,8505
10,-0.4999999999999978,-1.0999999999999983,55,10,-4.680000000000007,-0.0276083488386476,0.6,-0.002646299614175318,3.4,-0.007654999123473449,-1.3100000000000023,-0.01995334971517415,8506
10,-1.899999999999999,0.8000000000000034,55,8,-4.770000000000067,-0.027620994434824242,0.5,-0.0033812384647094046,2.125,-0.007654999123473449,-1.3100000000000023,-0.019965995311350793,8507
10,-1.899999999999999,0.9000000000000035,55,8,-4.770000000000067,-0.027620994434824242,0.5,-0.0033812384647094046,2.125,-0.007654999123473449,-1.3100000000000023,-0.019965995311350793,8508
22,0.10000000000000275,0.9000000000000035,43,1,-4.8300000000000125,-0.027750646365986897,0.0,-0.027750646365986897,28.0,-0.04541877459246779,-8.080000000000013,0.017668128226480895,8509
22,0.10000000000000275,1.0000000000000036,43,1,-4.8300000000000125,-0.027750646365986897,0.0,-0.027750646365986897,28.0,-0.04541877459246779,-8.080000000000013,0.017668128226480895,8510
22,0.10000000000000275,1.1000000000000032,43,1,-4.8300000000000125,-0.027750646365986897,0.0,-0.027750646365986897,28.0,-0.04541877459246779,-8.080000000000013,0.017668128226480895,8511
22,0.10000000000000275,1.2000000000000037,43,1,-4.8300000000000125,-0.027750646365986897,0.0,-0.027750646365986897,28.0,-0.04541877459246779,-8.080000000000013,0.017668128226480895,8512
22,0.10000000000000275,1.3000000000000043,43,1,-4.8300000000000125,-0.027750646365986897,0.0,-0.027750646365986897,28.0,-0.04541877459246779,-8.080000000000013,0.017668128226480895,8513
22,0.10000000000000275,1.400000000000004,43,1,-4.8300000000000125,-0.027750646365986897,0.0,-0.027750646365986897,28.0,-0.04541877459246779,-8.080000000000013,0.017668128226480895,8514
22,0.10000000000000275,1.5000000000000036,43,1,-4.8300000000000125,-0.027750646365986897,0.0,-0.027750646365986897,28.0,-0.04541877459246779,-8.080000000000013,0.017668128226480895,8515
22,0.20000000000000284,0.9000000000000035,43,1,-4.8300000000000125,-0.027750646365986897,0.0,-0.027750646365986897,28.0,-0.04541877459246779,-8.080000000000013,0.017668128226480895,8516
22,0.20000000000000284,1.0000000000000036,43,1,-4.8300000000000125,-0.027750646365986897,0.0,-0.027750646365986897,28.0,-0.04541877459246779,-8.080000000000013,0.017668128226480895,8517
22,0.20000000000000284,1.1000000000000032,43,1,-4.8300000000000125,-0.027750646365986897,0.0,-0.027750646365986897,28.0,-0.04541877459246779,-8.080000000000013,0.017668128226480895,8518
22,0.20000000000000284,1.2000000000000037,43,1,-4.8300000000000125,-0.027750646365986897,0.0,-0.027750646365986897,28.0,-0.04541877459246779,-8.080000000000013,0.017668128226480895,8519
22,0.20000000000000284,1.3000000000000043,43,1,-4.8300000000000125,-0.027750646365986897,0.0,-0.027750646365986897,28.0,-0.04541877459246779,-8.080000000000013,0.017668128226480895,8520
22,0.20000000000000284,1.400000000000004,43,1,-4.8300000000000125,-0.027750646365986897,0.0,-0.027750646365986897,28.0,-0.04541877459246779,-8.080000000000013,0.017668128226480895,8521
22,0.20000000000000284,1.5000000000000036,43,1,-4.8300000000000125,-0.027750646365986897,0.0,-0.027750646365986897,28.0,-0.04541877459246779,-8.080000000000013,0.017668128226480895,8522
22,0.30000000000000293,0.9000000000000035,43,1,-4.8300000000000125,-0.027750646365986897,0.0,-0.027750646365986897,28.0,-0.04541877459246779,-8.080000000000013,0.017668128226480895,8523
22,0.30000000000000293,1.0000000000000036,43,1,-4.8300000000000125,-0.027750646365986897,0.0,-0.027750646365986897,28.0,-0.04541877459246779,-8.080000000000013,0.017668128226480895,8524
22,0.30000000000000293,1.1000000000000032,43,1,-4.8300000000000125,-0.027750646365986897,0.0,-0.027750646365986897,28.0,-0.04541877459246779,-8.080000000000013,0.017668128226480895,8525
22,0.30000000000000293,1.2000000000000037,43,1,-4.8300000000000125,-0.027750646365986897,0.0,-0.027750646365986897,28.0,-0.04541877459246779,-8.080000000000013,0.017668128226480895,8526
22,0.30000000000000293,1.3000000000000043,43,1,-4.8300000000000125,-0.027750646365986897,0.0,-0.027750646365986897,28.0,-0.04541877459246779,-8.080000000000013,0.017668128226480895,8527
22,0.30000000000000293,1.400000000000004,43,1,-4.8300000000000125,-0.027750646365986897,0.0,-0.027750646365986897,28.0,-0.04541877459246779,-8.080000000000013,0.017668128226480895,8528
22,0.30000000000000293,1.5000000000000036,43,1,-4.8300000000000125,-0.027750646365986897,0.0,-0.027750646365986897,28.0,-0.04541877459246779,-8.080000000000013,0.017668128226480895,8529
22,-0.09999999999999742,0.9000000000000035,43,1,-4.840000000000003,-0.02780810112036769,0.0,-0.02780810112036769,24.0,-0.04541877459246779,-8.080000000000013,0.017610673472100102,8530
22,-0.09999999999999742,1.0000000000000036,43,1,-4.840000000000003,-0.02780810112036769,0.0,-0.02780810112036769,24.0,-0.04541877459246779,-8.080000000000013,0.017610673472100102,8531
22,-0.09999999999999742,1.1000000000000032,43,1,-4.840000000000003,-0.02780810112036769,0.0,-0.02780810112036769,24.0,-0.04541877459246779,-8.080000000000013,0.017610673472100102,8532
22,-0.09999999999999742,1.2000000000000037,43,1,-4.840000000000003,-0.02780810112036769,0.0,-0.02780810112036769,24.0,-0.04541877459246779,-8.080000000000013,0.017610673472100102,8533
22,-0.09999999999999742,1.3000000000000043,43,1,-4.840000000000003,-0.02780810112036769,0.0,-0.02780810112036769,24.0,-0.04541877459246779,-8.080000000000013,0.017610673472100102,8534
22,-0.09999999999999742,1.400000000000004,43,1,-4.840000000000003,-0.02780810112036769,0.0,-0.02780810112036769,24.0,-0.04541877459246779,-8.080000000000013,0.017610673472100102,8535
22,-0.09999999999999742,1.5000000000000036,43,1,-4.840000000000003,-0.02780810112036769,0.0,-0.02780810112036769,24.0,-0.04541877459246779,-8.080000000000013,0.017610673472100102,8536
22,2.6645352591003757e-15,0.9000000000000035,43,1,-4.840000000000003,-0.02780810112036769,0.0,-0.02780810112036769,24.0,-0.04541877459246779,-8.080000000000013,0.017610673472100102,8537
22,2.6645352591003757e-15,1.0000000000000036,43,1,-4.840000000000003,-0.02780810112036769,0.0,-0.02780810112036769,24.0,-0.04541877459246779,-8.080000000000013,0.017610673472100102,8538
22,2.6645352591003757e-15,1.1000000000000032,43,1,-4.840000000000003,-0.02780810112036769,0.0,-0.02780810112036769,24.0,-0.04541877459246779,-8.080000000000013,0.017610673472100102,8539
22,2.6645352591003757e-15,1.2000000000000037,43,1,-4.840000000000003,-0.02780810112036769,0.0,-0.02780810112036769,24.0,-0.04541877459246779,-8.080000000000013,0.017610673472100102,8540
22,2.6645352591003757e-15,1.3000000000000043,43,1,-4.840000000000003,-0.02780810112036769,0.0,-0.02780810112036769,24.0,-0.04541877459246779,-8.080000000000013,0.017610673472100102,8541
22,2.6645352591003757e-15,1.400000000000004,43,1,-4.840000000000003,-0.02780810112036769,0.0,-0.02780810112036769,24.0,-0.04541877459246779,-8.080000000000013,0.017610673472100102,8542
22,2.6645352591003757e-15,1.5000000000000036,43,1,-4.840000000000003,-0.02780810112036769,0.0,-0.02780810112036769,24.0,-0.04541877459246779,-8.080000000000013,0.017610673472100102,8543
10,-1.0999999999999983,-0.699999999999998,55,12,-4.810000000000002,-0.027841478745404546,0.5,-0.002211865297436416,2.5,-0.007654999123473449,-1.3100000000000023,-0.020186479621931097,8544
10,-1.0999999999999983,-0.5999999999999979,55,12,-4.810000000000002,-0.027841478745404546,0.5,-0.002211865297436416,2.5,-0.007654999123473449,-1.3100000000000023,-0.020186479621931097,8545
10,-1.0999999999999983,-0.4999999999999978,55,12,-4.810000000000002,-0.027841478745404546,0.5,-0.002211865297436416,2.5,-0.007654999123473449,-1.3100000000000023,-0.020186479621931097,8546
10,-1.0999999999999983,-0.3999999999999977,55,12,-4.810000000000002,-0.027841478745404546,0.5,-0.002211865297436416,2.5,-0.007654999123473449,-1.3100000000000023,-0.020186479621931097,8547
10,0.20000000000000284,-0.1999999999999975,55,4,-4.740000000000009,-0.02787334430859445,0.75,-0.006643397371945858,8.75,-0.007654999123473449,-1.3100000000000023,-0.020218345185121,8548
10,0.20000000000000284,-0.09999999999999742,55,4,-4.740000000000009,-0.02787334430859445,0.75,-0.006643397371945858,8.75,-0.007654999123473449,-1.3100000000000023,-0.020218345185121,8549
10,0.20000000000000284,2.6645352591003757e-15,55,4,-4.740000000000009,-0.02787334430859445,0.75,-0.006643397371945858,8.75,-0.007654999123473449,-1.3100000000000023,-0.020218345185121,8550
10,0.20000000000000284,0.10000000000000275,55,4,-4.740000000000009,-0.02787334430859445,0.75,-0.006643397371945858,8.75,-0.007654999123473449,-1.3100000000000023,-0.020218345185121,8551
22,-1.1999999999999984,-0.1999999999999975,43,8,-4.910000000000025,-0.027890891966875664,0.75,-0.0034092045894720258,2.75,-0.04541877459246779,-8.080000000000013,0.01752788262559213,8552
22,-1.1999999999999984,-0.09999999999999742,43,8,-4.910000000000025,-0.027890891966875664,0.75,-0.0034092045894720258,2.75,-0.04541877459246779,-8.080000000000013,0.01752788262559213,8553
10,-1.899999999999999,-0.2999999999999976,55,14,-4.810000000000031,-0.027966778910898604,0.42857142857142855,-0.001985146978822342,1.4285714285714286,-0.007654999123473449,-1.3100000000000023,-0.020311779787425155,8554
10,-1.799999999999999,-0.2999999999999976,55,14,-4.810000000000031,-0.027966778910898604,0.42857142857142855,-0.001985146978822342,1.4285714285714286,-0.007654999123473449,-1.3100000000000023,-0.020311779787425155,8555
10,-1.899999999999999,1.8000000000000043,55,2,-4.820000000000022,-0.02799769233456373,0.0,-0.014044767461081131,3.0,-0.007654999123473449,-1.3100000000000023,-0.02034269321109028,8556
10,-1.799999999999999,1.8000000000000043,55,2,-4.820000000000022,-0.02799769233456373,0.0,-0.014044767461081131,3.0,-0.007654999123473449,-1.3100000000000023,-0.02034269321109028,8557
10,-1.6999999999999988,0.6000000000000032,55,8,-4.880000000000052,-0.028085545912855947,0.625,-0.003387589628620402,2.375,-0.007654999123473449,-1.3100000000000023,-0.020430546789382498,8558
10,-1.6999999999999988,0.7000000000000033,55,8,-4.880000000000052,-0.028085545912855947,0.625,-0.003387589628620402,2.375,-0.007654999123473449,-1.3100000000000023,-0.020430546789382498,8559
10,-1.5999999999999988,0.6000000000000032,55,8,-4.880000000000052,-0.028085545912855947,0.625,-0.003387589628620402,2.375,-0.007654999123473449,-1.3100000000000023,-0.020430546789382498,8560
10,-1.5999999999999988,0.7000000000000033,55,8,-4.880000000000052,-0.028085545912855947,0.625,-0.003387589628620402,2.375,-0.007654999123473449,-1.3100000000000023,-0.020430546789382498,8561
10,-1.4999999999999987,0.6000000000000032,55,8,-4.880000000000052,-0.028085545912855947,0.625,-0.003387589628620402,2.375,-0.007654999123473449,-1.3100000000000023,-0.020430546789382498,8562
10,-1.4999999999999987,0.7000000000000033,55,8,-4.880000000000052,-0.028085545912855947,0.625,-0.003387589628620402,2.375,-0.007654999123473449,-1.3100000000000023,-0.020430546789382498,8563
10,-1.3999999999999986,0.6000000000000032,55,8,-4.880000000000052,-0.028085545912855947,0.625,-0.003387589628620402,2.375,-0.007654999123473449,-1.3100000000000023,-0.020430546789382498,8564
10,-1.3999999999999986,0.7000000000000033,55,8,-4.880000000000052,-0.028085545912855947,0.625,-0.003387589628620402,2.375,-0.007654999123473449,-1.3100000000000023,-0.020430546789382498,8565
22,-2.9,0.20000000000000284,43,8,-4.840000000000003,-0.02817582328066881,0.375,-0.003524145069091017,1.875,-0.04541877459246779,-8.080000000000013,0.017242951311798982,8566
22,-2.8,0.20000000000000284,43,8,-4.840000000000003,-0.02817582328066881,0.375,-0.003524145069091017,1.875,-0.04541877459246779,-8.080000000000013,0.017242951311798982,8567
22,-2.6999999999999997,0.20000000000000284,43,8,-4.840000000000003,-0.02817582328066881,0.375,-0.003524145069091017,1.875,-0.04541877459246779,-8.080000000000013,0.017242951311798982,8568
22,-2.5999999999999996,0.20000000000000284,43,8,-4.840000000000003,-0.02817582328066881,0.375,-0.003524145069091017,1.875,-0.04541877459246779,-8.080000000000013,0.017242951311798982,8569
22,-2.4999999999999996,0.20000000000000284,43,8,-4.840000000000003,-0.02817582328066881,0.375,-0.003524145069091017,1.875,-0.04541877459246779,-8.080000000000013,0.017242951311798982,8570
22,-2.3999999999999995,0.20000000000000284,43,8,-4.840000000000003,-0.02817582328066881,0.375,-0.003524145069091017,1.875,-0.04541877459246779,-8.080000000000013,0.017242951311798982,8571
22,-2.2999999999999994,0.20000000000000284,43,8,-4.840000000000003,-0.02817582328066881,0.375,-0.003524145069091017,1.875,-0.04541877459246779,-8.080000000000013,0.017242951311798982,8572
22,-2.1999999999999993,0.20000000000000284,43,8,-4.840000000000003,-0.02817582328066881,0.375,-0.003524145069091017,1.875,-0.04541877459246779,-8.080000000000013,0.017242951311798982,8573
22,-2.099999999999999,0.20000000000000284,43,8,-4.840000000000003,-0.02817582328066881,0.375,-0.003524145069091017,1.875,-0.04541877459246779,-8.080000000000013,0.017242951311798982,8574
10,0.30000000000000293,1.600000000000004,55,2,-4.820000000000022,-0.028266140236068882,0.5,-0.013818061883129396,11.0,-0.007654999123473449,-1.3100000000000023,-0.020611141112595432,8575
10,0.30000000000000293,1.7000000000000046,55,2,-4.820000000000022,-0.028266140236068882,0.5,-0.013818061883129396,11.0,-0.007654999123473449,-1.3100000000000023,-0.020611141112595432,8576
5,-1.5999999999999988,-0.09999999999999742,60,13,-4.780000000000001,-0.02833066958851349,0.5384615384615384,-0.0021465355056347313,1.4615384615384615,-0.0014112666117841455,-0.2400000000000091,-0.026919402976729345,8577
5,-1.4999999999999987,-0.09999999999999742,60,13,-4.780000000000001,-0.02833066958851349,0.5384615384615384,-0.0021465355056347313,1.4615384615384615,-0.0014112666117841455,-0.2400000000000091,-0.026919402976729345,8578
5,-1.3999999999999986,-0.09999999999999742,60,13,-4.780000000000001,-0.02833066958851349,0.5384615384615384,-0.0021465355056347313,1.4615384615384615,-0.0014112666117841455,-0.2400000000000091,-0.026919402976729345,8579
22,-1.9999999999999991,1.7000000000000046,43,1,-4.860000000000014,-0.028402781836245783,0.0,-0.028402781836245783,6.0,-0.04541877459246779,-8.080000000000013,0.01701599275622201,8580
22,-1.9999999999999991,1.8000000000000043,43,1,-4.860000000000014,-0.028402781836245783,0.0,-0.028402781836245783,6.0,-0.04541877459246779,-8.080000000000013,0.01701599275622201,8581
22,-1.9999999999999991,1.900000000000004,43,1,-4.860000000000014,-0.028402781836245783,0.0,-0.028402781836245783,6.0,-0.04541877459246779,-8.080000000000013,0.01701599275622201,8582
22,-1.9999999999999991,2.0000000000000044,43,1,-4.860000000000014,-0.028402781836245783,0.0,-0.028402781836245783,6.0,-0.04541877459246779,-8.080000000000013,0.01701599275622201,8583
22,-1.9999999999999991,2.100000000000005,43,1,-4.860000000000014,-0.028402781836245783,0.0,-0.028402781836245783,6.0,-0.04541877459246779,-8.080000000000013,0.01701599275622201,8584
22,-1.9999999999999991,2.2000000000000046,43,1,-4.860000000000014,-0.028402781836245783,0.0,-0.028402781836245783,6.0,-0.04541877459246779,-8.080000000000013,0.01701599275622201,8585
22,-1.9999999999999991,2.3000000000000043,43,1,-4.860000000000014,-0.028402781836245783,0.0,-0.028402781836245783,6.0,-0.04541877459246779,-8.080000000000013,0.01701599275622201,8586
22,-1.9999999999999991,2.400000000000005,43,1,-4.860000000000014,-0.028402781836245783,0.0,-0.028402781836245783,6.0,-0.04541877459246779,-8.080000000000013,0.01701599275622201,8587
22,-1.9999999999999991,2.5000000000000053,43,1,-4.860000000000014,-0.028402781836245783,0.0,-0.028402781836245783,6.0,-0.04541877459246779,-8.080000000000013,0.01701599275622201,8588
22,-1.9999999999999991,2.600000000000005,43,1,-4.860000000000014,-0.028402781836245783,0.0,-0.028402781836245783,6.0,-0.04541877459246779,-8.080000000000013,0.01701599275622201,8589
22,-1.9999999999999991,2.7000000000000046,43,1,-4.860000000000014,-0.028402781836245783,0.0,-0.028402781836245783,6.0,-0.04541877459246779,-8.080000000000013,0.01701599275622201,8590
22,-1.9999999999999991,2.800000000000005,43,1,-4.860000000000014,-0.028402781836245783,0.0,-0.028402781836245783,6.0,-0.04541877459246779,-8.080000000000013,0.01701599275622201,8591
22,-1.9999999999999991,2.9000000000000057,43,1,-4.860000000000014,-0.028402781836245783,0.0,-0.028402781836245783,6.0,-0.04541877459246779,-8.080000000000013,0.01701599275622201,8592
10,-1.0999999999999983,1.900000000000004,55,1,-4.860000000000014,-0.028402781836245783,0.0,-0.028402781836245783,6.0,-0.007654999123473449,-1.3100000000000023,-0.020747782712772334,8593
10,-1.0999999999999983,2.0000000000000044,55,1,-4.860000000000014,-0.028402781836245783,0.0,-0.028402781836245783,6.0,-0.007654999123473449,-1.3100000000000023,-0.020747782712772334,8594
10,-1.0999999999999983,2.100000000000005,55,1,-4.860000000000014,-0.028402781836245783,0.0,-0.028402781836245783,6.0,-0.007654999123473449,-1.3100000000000023,-0.020747782712772334,8595
10,-1.0999999999999983,2.2000000000000046,55,1,-4.860000000000014,-0.028402781836245783,0.0,-0.028402781836245783,6.0,-0.007654999123473449,-1.3100000000000023,-0.020747782712772334,8596
10,-1.0999999999999983,2.3000000000000043,55,1,-4.860000000000014,-0.028402781836245783,0.0,-0.028402781836245783,6.0,-0.007654999123473449,-1.3100000000000023,-0.020747782712772334,8597
5,-0.1999999999999975,1.2000000000000037,60,4,-4.9000000000000625,-0.028438614181502286,0.75,-0.00678737517477615,5.75,-0.0014112666117841455,-0.2400000000000091,-0.02702734756971814,8598
5,-0.1999999999999975,1.3000000000000043,60,4,-4.9000000000000625,-0.028438614181502286,0.75,-0.00678737517477615,5.75,-0.0014112666117841455,-0.2400000000000091,-0.02702734756971814,8599
5,-0.09999999999999742,1.2000000000000037,60,4,-4.9000000000000625,-0.028438614181502286,0.75,-0.00678737517477615,5.75,-0.0014112666117841455,-0.2400000000000091,-0.02702734756971814,8600
5,-0.09999999999999742,1.3000000000000043,60,4,-4.9000000000000625,-0.028438614181502286,0.75,-0.00678737517477615,5.75,-0.0014112666117841455,-0.2400000000000091,-0.02702734756971814,8601
5,2.6645352591003757e-15,1.2000000000000037,60,4,-4.9000000000000625,-0.028438614181502286,0.75,-0.00678737517477615,5.75,-0.0014112666117841455,-0.2400000000000091,-0.02702734756971814,8602
5,2.6645352591003757e-15,1.3000000000000043,60,4,-4.9000000000000625,-0.028438614181502286,0.75,-0.00678737517477615,5.75,-0.0014112666117841455,-0.2400000000000091,-0.02702734756971814,8603
5,0.10000000000000275,1.2000000000000037,60,4,-4.9000000000000625,-0.028438614181502286,0.75,-0.00678737517477615,5.75,-0.0014112666117841455,-0.2400000000000091,-0.02702734756971814,8604
5,0.10000000000000275,1.3000000000000043,60,4,-4.9000000000000625,-0.028438614181502286,0.75,-0.00678737517477615,5.75,-0.0014112666117841455,-0.2400000000000091,-0.02702734756971814,8605
10,0.400000000000003,1.2000000000000037,55,2,-4.970000000000027,-0.02844509995371025,0.5,-0.01381506734179927,16.0,-0.007654999123473449,-1.3100000000000023,-0.020790100830236802,8606
10,0.400000000000003,1.3000000000000043,55,2,-4.970000000000027,-0.02844509995371025,0.5,-0.01381506734179927,16.0,-0.007654999123473449,-1.3100000000000023,-0.020790100830236802,8607
10,0.5000000000000031,1.2000000000000037,55,2,-4.970000000000027,-0.02844509995371025,0.5,-0.01381506734179927,16.0,-0.007654999123473449,-1.3100000000000023,-0.020790100830236802,8608
10,0.5000000000000031,1.3000000000000043,55,2,-4.970000000000027,-0.02844509995371025,0.5,-0.01381506734179927,16.0,-0.007654999123473449,-1.3100000000000023,-0.020790100830236802,8609
10,0.6000000000000032,1.2000000000000037,55,2,-4.970000000000027,-0.02844509995371025,0.5,-0.01381506734179927,16.0,-0.007654999123473449,-1.3100000000000023,-0.020790100830236802,8610
10,0.6000000000000032,1.3000000000000043,55,2,-4.970000000000027,-0.02844509995371025,0.5,-0.01381506734179927,16.0,-0.007654999123473449,-1.3100000000000023,-0.020790100830236802,8611
10,0.7000000000000033,1.2000000000000037,55,2,-4.970000000000027,-0.02844509995371025,0.5,-0.01381506734179927,16.0,-0.007654999123473449,-1.3100000000000023,-0.020790100830236802,8612
10,0.7000000000000033,1.3000000000000043,55,2,-4.970000000000027,-0.02844509995371025,0.5,-0.01381506734179927,16.0,-0.007654999123473449,-1.3100000000000023,-0.020790100830236802,8613
10,0.8000000000000034,1.2000000000000037,55,2,-4.970000000000027,-0.02844509995371025,0.5,-0.01381506734179927,16.0,-0.007654999123473449,-1.3100000000000023,-0.020790100830236802,8614
10,0.8000000000000034,1.3000000000000043,55,2,-4.970000000000027,-0.02844509995371025,0.5,-0.01381506734179927,16.0,-0.007654999123473449,-1.3100000000000023,-0.020790100830236802,8615
10,0.9000000000000035,1.2000000000000037,55,2,-4.970000000000027,-0.02844509995371025,0.5,-0.01381506734179927,16.0,-0.007654999123473449,-1.3100000000000023,-0.020790100830236802,8616
10,0.9000000000000035,1.3000000000000043,55,2,-4.970000000000027,-0.02844509995371025,0.5,-0.01381506734179927,16.0,-0.007654999123473449,-1.3100000000000023,-0.020790100830236802,8617
10,1.0000000000000036,1.2000000000000037,55,2,-4.970000000000027,-0.02844509995371025,0.5,-0.01381506734179927,16.0,-0.007654999123473449,-1.3100000000000023,-0.020790100830236802,8618
10,1.0000000000000036,1.3000000000000043,55,2,-4.970000000000027,-0.02844509995371025,0.5,-0.01381506734179927,16.0,-0.007654999123473449,-1.3100000000000023,-0.020790100830236802,8619
10,1.1000000000000032,1.2000000000000037,55,2,-4.970000000000027,-0.02844509995371025,0.5,-0.01381506734179927,16.0,-0.007654999123473449,-1.3100000000000023,-0.020790100830236802,8620
10,1.1000000000000032,1.3000000000000043,55,2,-4.970000000000027,-0.02844509995371025,0.5,-0.01381506734179927,16.0,-0.007654999123473449,-1.3100000000000023,-0.020790100830236802,8621
10,1.2000000000000037,1.2000000000000037,55,2,-4.970000000000027,-0.02844509995371025,0.5,-0.01381506734179927,16.0,-0.007654999123473449,-1.3100000000000023,-0.020790100830236802,8622
10,1.2000000000000037,1.3000000000000043,55,2,-4.970000000000027,-0.02844509995371025,0.5,-0.01381506734179927,16.0,-0.007654999123473449,-1.3100000000000023,-0.020790100830236802,8623
10,1.3000000000000043,1.2000000000000037,55,2,-4.970000000000027,-0.02844509995371025,0.5,-0.01381506734179927,16.0,-0.007654999123473449,-1.3100000000000023,-0.020790100830236802,8624
10,1.3000000000000043,1.3000000000000043,55,2,-4.970000000000027,-0.02844509995371025,0.5,-0.01381506734179927,16.0,-0.007654999123473449,-1.3100000000000023,-0.020790100830236802,8625
10,1.400000000000004,1.2000000000000037,55,2,-4.970000000000027,-0.02844509995371025,0.5,-0.01381506734179927,16.0,-0.007654999123473449,-1.3100000000000023,-0.020790100830236802,8626
10,1.400000000000004,1.3000000000000043,55,2,-4.970000000000027,-0.02844509995371025,0.5,-0.01381506734179927,16.0,-0.007654999123473449,-1.3100000000000023,-0.020790100830236802,8627
10,1.5000000000000036,1.2000000000000037,55,2,-4.970000000000027,-0.02844509995371025,0.5,-0.01381506734179927,16.0,-0.007654999123473449,-1.3100000000000023,-0.020790100830236802,8628
10,1.5000000000000036,1.3000000000000043,55,2,-4.970000000000027,-0.02844509995371025,0.5,-0.01381506734179927,16.0,-0.007654999123473449,-1.3100000000000023,-0.020790100830236802,8629
5,1.400000000000004,1.400000000000004,60,2,-4.970000000000027,-0.02844509995371025,0.5,-0.01381506734179927,16.0,-0.0014112666117841455,-0.2400000000000091,-0.027033833341926106,8630
10,-0.3999999999999977,0.20000000000000284,55,5,-4.950000000000017,-0.028608446301352952,0.8,-0.005503668654629456,5.8,-0.007654999123473449,-1.3100000000000023,-0.020953447177879503,8631
10,-0.3999999999999977,0.30000000000000293,55,5,-4.950000000000017,-0.028608446301352952,0.8,-0.005503668654629456,5.8,-0.007654999123473449,-1.3100000000000023,-0.020953447177879503,8632
5,-0.4999999999999978,1.400000000000004,60,4,-4.970000000000056,-0.02862877136978781,0.75,-0.0069151079440414875,3.5,-0.0014112666117841455,-0.2400000000000091,-0.027217504758003663,8633
10,-0.09999999999999742,-0.8999999999999981,55,6,-4.859999999999985,-0.028640578659941074,0.6666666666666666,-0.0045626321510099,6.333333333333333,-0.007654999123473449,-1.3100000000000023,-0.020985579536467625,8634
10,-0.09999999999999742,-0.799999999999998,55,6,-4.859999999999985,-0.028640578659941074,0.6666666666666666,-0.0045626321510099,6.333333333333333,-0.007654999123473449,-1.3100000000000023,-0.020985579536467625,8635
10,2.6645352591003757e-15,-0.8999999999999981,55,6,-4.859999999999985,-0.028640578659941074,0.6666666666666666,-0.0045626321510099,6.333333333333333,-0.007654999123473449,-1.3100000000000023,-0.020985579536467625,8636
10,2.6645352591003757e-15,-0.799999999999998,55,6,-4.859999999999985,-0.028640578659941074,0.6666666666666666,-0.0045626321510099,6.333333333333333,-0.007654999123473449,-1.3100000000000023,-0.020985579536467625,8637
10,0.10000000000000275,-0.8999999999999981,55,6,-4.859999999999985,-0.028640578659941074,0.6666666666666666,-0.0045626321510099,6.333333333333333,-0.007654999123473449,-1.3100000000000023,-0.020985579536467625,8638
10,0.10000000000000275,-0.799999999999998,55,6,-4.859999999999985,-0.028640578659941074,0.6666666666666666,-0.0045626321510099,6.333333333333333,-0.007654999123473449,-1.3100000000000023,-0.020985579536467625,8639
22,-1.899999999999999,-0.3999999999999977,43,12,-4.900000000000034,-0.028653497702816555,0.5,-0.0023149013995002465,2.3333333333333335,-0.04541877459246779,-8.080000000000013,0.016765276889651237,8640
22,-1.799999999999999,-0.3999999999999977,43,12,-4.900000000000034,-0.028653497702816555,0.5,-0.0023149013995002465,2.3333333333333335,-0.04541877459246779,-8.080000000000013,0.016765276889651237,8641
22,-1.6999999999999988,-0.3999999999999977,43,12,-4.900000000000034,-0.028653497702816555,0.5,-0.0023149013995002465,2.3333333333333335,-0.04541877459246779,-8.080000000000013,0.016765276889651237,8642
22,-1.0999999999999983,1.600000000000004,43,1,-4.910000000000025,-0.028694991525919145,0.0,-0.028694991525919145,15.0,-0.04541877459246779,-8.080000000000013,0.016723783066548648,8643
22,-1.0999999999999983,1.7000000000000046,43,1,-4.910000000000025,-0.028694991525919145,0.0,-0.028694991525919145,15.0,-0.04541877459246779,-8.080000000000013,0.016723783066548648,8644
22,-1.0999999999999983,1.8000000000000043,43,1,-4.910000000000025,-0.028694991525919145,0.0,-0.028694991525919145,15.0,-0.04541877459246779,-8.080000000000013,0.016723783066548648,8645
22,-1.0999999999999983,1.900000000000004,43,1,-4.910000000000025,-0.028694991525919145,0.0,-0.028694991525919145,15.0,-0.04541877459246779,-8.080000000000013,0.016723783066548648,8646
22,-1.0999999999999983,2.0000000000000044,43,1,-4.910000000000025,-0.028694991525919145,0.0,-0.028694991525919145,15.0,-0.04541877459246779,-8.080000000000013,0.016723783066548648,8647
22,-1.0999999999999983,2.100000000000005,43,1,-4.910000000000025,-0.028694991525919145,0.0,-0.028694991525919145,15.0,-0.04541877459246779,-8.080000000000013,0.016723783066548648,8648
22,-1.0999999999999983,2.2000000000000046,43,1,-4.910000000000025,-0.028694991525919145,0.0,-0.028694991525919145,15.0,-0.04541877459246779,-8.080000000000013,0.016723783066548648,8649
22,-1.0999999999999983,2.3000000000000043,43,1,-4.910000000000025,-0.028694991525919145,0.0,-0.028694991525919145,15.0,-0.04541877459246779,-8.080000000000013,0.016723783066548648,8650
22,-1.0999999999999983,2.400000000000005,43,1,-4.910000000000025,-0.028694991525919145,0.0,-0.028694991525919145,15.0,-0.04541877459246779,-8.080000000000013,0.016723783066548648,8651
22,-1.0999999999999983,2.5000000000000053,43,1,-4.910000000000025,-0.028694991525919145,0.0,-0.028694991525919145,15.0,-0.04541877459246779,-8.080000000000013,0.016723783066548648,8652
22,-1.0999999999999983,2.600000000000005,43,1,-4.910000000000025,-0.028694991525919145,0.0,-0.028694991525919145,15.0,-0.04541877459246779,-8.080000000000013,0.016723783066548648,8653
22,-1.0999999999999983,2.7000000000000046,43,1,-4.910000000000025,-0.028694991525919145,0.0,-0.028694991525919145,15.0,-0.04541877459246779,-8.080000000000013,0.016723783066548648,8654
22,-1.0999999999999983,2.800000000000005,43,1,-4.910000000000025,-0.028694991525919145,0.0,-0.028694991525919145,15.0,-0.04541877459246779,-8.080000000000013,0.016723783066548648,8655
22,-1.0999999999999983,2.9000000000000057,43,1,-4.910000000000025,-0.028694991525919145,0.0,-0.028694991525919145,15.0,-0.04541877459246779,-8.080000000000013,0.016723783066548648,8656
22,-0.9999999999999982,1.600000000000004,43,1,-4.910000000000025,-0.028694991525919145,0.0,-0.028694991525919145,15.0,-0.04541877459246779,-8.080000000000013,0.016723783066548648,8657
22,-0.9999999999999982,1.7000000000000046,43,1,-4.910000000000025,-0.028694991525919145,0.0,-0.028694991525919145,15.0,-0.04541877459246779,-8.080000000000013,0.016723783066548648,8658
22,-0.9999999999999982,1.8000000000000043,43,1,-4.910000000000025,-0.028694991525919145,0.0,-0.028694991525919145,15.0,-0.04541877459246779,-8.080000000000013,0.016723783066548648,8659
22,-0.9999999999999982,1.900000000000004,43,1,-4.910000000000025,-0.028694991525919145,0.0,-0.028694991525919145,15.0,-0.04541877459246779,-8.080000000000013,0.016723783066548648,8660
22,-0.9999999999999982,2.0000000000000044,43,1,-4.910000000000025,-0.028694991525919145,0.0,-0.028694991525919145,15.0,-0.04541877459246779,-8.080000000000013,0.016723783066548648,8661
22,-0.9999999999999982,2.100000000000005,43,1,-4.910000000000025,-0.028694991525919145,0.0,-0.028694991525919145,15.0,-0.04541877459246779,-8.080000000000013,0.016723783066548648,8662
22,-0.9999999999999982,2.2000000000000046,43,1,-4.910000000000025,-0.028694991525919145,0.0,-0.028694991525919145,15.0,-0.04541877459246779,-8.080000000000013,0.016723783066548648,8663
22,-0.9999999999999982,2.3000000000000043,43,1,-4.910000000000025,-0.028694991525919145,0.0,-0.028694991525919145,15.0,-0.04541877459246779,-8.080000000000013,0.016723783066548648,8664
22,-0.9999999999999982,2.400000000000005,43,1,-4.910000000000025,-0.028694991525919145,0.0,-0.028694991525919145,15.0,-0.04541877459246779,-8.080000000000013,0.016723783066548648,8665
22,-0.9999999999999982,2.5000000000000053,43,1,-4.910000000000025,-0.028694991525919145,0.0,-0.028694991525919145,15.0,-0.04541877459246779,-8.080000000000013,0.016723783066548648,8666
22,-0.9999999999999982,2.600000000000005,43,1,-4.910000000000025,-0.028694991525919145,0.0,-0.028694991525919145,15.0,-0.04541877459246779,-8.080000000000013,0.016723783066548648,8667
22,-0.9999999999999982,2.7000000000000046,43,1,-4.910000000000025,-0.028694991525919145,0.0,-0.028694991525919145,15.0,-0.04541877459246779,-8.080000000000013,0.016723783066548648,8668
22,-0.9999999999999982,2.800000000000005,43,1,-4.910000000000025,-0.028694991525919145,0.0,-0.028694991525919145,15.0,-0.04541877459246779,-8.080000000000013,0.016723783066548648,8669
22,-0.9999999999999982,2.9000000000000057,43,1,-4.910000000000025,-0.028694991525919145,0.0,-0.028694991525919145,15.0,-0.04541877459246779,-8.080000000000013,0.016723783066548648,8670
10,-0.2999999999999976,1.900000000000004,55,1,-4.910000000000025,-0.028694991525919145,0.0,-0.028694991525919145,15.0,-0.007654999123473449,-1.3100000000000023,-0.021039992402445695,8671
10,-0.2999999999999976,2.0000000000000044,55,1,-4.910000000000025,-0.028694991525919145,0.0,-0.028694991525919145,15.0,-0.007654999123473449,-1.3100000000000023,-0.021039992402445695,8672
10,-0.2999999999999976,2.100000000000005,55,1,-4.910000000000025,-0.028694991525919145,0.0,-0.028694991525919145,15.0,-0.007654999123473449,-1.3100000000000023,-0.021039992402445695,8673
10,-0.2999999999999976,2.2000000000000046,55,1,-4.910000000000025,-0.028694991525919145,0.0,-0.028694991525919145,15.0,-0.007654999123473449,-1.3100000000000023,-0.021039992402445695,8674
10,-0.2999999999999976,2.3000000000000043,55,1,-4.910000000000025,-0.028694991525919145,0.0,-0.028694991525919145,15.0,-0.007654999123473449,-1.3100000000000023,-0.021039992402445695,8675
10,-0.1999999999999975,1.900000000000004,55,1,-4.910000000000025,-0.028694991525919145,0.0,-0.028694991525919145,15.0,-0.007654999123473449,-1.3100000000000023,-0.021039992402445695,8676
10,-0.1999999999999975,2.0000000000000044,55,1,-4.910000000000025,-0.028694991525919145,0.0,-0.028694991525919145,15.0,-0.007654999123473449,-1.3100000000000023,-0.021039992402445695,8677
10,-0.1999999999999975,2.100000000000005,55,1,-4.910000000000025,-0.028694991525919145,0.0,-0.028694991525919145,15.0,-0.007654999123473449,-1.3100000000000023,-0.021039992402445695,8678
10,-0.1999999999999975,2.2000000000000046,55,1,-4.910000000000025,-0.028694991525919145,0.0,-0.028694991525919145,15.0,-0.007654999123473449,-1.3100000000000023,-0.021039992402445695,8679
10,-0.1999999999999975,2.3000000000000043,55,1,-4.910000000000025,-0.028694991525919145,0.0,-0.028694991525919145,15.0,-0.007654999123473449,-1.3100000000000023,-0.021039992402445695,8680
10,-0.09999999999999742,1.900000000000004,55,1,-4.910000000000025,-0.028694991525919145,0.0,-0.028694991525919145,15.0,-0.007654999123473449,-1.3100000000000023,-0.021039992402445695,8681
10,-0.09999999999999742,2.0000000000000044,55,1,-4.910000000000025,-0.028694991525919145,0.0,-0.028694991525919145,15.0,-0.007654999123473449,-1.3100000000000023,-0.021039992402445695,8682
10,-0.09999999999999742,2.100000000000005,55,1,-4.910000000000025,-0.028694991525919145,0.0,-0.028694991525919145,15.0,-0.007654999123473449,-1.3100000000000023,-0.021039992402445695,8683
10,-0.09999999999999742,2.2000000000000046,55,1,-4.910000000000025,-0.028694991525919145,0.0,-0.028694991525919145,15.0,-0.007654999123473449,-1.3100000000000023,-0.021039992402445695,8684
10,-0.09999999999999742,2.3000000000000043,55,1,-4.910000000000025,-0.028694991525919145,0.0,-0.028694991525919145,15.0,-0.007654999123473449,-1.3100000000000023,-0.021039992402445695,8685
10,2.6645352591003757e-15,1.900000000000004,55,1,-4.910000000000025,-0.028694991525919145,0.0,-0.028694991525919145,15.0,-0.007654999123473449,-1.3100000000000023,-0.021039992402445695,8686
10,2.6645352591003757e-15,2.0000000000000044,55,1,-4.910000000000025,-0.028694991525919145,0.0,-0.028694991525919145,15.0,-0.007654999123473449,-1.3100000000000023,-0.021039992402445695,8687
10,2.6645352591003757e-15,2.100000000000005,55,1,-4.910000000000025,-0.028694991525919145,0.0,-0.028694991525919145,15.0,-0.007654999123473449,-1.3100000000000023,-0.021039992402445695,8688
10,2.6645352591003757e-15,2.2000000000000046,55,1,-4.910000000000025,-0.028694991525919145,0.0,-0.028694991525919145,15.0,-0.007654999123473449,-1.3100000000000023,-0.021039992402445695,8689
10,2.6645352591003757e-15,2.3000000000000043,55,1,-4.910000000000025,-0.028694991525919145,0.0,-0.028694991525919145,15.0,-0.007654999123473449,-1.3100000000000023,-0.021039992402445695,8690
10,0.10000000000000275,1.900000000000004,55,1,-4.910000000000025,-0.028694991525919145,0.0,-0.028694991525919145,15.0,-0.007654999123473449,-1.3100000000000023,-0.021039992402445695,8691
10,0.10000000000000275,2.0000000000000044,55,1,-4.910000000000025,-0.028694991525919145,0.0,-0.028694991525919145,15.0,-0.007654999123473449,-1.3100000000000023,-0.021039992402445695,8692
10,0.10000000000000275,2.100000000000005,55,1,-4.910000000000025,-0.028694991525919145,0.0,-0.028694991525919145,15.0,-0.007654999123473449,-1.3100000000000023,-0.021039992402445695,8693
10,0.10000000000000275,2.2000000000000046,55,1,-4.910000000000025,-0.028694991525919145,0.0,-0.028694991525919145,15.0,-0.007654999123473449,-1.3100000000000023,-0.021039992402445695,8694
10,0.10000000000000275,2.3000000000000043,55,1,-4.910000000000025,-0.028694991525919145,0.0,-0.028694991525919145,15.0,-0.007654999123473449,-1.3100000000000023,-0.021039992402445695,8695
10,0.20000000000000284,1.900000000000004,55,1,-4.910000000000025,-0.028694991525919145,0.0,-0.028694991525919145,15.0,-0.007654999123473449,-1.3100000000000023,-0.021039992402445695,8696
10,0.20000000000000284,2.0000000000000044,55,1,-4.910000000000025,-0.028694991525919145,0.0,-0.028694991525919145,15.0,-0.007654999123473449,-1.3100000000000023,-0.021039992402445695,8697
10,0.20000000000000284,2.100000000000005,55,1,-4.910000000000025,-0.028694991525919145,0.0,-0.028694991525919145,15.0,-0.007654999123473449,-1.3100000000000023,-0.021039992402445695,8698
10,0.20000000000000284,2.2000000000000046,55,1,-4.910000000000025,-0.028694991525919145,0.0,-0.028694991525919145,15.0,-0.007654999123473449,-1.3100000000000023,-0.021039992402445695,8699
10,0.20000000000000284,2.3000000000000043,55,1,-4.910000000000025,-0.028694991525919145,0.0,-0.028694991525919145,15.0,-0.007654999123473449,-1.3100000000000023,-0.021039992402445695,8700
5,-0.1999999999999975,-1.4999999999999987,60,17,-4.940000000000055,-0.028728525316529252,0.5882352941176471,-0.0015615266239993647,3.235294117647059,-0.0014112666117841455,-0.2400000000000091,-0.027317258704745107,8701
5,-0.09999999999999742,-1.4999999999999987,60,17,-4.940000000000055,-0.028728525316529252,0.5882352941176471,-0.0015615266239993647,3.235294117647059,-0.0014112666117841455,-0.2400000000000091,-0.027317258704745107,8702
5,-1.5999999999999988,1.400000000000004,60,5,-4.900000000000034,-0.028794718465398605,0.6,-0.005686333487332185,1.8,-0.0014112666117841455,-0.2400000000000091,-0.02738345185361446,8703
5,-1.4999999999999987,1.400000000000004,60,5,-4.900000000000034,-0.028794718465398605,0.6,-0.005686333487332185,1.8,-0.0014112666117841455,-0.2400000000000091,-0.02738345185361446,8704
5,-1.3999999999999986,1.400000000000004,60,5,-4.900000000000034,-0.028794718465398605,0.6,-0.005686333487332185,1.8,-0.0014112666117841455,-0.2400000000000091,-0.02738345185361446,8705
5,2.6645352591003757e-15,-1.3999999999999986,60,16,-4.9000000000000625,-0.028797199589433498,0.625,-0.0016643855261158289,3.25,-0.0014112666117841455,-0.2400000000000091,-0.027385932977649352,8706
5,1.2000000000000037,-0.5999999999999979,60,4,-4.970000000000027,-0.02883170785519873,0.5,-0.007021782689395295,11.0,-0.0014112666117841455,-0.2400000000000091,-0.027420441243414584,8707
5,1.2000000000000037,-0.4999999999999978,60,4,-4.970000000000027,-0.02883170785519873,0.5,-0.007021782689395295,11.0,-0.0014112666117841455,-0.2400000000000091,-0.027420441243414584,8708
5,1.2000000000000037,-0.3999999999999977,60,4,-4.970000000000027,-0.02883170785519873,0.5,-0.007021782689395295,11.0,-0.0014112666117841455,-0.2400000000000091,-0.027420441243414584,8709
5,1.2000000000000037,-0.2999999999999976,60,4,-4.970000000000027,-0.02883170785519873,0.5,-0.007021782689395295,11.0,-0.0014112666117841455,-0.2400000000000091,-0.027420441243414584,8710
5,1.2000000000000037,-0.1999999999999975,60,4,-4.970000000000027,-0.02883170785519873,0.5,-0.007021782689395295,11.0,-0.0014112666117841455,-0.2400000000000091,-0.027420441243414584,8711
5,1.2000000000000037,-0.09999999999999742,60,4,-4.970000000000027,-0.02883170785519873,0.5,-0.007021782689395295,11.0,-0.0014112666117841455,-0.2400000000000091,-0.027420441243414584,8712
5,1.2000000000000037,2.6645352591003757e-15,60,4,-4.970000000000027,-0.02883170785519873,0.5,-0.007021782689395295,11.0,-0.0014112666117841455,-0.2400000000000091,-0.027420441243414584,8713
5,2.6645352591003757e-15,-1.1999999999999984,60,13,-4.960000000000036,-0.028847684803542717,0.6923076923076923,-0.0020630250554248405,3.5384615384615383,-0.0014112666117841455,-0.2400000000000091,-0.02743641819175857,8714
22,-0.1999999999999975,-3.0,43,13,-4.960000000000036,-0.02886295291637042,0.46153846153846156,-0.0021701969670264378,3.3076923076923075,-0.04541877459246779,-8.080000000000013,0.01655582167609737,8715
22,-0.1999999999999975,-2.9,43,13,-4.960000000000036,-0.02886295291637042,0.46153846153846156,-0.0021701969670264378,3.3076923076923075,-0.04541877459246779,-8.080000000000013,0.01655582167609737,8716
22,-0.1999999999999975,-2.8,43,13,-4.960000000000036,-0.02886295291637042,0.46153846153846156,-0.0021701969670264378,3.3076923076923075,-0.04541877459246779,-8.080000000000013,0.01655582167609737,8717
22,-0.1999999999999975,-2.6999999999999997,43,13,-4.960000000000036,-0.02886295291637042,0.46153846153846156,-0.0021701969670264378,3.3076923076923075,-0.04541877459246779,-8.080000000000013,0.01655582167609737,8718
22,-0.1999999999999975,-2.5999999999999996,43,13,-4.960000000000036,-0.02886295291637042,0.46153846153846156,-0.0021701969670264378,3.3076923076923075,-0.04541877459246779,-8.080000000000013,0.01655582167609737,8719
22,-0.1999999999999975,-2.4999999999999996,43,13,-4.960000000000036,-0.02886295291637042,0.46153846153846156,-0.0021701969670264378,3.3076923076923075,-0.04541877459246779,-8.080000000000013,0.01655582167609737,8720
22,-0.1999999999999975,-2.3999999999999995,43,13,-4.960000000000036,-0.02886295291637042,0.46153846153846156,-0.0021701969670264378,3.3076923076923075,-0.04541877459246779,-8.080000000000013,0.01655582167609737,8721
22,-0.1999999999999975,-2.2999999999999994,43,13,-4.960000000000036,-0.02886295291637042,0.46153846153846156,-0.0021701969670264378,3.3076923076923075,-0.04541877459246779,-8.080000000000013,0.01655582167609737,8722
22,-0.1999999999999975,-2.1999999999999993,43,13,-4.960000000000036,-0.02886295291637042,0.46153846153846156,-0.0021701969670264378,3.3076923076923075,-0.04541877459246779,-8.080000000000013,0.01655582167609737,8723
22,-0.1999999999999975,-2.099999999999999,43,13,-4.960000000000036,-0.02886295291637042,0.46153846153846156,-0.0021701969670264378,3.3076923076923075,-0.04541877459246779,-8.080000000000013,0.01655582167609737,8724
22,-0.1999999999999975,-1.9999999999999991,43,13,-4.960000000000036,-0.02886295291637042,0.46153846153846156,-0.0021701969670264378,3.3076923076923075,-0.04541877459246779,-8.080000000000013,0.01655582167609737,8725
22,-0.1999999999999975,-1.899999999999999,43,13,-4.960000000000036,-0.02886295291637042,0.46153846153846156,-0.0021701969670264378,3.3076923076923075,-0.04541877459246779,-8.080000000000013,0.01655582167609737,8726
22,-0.1999999999999975,-1.799999999999999,43,13,-4.960000000000036,-0.02886295291637042,0.46153846153846156,-0.0021701969670264378,3.3076923076923075,-0.04541877459246779,-8.080000000000013,0.01655582167609737,8727
22,-0.1999999999999975,-1.6999999999999988,43,13,-4.960000000000036,-0.02886295291637042,0.46153846153846156,-0.0021701969670264378,3.3076923076923075,-0.04541877459246779,-8.080000000000013,0.01655582167609737,8728
22,-0.1999999999999975,-1.5999999999999988,43,13,-4.960000000000036,-0.02886295291637042,0.46153846153846156,-0.0021701969670264378,3.3076923076923075,-0.04541877459246779,-8.080000000000013,0.01655582167609737,8729
10,0.30000000000000293,0.20000000000000284,55,3,-5.02000000000001,-0.028896518986854303,0.6666666666666666,-0.009149837465744567,12.0,-0.007654999123473449,-1.3100000000000023,-0.021241519863380853,8730
10,0.30000000000000293,0.30000000000000293,55,3,-5.02000000000001,-0.028896518986854303,0.6666666666666666,-0.009149837465744567,12.0,-0.007654999123473449,-1.3100000000000023,-0.021241519863380853,8731
5,1.0000000000000036,1.400000000000004,60,3,-5.100000000000023,-0.028914208133593466,0.6666666666666666,-0.009312129564300794,10.0,-0.0014112666117841455,-0.2400000000000091,-0.02750294152180932,8732
5,1.1000000000000032,1.400000000000004,60,3,-5.100000000000023,-0.028914208133593466,0.6666666666666666,-0.009312129564300794,10.0,-0.0014112666117841455,-0.2400000000000091,-0.02750294152180932,8733
22,-1.9999999999999991,1.600000000000004,43,2,-4.960000000000008,-0.0289875881551116,0.0,-0.014502341923299245,3.5,-0.04541877459246779,-8.080000000000013,0.016431186437356193,8734
22,-1.899999999999999,1.600000000000004,43,1,-4.970000000000027,-0.02904564315352709,0.0,-0.02904564315352709,7.0,-0.04541877459246779,-8.080000000000013,0.016373131438940702,8735
22,-1.899999999999999,1.7000000000000046,43,1,-4.970000000000027,-0.02904564315352709,0.0,-0.02904564315352709,7.0,-0.04541877459246779,-8.080000000000013,0.016373131438940702,8736
22,-1.899999999999999,1.8000000000000043,43,1,-4.970000000000027,-0.02904564315352709,0.0,-0.02904564315352709,7.0,-0.04541877459246779,-8.080000000000013,0.016373131438940702,8737
22,-1.899999999999999,1.900000000000004,43,1,-4.970000000000027,-0.02904564315352709,0.0,-0.02904564315352709,7.0,-0.04541877459246779,-8.080000000000013,0.016373131438940702,8738
22,-1.899999999999999,2.0000000000000044,43,1,-4.970000000000027,-0.02904564315352709,0.0,-0.02904564315352709,7.0,-0.04541877459246779,-8.080000000000013,0.016373131438940702,8739
22,-1.899999999999999,2.100000000000005,43,1,-4.970000000000027,-0.02904564315352709,0.0,-0.02904564315352709,7.0,-0.04541877459246779,-8.080000000000013,0.016373131438940702,8740
22,-1.899999999999999,2.2000000000000046,43,1,-4.970000000000027,-0.02904564315352709,0.0,-0.02904564315352709,7.0,-0.04541877459246779,-8.080000000000013,0.016373131438940702,8741
22,-1.899999999999999,2.3000000000000043,43,1,-4.970000000000027,-0.02904564315352709,0.0,-0.02904564315352709,7.0,-0.04541877459246779,-8.080000000000013,0.016373131438940702,8742
22,-1.899999999999999,2.400000000000005,43,1,-4.970000000000027,-0.02904564315352709,0.0,-0.02904564315352709,7.0,-0.04541877459246779,-8.080000000000013,0.016373131438940702,8743
22,-1.899999999999999,2.5000000000000053,43,1,-4.970000000000027,-0.02904564315352709,0.0,-0.02904564315352709,7.0,-0.04541877459246779,-8.080000000000013,0.016373131438940702,8744
22,-1.899999999999999,2.600000000000005,43,1,-4.970000000000027,-0.02904564315352709,0.0,-0.02904564315352709,7.0,-0.04541877459246779,-8.080000000000013,0.016373131438940702,8745
22,-1.899999999999999,2.7000000000000046,43,1,-4.970000000000027,-0.02904564315352709,0.0,-0.02904564315352709,7.0,-0.04541877459246779,-8.080000000000013,0.016373131438940702,8746
22,-1.899999999999999,2.800000000000005,43,1,-4.970000000000027,-0.02904564315352709,0.0,-0.02904564315352709,7.0,-0.04541877459246779,-8.080000000000013,0.016373131438940702,8747
22,-1.899999999999999,2.9000000000000057,43,1,-4.970000000000027,-0.02904564315352709,0.0,-0.02904564315352709,7.0,-0.04541877459246779,-8.080000000000013,0.016373131438940702,8748
22,-1.799999999999999,1.600000000000004,43,1,-4.970000000000027,-0.02904564315352709,0.0,-0.02904564315352709,7.0,-0.04541877459246779,-8.080000000000013,0.016373131438940702,8749
22,-1.799999999999999,1.7000000000000046,43,1,-4.970000000000027,-0.02904564315352709,0.0,-0.02904564315352709,7.0,-0.04541877459246779,-8.080000000000013,0.016373131438940702,8750
22,-1.799999999999999,1.8000000000000043,43,1,-4.970000000000027,-0.02904564315352709,0.0,-0.02904564315352709,7.0,-0.04541877459246779,-8.080000000000013,0.016373131438940702,8751
22,-1.799999999999999,1.900000000000004,43,1,-4.970000000000027,-0.02904564315352709,0.0,-0.02904564315352709,7.0,-0.04541877459246779,-8.080000000000013,0.016373131438940702,8752
22,-1.799999999999999,2.0000000000000044,43,1,-4.970000000000027,-0.02904564315352709,0.0,-0.02904564315352709,7.0,-0.04541877459246779,-8.080000000000013,0.016373131438940702,8753
22,-1.799999999999999,2.100000000000005,43,1,-4.970000000000027,-0.02904564315352709,0.0,-0.02904564315352709,7.0,-0.04541877459246779,-8.080000000000013,0.016373131438940702,8754
22,-1.799999999999999,2.2000000000000046,43,1,-4.970000000000027,-0.02904564315352709,0.0,-0.02904564315352709,7.0,-0.04541877459246779,-8.080000000000013,0.016373131438940702,8755
22,-1.799999999999999,2.3000000000000043,43,1,-4.970000000000027,-0.02904564315352709,0.0,-0.02904564315352709,7.0,-0.04541877459246779,-8.080000000000013,0.016373131438940702,8756
22,-1.799999999999999,2.400000000000005,43,1,-4.970000000000027,-0.02904564315352709,0.0,-0.02904564315352709,7.0,-0.04541877459246779,-8.080000000000013,0.016373131438940702,8757
22,-1.799999999999999,2.5000000000000053,43,1,-4.970000000000027,-0.02904564315352709,0.0,-0.02904564315352709,7.0,-0.04541877459246779,-8.080000000000013,0.016373131438940702,8758
22,-1.799999999999999,2.600000000000005,43,1,-4.970000000000027,-0.02904564315352709,0.0,-0.02904564315352709,7.0,-0.04541877459246779,-8.080000000000013,0.016373131438940702,8759
22,-1.799999999999999,2.7000000000000046,43,1,-4.970000000000027,-0.02904564315352709,0.0,-0.02904564315352709,7.0,-0.04541877459246779,-8.080000000000013,0.016373131438940702,8760
22,-1.799999999999999,2.800000000000005,43,1,-4.970000000000027,-0.02904564315352709,0.0,-0.02904564315352709,7.0,-0.04541877459246779,-8.080000000000013,0.016373131438940702,8761
22,-1.799999999999999,2.9000000000000057,43,1,-4.970000000000027,-0.02904564315352709,0.0,-0.02904564315352709,7.0,-0.04541877459246779,-8.080000000000013,0.016373131438940702,8762
22,-1.6999999999999988,1.600000000000004,43,1,-4.970000000000027,-0.02904564315352709,0.0,-0.02904564315352709,7.0,-0.04541877459246779,-8.080000000000013,0.016373131438940702,8763
22,-1.6999999999999988,1.7000000000000046,43,1,-4.970000000000027,-0.02904564315352709,0.0,-0.02904564315352709,7.0,-0.04541877459246779,-8.080000000000013,0.016373131438940702,8764
22,-1.6999999999999988,1.8000000000000043,43,1,-4.970000000000027,-0.02904564315352709,0.0,-0.02904564315352709,7.0,-0.04541877459246779,-8.080000000000013,0.016373131438940702,8765
22,-1.6999999999999988,1.900000000000004,43,1,-4.970000000000027,-0.02904564315352709,0.0,-0.02904564315352709,7.0,-0.04541877459246779,-8.080000000000013,0.016373131438940702,8766
22,-1.6999999999999988,2.0000000000000044,43,1,-4.970000000000027,-0.02904564315352709,0.0,-0.02904564315352709,7.0,-0.04541877459246779,-8.080000000000013,0.016373131438940702,8767
22,-1.6999999999999988,2.100000000000005,43,1,-4.970000000000027,-0.02904564315352709,0.0,-0.02904564315352709,7.0,-0.04541877459246779,-8.080000000000013,0.016373131438940702,8768
22,-1.6999999999999988,2.2000000000000046,43,1,-4.970000000000027,-0.02904564315352709,0.0,-0.02904564315352709,7.0,-0.04541877459246779,-8.080000000000013,0.016373131438940702,8769
22,-1.6999999999999988,2.3000000000000043,43,1,-4.970000000000027,-0.02904564315352709,0.0,-0.02904564315352709,7.0,-0.04541877459246779,-8.080000000000013,0.016373131438940702,8770
22,-1.6999999999999988,2.400000000000005,43,1,-4.970000000000027,-0.02904564315352709,0.0,-0.02904564315352709,7.0,-0.04541877459246779,-8.080000000000013,0.016373131438940702,8771
22,-1.6999999999999988,2.5000000000000053,43,1,-4.970000000000027,-0.02904564315352709,0.0,-0.02904564315352709,7.0,-0.04541877459246779,-8.080000000000013,0.016373131438940702,8772
22,-1.6999999999999988,2.600000000000005,43,1,-4.970000000000027,-0.02904564315352709,0.0,-0.02904564315352709,7.0,-0.04541877459246779,-8.080000000000013,0.016373131438940702,8773
22,-1.6999999999999988,2.7000000000000046,43,1,-4.970000000000027,-0.02904564315352709,0.0,-0.02904564315352709,7.0,-0.04541877459246779,-8.080000000000013,0.016373131438940702,8774
22,-1.6999999999999988,2.800000000000005,43,1,-4.970000000000027,-0.02904564315352709,0.0,-0.02904564315352709,7.0,-0.04541877459246779,-8.080000000000013,0.016373131438940702,8775
22,-1.6999999999999988,2.9000000000000057,43,1,-4.970000000000027,-0.02904564315352709,0.0,-0.02904564315352709,7.0,-0.04541877459246779,-8.080000000000013,0.016373131438940702,8776
10,-0.9999999999999982,1.900000000000004,55,1,-4.970000000000027,-0.02904564315352709,0.0,-0.02904564315352709,7.0,-0.007654999123473449,-1.3100000000000023,-0.02139064403005364,8777
10,-0.9999999999999982,2.0000000000000044,55,1,-4.970000000000027,-0.02904564315352709,0.0,-0.02904564315352709,7.0,-0.007654999123473449,-1.3100000000000023,-0.02139064403005364,8778
10,-0.9999999999999982,2.100000000000005,55,1,-4.970000000000027,-0.02904564315352709,0.0,-0.02904564315352709,7.0,-0.007654999123473449,-1.3100000000000023,-0.02139064403005364,8779
10,-0.9999999999999982,2.2000000000000046,55,1,-4.970000000000027,-0.02904564315352709,0.0,-0.02904564315352709,7.0,-0.007654999123473449,-1.3100000000000023,-0.02139064403005364,8780
10,-0.9999999999999982,2.3000000000000043,55,1,-4.970000000000027,-0.02904564315352709,0.0,-0.02904564315352709,7.0,-0.007654999123473449,-1.3100000000000023,-0.02139064403005364,8781
5,-0.4999999999999978,-1.799999999999999,60,20,-5.110000000000042,-0.02905641125883851,0.65,-0.0013940737868585907,2.45,-0.0014112666117841455,-0.2400000000000091,-0.027645144647054365,8782
10,-2.3999999999999995,-0.2999999999999976,55,15,-5.009999999999991,-0.029111061411169814,0.4,-0.0019084683651073705,1.3333333333333333,-0.007654999123473449,-1.3100000000000023,-0.021456062287696365,8783
10,-2.2999999999999994,-0.2999999999999976,55,15,-5.009999999999991,-0.029111061411169814,0.4,-0.0019084683651073705,1.3333333333333333,-0.007654999123473449,-1.3100000000000023,-0.021456062287696365,8784
10,-2.1999999999999993,-0.2999999999999976,55,15,-5.009999999999991,-0.029111061411169814,0.4,-0.0019084683651073705,1.3333333333333333,-0.007654999123473449,-1.3100000000000023,-0.021456062287696365,8785
10,-2.099999999999999,-0.2999999999999976,55,15,-5.009999999999991,-0.029111061411169814,0.4,-0.0019084683651073705,1.3333333333333333,-0.007654999123473449,-1.3100000000000023,-0.021456062287696365,8786
10,-1.9999999999999991,-0.2999999999999976,55,15,-5.009999999999991,-0.029111061411169814,0.4,-0.0019084683651073705,1.3333333333333333,-0.007654999123473449,-1.3100000000000023,-0.021456062287696365,8787
22,-1.1999999999999984,2.6645352591003757e-15,43,7,-5.130000000000024,-0.029154714232372037,0.7142857142857143,-0.004082201694815023,3.0,-0.04541877459246779,-8.080000000000013,0.016264060360095756,8788
5,-1.3999999999999986,1.0000000000000036,60,6,-4.970000000000027,-0.02920480300332584,0.5,-0.004808870217735757,2.1666666666666665,-0.0014112666117841455,-0.2400000000000091,-0.027793536391541696,8789
5,-1.3999999999999986,1.1000000000000032,60,6,-4.970000000000027,-0.02920480300332584,0.5,-0.004808870217735757,2.1666666666666665,-0.0014112666117841455,-0.2400000000000091,-0.027793536391541696,8790
22,-1.4999999999999987,-0.3999999999999977,43,11,-5.000000000000028,-0.029238153115298426,0.45454545454545453,-0.002591437061547529,2.6363636363636362,-0.04541877459246779,-8.080000000000013,0.016180621477169366,8791
22,-1.3999999999999986,-0.3999999999999977,43,11,-5.000000000000028,-0.029238153115298426,0.45454545454545453,-0.002591437061547529,2.6363636363636362,-0.04541877459246779,-8.080000000000013,0.016180621477169366,8792
5,-0.3999999999999977,1.400000000000004,60,4,-5.100000000000051,-0.029372740658061613,0.75,-0.007046370089621862,4.0,-0.0014112666117841455,-0.2400000000000091,-0.027961474046277468,8793
10,-0.8999999999999981,-0.699999999999998,55,10,-5.090000000000003,-0.029375666342370654,0.6,-0.0028117556998432545,3.1,-0.007654999123473449,-1.3100000000000023,-0.021720667218897205,8794
10,-0.8999999999999981,-0.5999999999999979,55,10,-5.090000000000003,-0.029375666342370654,0.6,-0.0028117556998432545,3.1,-0.007654999123473449,-1.3100000000000023,-0.021720667218897205,8795
10,-0.8999999999999981,-0.4999999999999978,55,10,-5.090000000000003,-0.029375666342370654,0.6,-0.0028117556998432545,3.1,-0.007654999123473449,-1.3100000000000023,-0.021720667218897205,8796
10,-0.8999999999999981,-0.3999999999999977,55,10,-5.090000000000003,-0.029375666342370654,0.6,-0.0028117556998432545,3.1,-0.007654999123473449,-1.3100000000000023,-0.021720667218897205,8797
10,-0.799999999999998,-0.699999999999998,55,10,-5.090000000000003,-0.029375666342370654,0.6,-0.0028117556998432545,3.1,-0.007654999123473449,-1.3100000000000023,-0.021720667218897205,8798
10,-0.799999999999998,-0.5999999999999979,55,10,-5.090000000000003,-0.029375666342370654,0.6,-0.0028117556998432545,3.1,-0.007654999123473449,-1.3100000000000023,-0.021720667218897205,8799
10,-0.799999999999998,-0.4999999999999978,55,10,-5.090000000000003,-0.029375666342370654,0.6,-0.0028117556998432545,3.1,-0.007654999123473449,-1.3100000000000023,-0.021720667218897205,8800
10,-0.799999999999998,-0.3999999999999977,55,10,-5.090000000000003,-0.029375666342370654,0.6,-0.0028117556998432545,3.1,-0.007654999123473449,-1.3100000000000023,-0.021720667218897205,8801
10,-2.3999999999999995,1.600000000000004,55,3,-4.950000000000017,-0.029403733242455155,0.3333333333333333,-0.009703814524433954,1.3333333333333333,-0.007654999123473449,-1.3100000000000023,-0.021748734118981705,8802
10,-2.3999999999999995,1.7000000000000046,55,3,-4.950000000000017,-0.029403733242455155,0.3333333333333333,-0.009703814524433954,1.3333333333333333,-0.007654999123473449,-1.3100000000000023,-0.021748734118981705,8803
10,-2.2999999999999994,1.600000000000004,55,3,-4.950000000000017,-0.029403733242455155,0.3333333333333333,-0.009703814524433954,1.3333333333333333,-0.007654999123473449,-1.3100000000000023,-0.021748734118981705,8804
10,-2.2999999999999994,1.7000000000000046,55,3,-4.950000000000017,-0.029403733242455155,0.3333333333333333,-0.009703814524433954,1.3333333333333333,-0.007654999123473449,-1.3100000000000023,-0.021748734118981705,8805
10,-2.1999999999999993,1.600000000000004,55,3,-4.950000000000017,-0.029403733242455155,0.3333333333333333,-0.009703814524433954,1.3333333333333333,-0.007654999123473449,-1.3100000000000023,-0.021748734118981705,8806
10,-2.1999999999999993,1.7000000000000046,55,3,-4.950000000000017,-0.029403733242455155,0.3333333333333333,-0.009703814524433954,1.3333333333333333,-0.007654999123473449,-1.3100000000000023,-0.021748734118981705,8807
10,-2.099999999999999,1.600000000000004,55,3,-4.950000000000017,-0.029403733242455155,0.3333333333333333,-0.009703814524433954,1.3333333333333333,-0.007654999123473449,-1.3100000000000023,-0.021748734118981705,8808
10,-2.099999999999999,1.7000000000000046,55,3,-4.950000000000017,-0.029403733242455155,0.3333333333333333,-0.009703814524433954,1.3333333333333333,-0.007654999123473449,-1.3100000000000023,-0.021748734118981705,8809
10,-1.9999999999999991,1.600000000000004,55,3,-4.950000000000017,-0.029403733242455155,0.3333333333333333,-0.009703814524433954,1.3333333333333333,-0.007654999123473449,-1.3100000000000023,-0.021748734118981705,8810
10,-1.9999999999999991,1.7000000000000046,55,3,-4.950000000000017,-0.029403733242455155,0.3333333333333333,-0.009703814524433954,1.3333333333333333,-0.007654999123473449,-1.3100000000000023,-0.021748734118981705,8811
10,-1.0999999999999983,-1.5999999999999988,55,21,-5.170000000000016,-0.029415511888485013,0.5714285714285714,-0.0013357990341165086,1.9047619047619047,-0.007654999123473449,-1.3100000000000023,-0.021760512765011564,8812
22,-1.9999999999999991,-0.2999999999999976,43,11,-5.180000000000035,-0.02949456729477451,0.5454545454545454,-0.0026203080962254673,2.090909090909091,-0.04541877459246779,-8.080000000000013,0.015924207297693282,8813
10,-0.2999999999999976,-1.0999999999999983,55,8,-5.030000000000001,-0.029531107387243738,0.625,-0.0035417491014251845,4.75,-0.007654999123473449,-1.3100000000000023,-0.02187610826377029,8814
10,-0.1999999999999975,-1.0999999999999983,55,8,-5.030000000000001,-0.029531107387243738,0.625,-0.0035417491014251845,4.75,-0.007654999123473449,-1.3100000000000023,-0.02187610826377029,8815
5,-0.1999999999999975,1.0000000000000036,60,4,-5.100000000000051,-0.02959002611065431,0.75,-0.00708493703839555,6.25,-0.0014112666117841455,-0.2400000000000091,-0.028178759498870165,8816
5,-0.1999999999999975,1.1000000000000032,60,4,-5.100000000000051,-0.02959002611065431,0.75,-0.00708493703839555,6.25,-0.0014112666117841455,-0.2400000000000091,-0.028178759498870165,8817
5,-0.09999999999999742,1.0000000000000036,60,4,-5.100000000000051,-0.02959002611065431,0.75,-0.00708493703839555,6.25,-0.0014112666117841455,-0.2400000000000091,-0.028178759498870165,8818
5,-0.09999999999999742,1.1000000000000032,60,4,-5.100000000000051,-0.02959002611065431,0.75,-0.00708493703839555,6.25,-0.0014112666117841455,-0.2400000000000091,-0.028178759498870165,8819
5,2.6645352591003757e-15,1.0000000000000036,60,4,-5.100000000000051,-0.02959002611065431,0.75,-0.00708493703839555,6.25,-0.0014112666117841455,-0.2400000000000091,-0.028178759498870165,8820
5,2.6645352591003757e-15,1.1000000000000032,60,4,-5.100000000000051,-0.02959002611065431,0.75,-0.00708493703839555,6.25,-0.0014112666117841455,-0.2400000000000091,-0.028178759498870165,8821
5,0.10000000000000275,1.0000000000000036,60,4,-5.100000000000051,-0.02959002611065431,0.75,-0.00708493703839555,6.25,-0.0014112666117841455,-0.2400000000000091,-0.028178759498870165,8822
5,0.10000000000000275,1.1000000000000032,60,4,-5.100000000000051,-0.02959002611065431,0.75,-0.00708493703839555,6.25,-0.0014112666117841455,-0.2400000000000091,-0.028178759498870165,8823
5,-1.3999999999999986,-1.6999999999999988,60,26,-5.149999999999949,-0.02961587531434573,0.5384615384615384,-0.0011158913245081865,1.6538461538461537,-0.0014112666117841455,-0.2400000000000091,-0.028204608702561584,8824
22,-1.5999999999999988,1.600000000000004,43,1,-5.070000000000022,-0.029630062532873702,0.0,-0.029630062532873702,8.0,-0.04541877459246779,-8.080000000000013,0.01578871205959409,8825
22,-1.5999999999999988,1.7000000000000046,43,1,-5.070000000000022,-0.029630062532873702,0.0,-0.029630062532873702,8.0,-0.04541877459246779,-8.080000000000013,0.01578871205959409,8826
22,-1.5999999999999988,1.8000000000000043,43,1,-5.070000000000022,-0.029630062532873702,0.0,-0.029630062532873702,8.0,-0.04541877459246779,-8.080000000000013,0.01578871205959409,8827
22,-1.5999999999999988,1.900000000000004,43,1,-5.070000000000022,-0.029630062532873702,0.0,-0.029630062532873702,8.0,-0.04541877459246779,-8.080000000000013,0.01578871205959409,8828
22,-1.5999999999999988,2.0000000000000044,43,1,-5.070000000000022,-0.029630062532873702,0.0,-0.029630062532873702,8.0,-0.04541877459246779,-8.080000000000013,0.01578871205959409,8829
22,-1.5999999999999988,2.100000000000005,43,1,-5.070000000000022,-0.029630062532873702,0.0,-0.029630062532873702,8.0,-0.04541877459246779,-8.080000000000013,0.01578871205959409,8830
22,-1.5999999999999988,2.2000000000000046,43,1,-5.070000000000022,-0.029630062532873702,0.0,-0.029630062532873702,8.0,-0.04541877459246779,-8.080000000000013,0.01578871205959409,8831
22,-1.5999999999999988,2.3000000000000043,43,1,-5.070000000000022,-0.029630062532873702,0.0,-0.029630062532873702,8.0,-0.04541877459246779,-8.080000000000013,0.01578871205959409,8832
22,-1.5999999999999988,2.400000000000005,43,1,-5.070000000000022,-0.029630062532873702,0.0,-0.029630062532873702,8.0,-0.04541877459246779,-8.080000000000013,0.01578871205959409,8833
22,-1.5999999999999988,2.5000000000000053,43,1,-5.070000000000022,-0.029630062532873702,0.0,-0.029630062532873702,8.0,-0.04541877459246779,-8.080000000000013,0.01578871205959409,8834
22,-1.5999999999999988,2.600000000000005,43,1,-5.070000000000022,-0.029630062532873702,0.0,-0.029630062532873702,8.0,-0.04541877459246779,-8.080000000000013,0.01578871205959409,8835
22,-1.5999999999999988,2.7000000000000046,43,1,-5.070000000000022,-0.029630062532873702,0.0,-0.029630062532873702,8.0,-0.04541877459246779,-8.080000000000013,0.01578871205959409,8836
22,-1.5999999999999988,2.800000000000005,43,1,-5.070000000000022,-0.029630062532873702,0.0,-0.029630062532873702,8.0,-0.04541877459246779,-8.080000000000013,0.01578871205959409,8837
22,-1.5999999999999988,2.9000000000000057,43,1,-5.070000000000022,-0.029630062532873702,0.0,-0.029630062532873702,8.0,-0.04541877459246779,-8.080000000000013,0.01578871205959409,8838
10,-0.8999999999999981,1.900000000000004,55,1,-5.070000000000022,-0.029630062532873702,0.0,-0.029630062532873702,8.0,-0.007654999123473449,-1.3100000000000023,-0.021975063409400253,8839
10,-0.8999999999999981,2.0000000000000044,55,1,-5.070000000000022,-0.029630062532873702,0.0,-0.029630062532873702,8.0,-0.007654999123473449,-1.3100000000000023,-0.021975063409400253,8840
10,-0.8999999999999981,2.100000000000005,55,1,-5.070000000000022,-0.029630062532873702,0.0,-0.029630062532873702,8.0,-0.007654999123473449,-1.3100000000000023,-0.021975063409400253,8841
10,-0.8999999999999981,2.2000000000000046,55,1,-5.070000000000022,-0.029630062532873702,0.0,-0.029630062532873702,8.0,-0.007654999123473449,-1.3100000000000023,-0.021975063409400253,8842
10,-0.8999999999999981,2.3000000000000043,55,1,-5.070000000000022,-0.029630062532873702,0.0,-0.029630062532873702,8.0,-0.007654999123473449,-1.3100000000000023,-0.021975063409400253,8843
10,-0.799999999999998,1.900000000000004,55,1,-5.070000000000022,-0.029630062532873702,0.0,-0.029630062532873702,8.0,-0.007654999123473449,-1.3100000000000023,-0.021975063409400253,8844
10,-0.799999999999998,2.0000000000000044,55,1,-5.070000000000022,-0.029630062532873702,0.0,-0.029630062532873702,8.0,-0.007654999123473449,-1.3100000000000023,-0.021975063409400253,8845
10,-0.799999999999998,2.100000000000005,55,1,-5.070000000000022,-0.029630062532873702,0.0,-0.029630062532873702,8.0,-0.007654999123473449,-1.3100000000000023,-0.021975063409400253,8846
10,-0.799999999999998,2.2000000000000046,55,1,-5.070000000000022,-0.029630062532873702,0.0,-0.029630062532873702,8.0,-0.007654999123473449,-1.3100000000000023,-0.021975063409400253,8847
10,-0.799999999999998,2.3000000000000043,55,1,-5.070000000000022,-0.029630062532873702,0.0,-0.029630062532873702,8.0,-0.007654999123473449,-1.3100000000000023,-0.021975063409400253,8848
22,0.30000000000000293,-3.0,43,10,-5.099999999999994,-0.029671599481741362,0.6,-0.0029291742897213703,4.8,-0.04541877459246779,-8.080000000000013,0.01574717511072643,8849
22,0.30000000000000293,-2.9,43,10,-5.099999999999994,-0.029671599481741362,0.6,-0.0029291742897213703,4.8,-0.04541877459246779,-8.080000000000013,0.01574717511072643,8850
22,0.30000000000000293,-2.8,43,10,-5.099999999999994,-0.029671599481741362,0.6,-0.0029291742897213703,4.8,-0.04541877459246779,-8.080000000000013,0.01574717511072643,8851
22,0.30000000000000293,-2.6999999999999997,43,10,-5.099999999999994,-0.029671599481741362,0.6,-0.0029291742897213703,4.8,-0.04541877459246779,-8.080000000000013,0.01574717511072643,8852
22,0.30000000000000293,-2.5999999999999996,43,10,-5.099999999999994,-0.029671599481741362,0.6,-0.0029291742897213703,4.8,-0.04541877459246779,-8.080000000000013,0.01574717511072643,8853
22,0.30000000000000293,-2.4999999999999996,43,10,-5.099999999999994,-0.029671599481741362,0.6,-0.0029291742897213703,4.8,-0.04541877459246779,-8.080000000000013,0.01574717511072643,8854
22,0.30000000000000293,-2.3999999999999995,43,10,-5.099999999999994,-0.029671599481741362,0.6,-0.0029291742897213703,4.8,-0.04541877459246779,-8.080000000000013,0.01574717511072643,8855
22,0.30000000000000293,-2.2999999999999994,43,10,-5.099999999999994,-0.029671599481741362,0.6,-0.0029291742897213703,4.8,-0.04541877459246779,-8.080000000000013,0.01574717511072643,8856
22,0.30000000000000293,-2.1999999999999993,43,10,-5.099999999999994,-0.029671599481741362,0.6,-0.0029291742897213703,4.8,-0.04541877459246779,-8.080000000000013,0.01574717511072643,8857
22,0.30000000000000293,-2.099999999999999,43,10,-5.099999999999994,-0.029671599481741362,0.6,-0.0029291742897213703,4.8,-0.04541877459246779,-8.080000000000013,0.01574717511072643,8858
22,0.30000000000000293,-1.9999999999999991,43,10,-5.099999999999994,-0.029671599481741362,0.6,-0.0029291742897213703,4.8,-0.04541877459246779,-8.080000000000013,0.01574717511072643,8859
22,0.30000000000000293,-1.899999999999999,43,10,-5.099999999999994,-0.029671599481741362,0.6,-0.0029291742897213703,4.8,-0.04541877459246779,-8.080000000000013,0.01574717511072643,8860
22,0.30000000000000293,-1.799999999999999,43,10,-5.099999999999994,-0.029671599481741362,0.6,-0.0029291742897213703,4.8,-0.04541877459246779,-8.080000000000013,0.01574717511072643,8861
22,0.30000000000000293,-1.6999999999999988,43,10,-5.099999999999994,-0.029671599481741362,0.6,-0.0029291742897213703,4.8,-0.04541877459246779,-8.080000000000013,0.01574717511072643,8862
22,0.30000000000000293,-1.5999999999999988,43,10,-5.099999999999994,-0.029671599481741362,0.6,-0.0029291742897213703,4.8,-0.04541877459246779,-8.080000000000013,0.01574717511072643,8863
10,-0.4999999999999978,1.0000000000000036,55,4,-5.160000000000053,-0.02969574851835266,0.75,-0.007159948179878556,5.5,-0.007654999123473449,-1.3100000000000023,-0.02204074939487921,8864
10,-0.3999999999999977,1.0000000000000036,55,4,-5.170000000000044,-0.029753993566163595,0.75,-0.007174173740365636,6.25,-0.007654999123473449,-1.3100000000000023,-0.022098994442690145,8865
22,-3.0,0.20000000000000284,43,8,-5.1200000000000045,-0.02980272468068612,0.375,-0.0036913693294130384,1.375,-0.04541877459246779,-8.080000000000013,0.015616049911781671,8866
22,-3.0,0.30000000000000293,43,8,-5.1200000000000045,-0.02980272468068612,0.375,-0.0036913693294130384,1.375,-0.04541877459246779,-8.080000000000013,0.015616049911781671,8867
22,-3.0,0.400000000000003,43,8,-5.1200000000000045,-0.02980272468068612,0.375,-0.0036913693294130384,1.375,-0.04541877459246779,-8.080000000000013,0.015616049911781671,8868
5,0.20000000000000284,1.5000000000000036,60,3,-5.180000000000035,-0.03000792649816264,0.6666666666666666,-0.009639900633235535,6.666666666666667,-0.0014112666117841455,-0.2400000000000091,-0.028596659886378495,8869
5,0.20000000000000284,1.600000000000004,60,3,-5.180000000000035,-0.03000792649816264,0.6666666666666666,-0.009639900633235535,6.666666666666667,-0.0014112666117841455,-0.2400000000000091,-0.028596659886378495,8870
5,0.20000000000000284,1.7000000000000046,60,3,-5.180000000000035,-0.03000792649816264,0.6666666666666666,-0.009639900633235535,6.666666666666667,-0.0014112666117841455,-0.2400000000000091,-0.028596659886378495,8871
5,0.20000000000000284,1.8000000000000043,60,3,-5.180000000000035,-0.03000792649816264,0.6666666666666666,-0.009639900633235535,6.666666666666667,-0.0014112666117841455,-0.2400000000000091,-0.028596659886378495,8872
5,0.30000000000000293,1.5000000000000036,60,3,-5.180000000000035,-0.03000792649816264,0.6666666666666666,-0.009639900633235535,6.666666666666667,-0.0014112666117841455,-0.2400000000000091,-0.028596659886378495,8873
5,0.30000000000000293,1.600000000000004,60,3,-5.180000000000035,-0.03000792649816264,0.6666666666666666,-0.009639900633235535,6.666666666666667,-0.0014112666117841455,-0.2400000000000091,-0.028596659886378495,8874
5,0.30000000000000293,1.7000000000000046,60,3,-5.180000000000035,-0.03000792649816264,0.6666666666666666,-0.009639900633235535,6.666666666666667,-0.0014112666117841455,-0.2400000000000091,-0.028596659886378495,8875
5,0.30000000000000293,1.8000000000000043,60,3,-5.180000000000035,-0.03000792649816264,0.6666666666666666,-0.009639900633235535,6.666666666666667,-0.0014112666117841455,-0.2400000000000091,-0.028596659886378495,8876
22,-0.8999999999999981,-0.9999999999999982,43,12,-5.250000000000028,-0.03001134053894594,0.5833333333333334,-0.0024442149698882163,2.5833333333333335,-0.04541877459246779,-8.080000000000013,0.015407434053521851,8877
22,-0.8999999999999981,-0.8999999999999981,43,12,-5.250000000000028,-0.03001134053894594,0.5833333333333334,-0.0024442149698882163,2.5833333333333335,-0.04541877459246779,-8.080000000000013,0.015407434053521851,8878
22,-0.799999999999998,-0.9999999999999982,43,12,-5.250000000000028,-0.03001134053894594,0.5833333333333334,-0.0024442149698882163,2.5833333333333335,-0.04541877459246779,-8.080000000000013,0.015407434053521851,8879
22,-0.799999999999998,-0.8999999999999981,43,12,-5.250000000000028,-0.03001134053894594,0.5833333333333334,-0.0024442149698882163,2.5833333333333335,-0.04541877459246779,-8.080000000000013,0.015407434053521851,8880
22,-0.699999999999998,-0.9999999999999982,43,12,-5.250000000000028,-0.03001134053894594,0.5833333333333334,-0.0024442149698882163,2.5833333333333335,-0.04541877459246779,-8.080000000000013,0.015407434053521851,8881
22,-0.699999999999998,-0.8999999999999981,43,12,-5.250000000000028,-0.03001134053894594,0.5833333333333334,-0.0024442149698882163,2.5833333333333335,-0.04541877459246779,-8.080000000000013,0.015407434053521851,8882
5,-0.2999999999999976,1.400000000000004,60,4,-5.210000000000065,-0.030014960198077367,0.75,-0.007202851254979797,4.25,-0.0014112666117841455,-0.2400000000000091,-0.028603693586293222,8883
10,-0.5999999999999979,0.400000000000003,55,5,-5.170000000000016,-0.030021947560010642,0.8,-0.005798775597801886,4.8,-0.007654999123473449,-1.3100000000000023,-0.022366948436537193,8884
10,-0.5999999999999979,0.5000000000000031,55,5,-5.170000000000016,-0.030021947560010642,0.8,-0.005798775597801886,4.8,-0.007654999123473449,-1.3100000000000023,-0.022366948436537193,8885
5,-1.1999999999999984,2.6645352591003757e-15,60,10,-5.170000000000044,-0.030058251941584957,0.6,-0.0029114542439778847,2.5,-0.0014112666117841455,-0.2400000000000091,-0.02864698532980081,8886
22,-1.5999999999999988,-0.2999999999999976,43,10,-5.290000000000049,-0.03013670622769249,0.6,-0.002942803689012696,2.4,-0.04541877459246779,-8.080000000000013,0.015282068364775303,8887
10,-0.8999999999999981,0.5000000000000031,55,6,-5.190000000000026,-0.030184533955016746,0.8333333333333334,-0.004829635694006888,3.6666666666666665,-0.007654999123473449,-1.3100000000000023,-0.022529534831543296,8888
10,-0.799999999999998,0.5000000000000031,55,6,-5.190000000000026,-0.030184533955016746,0.8333333333333334,-0.004829635694006888,3.6666666666666665,-0.007654999123473449,-1.3100000000000023,-0.022529534831543296,8889
10,-0.8999999999999981,0.400000000000003,55,7,-5.200000000000017,-0.030242749662204638,0.7142857142857143,-0.004148263110963295,3.5714285714285716,-0.007654999123473449,-1.3100000000000023,-0.02258775053873119,8890
10,-0.799999999999998,0.400000000000003,55,7,-5.200000000000017,-0.030242749662204638,0.7142857142857143,-0.004148263110963295,3.5714285714285716,-0.007654999123473449,-1.3100000000000023,-0.02258775053873119,8891
5,-1.5999999999999988,0.5000000000000031,60,9,-5.160000000000025,-0.030334596707985106,0.5555555555555556,-0.0033330549714502,1.6666666666666667,-0.0014112666117841455,-0.2400000000000091,-0.02892333009620096,8892
5,-1.4999999999999987,0.5000000000000031,60,9,-5.160000000000025,-0.030334596707985106,0.5555555555555556,-0.0033330549714502,1.6666666666666667,-0.0014112666117841455,-0.2400000000000091,-0.02892333009620096,8893
5,-1.3999999999999986,0.5000000000000031,60,9,-5.160000000000025,-0.030334596707985106,0.5555555555555556,-0.0033330549714502,1.6666666666666667,-0.0014112666117841455,-0.2400000000000091,-0.02892333009620096,8894
22,-0.3999999999999977,0.9000000000000035,43,1,-5.2900000000000205,-0.030393565067509454,0.0,-0.030393565067509454,22.0,-0.04541877459246779,-8.080000000000013,0.015025209524958338,8895
22,-0.3999999999999977,1.0000000000000036,43,1,-5.2900000000000205,-0.030393565067509454,0.0,-0.030393565067509454,22.0,-0.04541877459246779,-8.080000000000013,0.015025209524958338,8896
22,-0.3999999999999977,1.1000000000000032,43,1,-5.2900000000000205,-0.030393565067509454,0.0,-0.030393565067509454,22.0,-0.04541877459246779,-8.080000000000013,0.015025209524958338,8897
22,-0.3999999999999977,1.2000000000000037,43,1,-5.2900000000000205,-0.030393565067509454,0.0,-0.030393565067509454,22.0,-0.04541877459246779,-8.080000000000013,0.015025209524958338,8898
22,-0.3999999999999977,1.3000000000000043,43,1,-5.2900000000000205,-0.030393565067509454,0.0,-0.030393565067509454,22.0,-0.04541877459246779,-8.080000000000013,0.015025209524958338,8899
22,-0.3999999999999977,1.400000000000004,43,1,-5.2900000000000205,-0.030393565067509454,0.0,-0.030393565067509454,22.0,-0.04541877459246779,-8.080000000000013,0.015025209524958338,8900
22,-0.3999999999999977,1.5000000000000036,43,1,-5.2900000000000205,-0.030393565067509454,0.0,-0.030393565067509454,22.0,-0.04541877459246779,-8.080000000000013,0.015025209524958338,8901
22,-0.2999999999999976,0.9000000000000035,43,1,-5.2900000000000205,-0.030393565067509454,0.0,-0.030393565067509454,22.0,-0.04541877459246779,-8.080000000000013,0.015025209524958338,8902
22,-0.2999999999999976,1.0000000000000036,43,1,-5.2900000000000205,-0.030393565067509454,0.0,-0.030393565067509454,22.0,-0.04541877459246779,-8.080000000000013,0.015025209524958338,8903
22,-0.2999999999999976,1.1000000000000032,43,1,-5.2900000000000205,-0.030393565067509454,0.0,-0.030393565067509454,22.0,-0.04541877459246779,-8.080000000000013,0.015025209524958338,8904
22,-0.2999999999999976,1.2000000000000037,43,1,-5.2900000000000205,-0.030393565067509454,0.0,-0.030393565067509454,22.0,-0.04541877459246779,-8.080000000000013,0.015025209524958338,8905
22,-0.2999999999999976,1.3000000000000043,43,1,-5.2900000000000205,-0.030393565067509454,0.0,-0.030393565067509454,22.0,-0.04541877459246779,-8.080000000000013,0.015025209524958338,8906
22,-0.2999999999999976,1.400000000000004,43,1,-5.2900000000000205,-0.030393565067509454,0.0,-0.030393565067509454,22.0,-0.04541877459246779,-8.080000000000013,0.015025209524958338,8907
22,-0.2999999999999976,1.5000000000000036,43,1,-5.2900000000000205,-0.030393565067509454,0.0,-0.030393565067509454,22.0,-0.04541877459246779,-8.080000000000013,0.015025209524958338,8908
5,-1.5999999999999988,1.5000000000000036,60,4,-5.180000000000035,-0.030409165620644996,0.5,-0.007524187078004452,2.0,-0.0014112666117841455,-0.2400000000000091,-0.02899789900886085,8909
5,-1.5999999999999988,1.600000000000004,60,4,-5.180000000000035,-0.030409165620644996,0.5,-0.007524187078004452,2.0,-0.0014112666117841455,-0.2400000000000091,-0.02899789900886085,8910
5,-1.4999999999999987,1.5000000000000036,60,4,-5.180000000000035,-0.030409165620644996,0.5,-0.007524187078004452,2.0,-0.0014112666117841455,-0.2400000000000091,-0.02899789900886085,8911
5,-1.4999999999999987,1.600000000000004,60,4,-5.180000000000035,-0.030409165620644996,0.5,-0.007524187078004452,2.0,-0.0014112666117841455,-0.2400000000000091,-0.02899789900886085,8912
5,-1.3999999999999986,1.5000000000000036,60,4,-5.180000000000035,-0.030409165620644996,0.5,-0.007524187078004452,2.0,-0.0014112666117841455,-0.2400000000000091,-0.02899789900886085,8913
5,-1.3999999999999986,1.600000000000004,60,4,-5.180000000000035,-0.030409165620644996,0.5,-0.007524187078004452,2.0,-0.0014112666117841455,-0.2400000000000091,-0.02899789900886085,8914
22,-1.9999999999999991,-0.1999999999999975,43,10,-5.350000000000023,-0.030458827437921165,0.6,-0.0029831573233401244,2.0,-0.04541877459246779,-8.080000000000013,0.014959947154546627,8915
22,-1.9999999999999991,-0.09999999999999742,43,10,-5.350000000000023,-0.030458827437921165,0.6,-0.0029831573233401244,2.0,-0.04541877459246779,-8.080000000000013,0.014959947154546627,8916
22,0.400000000000003,-0.9999999999999982,43,6,-5.380000000000024,-0.03050715926021752,0.5,-0.005030907131972333,7.666666666666667,-0.04541877459246779,-8.080000000000013,0.014911615332250272,8917
22,0.400000000000003,-0.8999999999999981,43,6,-5.380000000000024,-0.03050715926021752,0.5,-0.005030907131972333,7.666666666666667,-0.04541877459246779,-8.080000000000013,0.014911615332250272,8918
10,-0.5999999999999979,-0.8999999999999981,55,9,-5.25,-0.030596714384731882,0.5555555555555556,-0.0032798416728566033,3.5555555555555554,-0.007654999123473449,-1.3100000000000023,-0.022941715261258433,8919
10,-0.5999999999999979,-0.799999999999998,55,9,-5.25,-0.030596714384731882,0.5555555555555556,-0.0032798416728566033,3.5555555555555554,-0.007654999123473449,-1.3100000000000023,-0.022941715261258433,8920
22,0.10000000000000275,-0.1999999999999975,43,2,-5.390000000000015,-0.030629777067735953,0.5,-0.015190235537382912,17.0,-0.04541877459246779,-8.080000000000013,0.01478899752473184,8921
22,0.10000000000000275,-0.09999999999999742,43,2,-5.390000000000015,-0.030629777067735953,0.5,-0.015190235537382912,17.0,-0.04541877459246779,-8.080000000000013,0.01478899752473184,8922
22,0.10000000000000275,2.6645352591003757e-15,43,2,-5.390000000000015,-0.030629777067735953,0.5,-0.015190235537382912,17.0,-0.04541877459246779,-8.080000000000013,0.01478899752473184,8923
22,0.20000000000000284,-0.1999999999999975,43,2,-5.390000000000015,-0.030629777067735953,0.5,-0.015190235537382912,17.0,-0.04541877459246779,-8.080000000000013,0.01478899752473184,8924
22,0.20000000000000284,-0.09999999999999742,43,2,-5.390000000000015,-0.030629777067735953,0.5,-0.015190235537382912,17.0,-0.04541877459246779,-8.080000000000013,0.01478899752473184,8925
22,0.20000000000000284,2.6645352591003757e-15,43,2,-5.390000000000015,-0.030629777067735953,0.5,-0.015190235537382912,17.0,-0.04541877459246779,-8.080000000000013,0.01478899752473184,8926
22,0.30000000000000293,-0.1999999999999975,43,2,-5.390000000000015,-0.030629777067735953,0.5,-0.015190235537382912,17.0,-0.04541877459246779,-8.080000000000013,0.01478899752473184,8927
22,0.30000000000000293,-0.09999999999999742,43,2,-5.390000000000015,-0.030629777067735953,0.5,-0.015190235537382912,17.0,-0.04541877459246779,-8.080000000000013,0.01478899752473184,8928
22,0.30000000000000293,2.6645352591003757e-15,43,2,-5.390000000000015,-0.030629777067735953,0.5,-0.015190235537382912,17.0,-0.04541877459246779,-8.080000000000013,0.01478899752473184,8929
5,-1.1999999999999984,-1.1999999999999984,60,18,-5.2900000000000205,-0.030705845975107726,0.6111111111111112,-0.0016518833993833248,2.0555555555555554,-0.0014112666117841455,-0.2400000000000091,-0.02929457936332358,8930
10,1.600000000000004,-0.1999999999999975,55,2,-5.3700000000000045,-0.03071458626105361,0.5,-0.015142954380458429,21.0,-0.007654999123473449,-1.3100000000000023,-0.023059587137580162,8931
10,1.600000000000004,-0.09999999999999742,55,2,-5.3700000000000045,-0.03071458626105361,0.5,-0.015142954380458429,21.0,-0.007654999123473449,-1.3100000000000023,-0.023059587137580162,8932
10,1.600000000000004,2.6645352591003757e-15,55,2,-5.3700000000000045,-0.03071458626105361,0.5,-0.015142954380458429,21.0,-0.007654999123473449,-1.3100000000000023,-0.023059587137580162,8933
10,1.600000000000004,0.10000000000000275,55,2,-5.3700000000000045,-0.03071458626105361,0.5,-0.015142954380458429,21.0,-0.007654999123473449,-1.3100000000000023,-0.023059587137580162,8934
10,1.7000000000000046,-0.1999999999999975,55,2,-5.3700000000000045,-0.03071458626105361,0.5,-0.015142954380458429,21.0,-0.007654999123473449,-1.3100000000000023,-0.023059587137580162,8935
10,1.7000000000000046,-0.09999999999999742,55,2,-5.3700000000000045,-0.03071458626105361,0.5,-0.015142954380458429,21.0,-0.007654999123473449,-1.3100000000000023,-0.023059587137580162,8936
10,1.7000000000000046,2.6645352591003757e-15,55,2,-5.3700000000000045,-0.03071458626105361,0.5,-0.015142954380458429,21.0,-0.007654999123473449,-1.3100000000000023,-0.023059587137580162,8937
10,1.7000000000000046,0.10000000000000275,55,2,-5.3700000000000045,-0.03071458626105361,0.5,-0.015142954380458429,21.0,-0.007654999123473449,-1.3100000000000023,-0.023059587137580162,8938
10,1.8000000000000043,-0.1999999999999975,55,2,-5.3700000000000045,-0.03071458626105361,0.5,-0.015142954380458429,21.0,-0.007654999123473449,-1.3100000000000023,-0.023059587137580162,8939
10,1.8000000000000043,-0.09999999999999742,55,2,-5.3700000000000045,-0.03071458626105361,0.5,-0.015142954380458429,21.0,-0.007654999123473449,-1.3100000000000023,-0.023059587137580162,8940
10,1.8000000000000043,2.6645352591003757e-15,55,2,-5.3700000000000045,-0.03071458626105361,0.5,-0.015142954380458429,21.0,-0.007654999123473449,-1.3100000000000023,-0.023059587137580162,8941
10,1.8000000000000043,0.10000000000000275,55,2,-5.3700000000000045,-0.03071458626105361,0.5,-0.015142954380458429,21.0,-0.007654999123473449,-1.3100000000000023,-0.023059587137580162,8942
10,1.900000000000004,-0.1999999999999975,55,2,-5.3700000000000045,-0.03071458626105361,0.5,-0.015142954380458429,21.0,-0.007654999123473449,-1.3100000000000023,-0.023059587137580162,8943
10,1.900000000000004,-0.09999999999999742,55,2,-5.3700000000000045,-0.03071458626105361,0.5,-0.015142954380458429,21.0,-0.007654999123473449,-1.3100000000000023,-0.023059587137580162,8944
10,1.900000000000004,2.6645352591003757e-15,55,2,-5.3700000000000045,-0.03071458626105361,0.5,-0.015142954380458429,21.0,-0.007654999123473449,-1.3100000000000023,-0.023059587137580162,8945
10,1.900000000000004,0.10000000000000275,55,2,-5.3700000000000045,-0.03071458626105361,0.5,-0.015142954380458429,21.0,-0.007654999123473449,-1.3100000000000023,-0.023059587137580162,8946
10,2.0000000000000044,-0.1999999999999975,55,2,-5.3700000000000045,-0.03071458626105361,0.5,-0.015142954380458429,21.0,-0.007654999123473449,-1.3100000000000023,-0.023059587137580162,8947
10,2.0000000000000044,-0.09999999999999742,55,2,-5.3700000000000045,-0.03071458626105361,0.5,-0.015142954380458429,21.0,-0.007654999123473449,-1.3100000000000023,-0.023059587137580162,8948
10,2.0000000000000044,2.6645352591003757e-15,55,2,-5.3700000000000045,-0.03071458626105361,0.5,-0.015142954380458429,21.0,-0.007654999123473449,-1.3100000000000023,-0.023059587137580162,8949
10,2.0000000000000044,0.10000000000000275,55,2,-5.3700000000000045,-0.03071458626105361,0.5,-0.015142954380458429,21.0,-0.007654999123473449,-1.3100000000000023,-0.023059587137580162,8950
5,-1.3999999999999986,0.6000000000000032,60,7,-5.230000000000047,-0.0307382676078638,0.42857142857142855,-0.004345804384241624,2.0,-0.0014112666117841455,-0.2400000000000091,-0.029327000996079655,8951
5,-1.3999999999999986,0.7000000000000033,60,7,-5.230000000000047,-0.0307382676078638,0.42857142857142855,-0.004345804384241624,2.0,-0.0014112666117841455,-0.2400000000000091,-0.029327000996079655,8952
5,-1.3999999999999986,0.8000000000000034,60,7,-5.230000000000047,-0.0307382676078638,0.42857142857142855,-0.004345804384241624,2.0,-0.0014112666117841455,-0.2400000000000091,-0.029327000996079655,8953
5,-1.3999999999999986,0.9000000000000035,60,7,-5.230000000000047,-0.0307382676078638,0.42857142857142855,-0.004345804384241624,2.0,-0.0014112666117841455,-0.2400000000000091,-0.029327000996079655,8954
10,-3.0,2.0000000000000044,55,1,-5.260000000000019,-0.030740459353632232,0.0,-0.030740459353632232,1.0,-0.007654999123473449,-1.3100000000000023,-0.023085460230158783,8955
10,-3.0,2.100000000000005,55,1,-5.260000000000019,-0.030740459353632232,0.0,-0.030740459353632232,1.0,-0.007654999123473449,-1.3100000000000023,-0.023085460230158783,8956
10,-3.0,2.2000000000000046,55,1,-5.260000000000019,-0.030740459353632232,0.0,-0.030740459353632232,1.0,-0.007654999123473449,-1.3100000000000023,-0.023085460230158783,8957
10,-3.0,2.3000000000000043,55,1,-5.260000000000019,-0.030740459353632232,0.0,-0.030740459353632232,1.0,-0.007654999123473449,-1.3100000000000023,-0.023085460230158783,8958
10,-2.9,2.0000000000000044,55,1,-5.260000000000019,-0.030740459353632232,0.0,-0.030740459353632232,1.0,-0.007654999123473449,-1.3100000000000023,-0.023085460230158783,8959
10,-2.9,2.100000000000005,55,1,-5.260000000000019,-0.030740459353632232,0.0,-0.030740459353632232,1.0,-0.007654999123473449,-1.3100000000000023,-0.023085460230158783,8960
10,-2.9,2.2000000000000046,55,1,-5.260000000000019,-0.030740459353632232,0.0,-0.030740459353632232,1.0,-0.007654999123473449,-1.3100000000000023,-0.023085460230158783,8961
10,-2.9,2.3000000000000043,55,1,-5.260000000000019,-0.030740459353632232,0.0,-0.030740459353632232,1.0,-0.007654999123473449,-1.3100000000000023,-0.023085460230158783,8962
10,-2.8,2.0000000000000044,55,1,-5.260000000000019,-0.030740459353632232,0.0,-0.030740459353632232,1.0,-0.007654999123473449,-1.3100000000000023,-0.023085460230158783,8963
10,-2.8,2.100000000000005,55,1,-5.260000000000019,-0.030740459353632232,0.0,-0.030740459353632232,1.0,-0.007654999123473449,-1.3100000000000023,-0.023085460230158783,8964
10,-2.8,2.2000000000000046,55,1,-5.260000000000019,-0.030740459353632232,0.0,-0.030740459353632232,1.0,-0.007654999123473449,-1.3100000000000023,-0.023085460230158783,8965
10,-2.8,2.3000000000000043,55,1,-5.260000000000019,-0.030740459353632232,0.0,-0.030740459353632232,1.0,-0.007654999123473449,-1.3100000000000023,-0.023085460230158783,8966
10,-2.6999999999999997,2.0000000000000044,55,1,-5.260000000000019,-0.030740459353632232,0.0,-0.030740459353632232,1.0,-0.007654999123473449,-1.3100000000000023,-0.023085460230158783,8967
10,-2.6999999999999997,2.100000000000005,55,1,-5.260000000000019,-0.030740459353632232,0.0,-0.030740459353632232,1.0,-0.007654999123473449,-1.3100000000000023,-0.023085460230158783,8968
10,-2.6999999999999997,2.2000000000000046,55,1,-5.260000000000019,-0.030740459353632232,0.0,-0.030740459353632232,1.0,-0.007654999123473449,-1.3100000000000023,-0.023085460230158783,8969
10,-2.6999999999999997,2.3000000000000043,55,1,-5.260000000000019,-0.030740459353632232,0.0,-0.030740459353632232,1.0,-0.007654999123473449,-1.3100000000000023,-0.023085460230158783,8970
10,-2.5999999999999996,2.0000000000000044,55,1,-5.260000000000019,-0.030740459353632232,0.0,-0.030740459353632232,1.0,-0.007654999123473449,-1.3100000000000023,-0.023085460230158783,8971
10,-2.5999999999999996,2.100000000000005,55,1,-5.260000000000019,-0.030740459353632232,0.0,-0.030740459353632232,1.0,-0.007654999123473449,-1.3100000000000023,-0.023085460230158783,8972
10,-2.5999999999999996,2.2000000000000046,55,1,-5.260000000000019,-0.030740459353632232,0.0,-0.030740459353632232,1.0,-0.007654999123473449,-1.3100000000000023,-0.023085460230158783,8973
10,-2.5999999999999996,2.3000000000000043,55,1,-5.260000000000019,-0.030740459353632232,0.0,-0.030740459353632232,1.0,-0.007654999123473449,-1.3100000000000023,-0.023085460230158783,8974
10,-2.4999999999999996,2.0000000000000044,55,1,-5.260000000000019,-0.030740459353632232,0.0,-0.030740459353632232,1.0,-0.007654999123473449,-1.3100000000000023,-0.023085460230158783,8975
10,-2.4999999999999996,2.100000000000005,55,1,-5.260000000000019,-0.030740459353632232,0.0,-0.030740459353632232,1.0,-0.007654999123473449,-1.3100000000000023,-0.023085460230158783,8976
10,-2.4999999999999996,2.2000000000000046,55,1,-5.260000000000019,-0.030740459353632232,0.0,-0.030740459353632232,1.0,-0.007654999123473449,-1.3100000000000023,-0.023085460230158783,8977
10,-2.4999999999999996,2.3000000000000043,55,1,-5.260000000000019,-0.030740459353632232,0.0,-0.030740459353632232,1.0,-0.007654999123473449,-1.3100000000000023,-0.023085460230158783,8978
10,0.400000000000003,1.0000000000000036,55,2,-5.370000000000033,-0.030750640770146775,0.5,-0.01502282673834665,17.5,-0.007654999123473449,-1.3100000000000023,-0.023095641646673326,8979
10,0.400000000000003,1.1000000000000032,55,2,-5.370000000000033,-0.030750640770146775,0.5,-0.01502282673834665,17.5,-0.007654999123473449,-1.3100000000000023,-0.023095641646673326,8980
10,0.5000000000000031,1.0000000000000036,55,2,-5.370000000000033,-0.030750640770146775,0.5,-0.01502282673834665,17.5,-0.007654999123473449,-1.3100000000000023,-0.023095641646673326,8981
10,0.5000000000000031,1.1000000000000032,55,2,-5.370000000000033,-0.030750640770146775,0.5,-0.01502282673834665,17.5,-0.007654999123473449,-1.3100000000000023,-0.023095641646673326,8982
10,0.6000000000000032,1.0000000000000036,55,2,-5.370000000000033,-0.030750640770146775,0.5,-0.01502282673834665,17.5,-0.007654999123473449,-1.3100000000000023,-0.023095641646673326,8983
10,0.6000000000000032,1.1000000000000032,55,2,-5.370000000000033,-0.030750640770146775,0.5,-0.01502282673834665,17.5,-0.007654999123473449,-1.3100000000000023,-0.023095641646673326,8984
10,0.7000000000000033,1.0000000000000036,55,2,-5.370000000000033,-0.030750640770146775,0.5,-0.01502282673834665,17.5,-0.007654999123473449,-1.3100000000000023,-0.023095641646673326,8985
10,0.7000000000000033,1.1000000000000032,55,2,-5.370000000000033,-0.030750640770146775,0.5,-0.01502282673834665,17.5,-0.007654999123473449,-1.3100000000000023,-0.023095641646673326,8986
10,0.8000000000000034,1.0000000000000036,55,2,-5.370000000000033,-0.030750640770146775,0.5,-0.01502282673834665,17.5,-0.007654999123473449,-1.3100000000000023,-0.023095641646673326,8987
10,0.8000000000000034,1.1000000000000032,55,2,-5.370000000000033,-0.030750640770146775,0.5,-0.01502282673834665,17.5,-0.007654999123473449,-1.3100000000000023,-0.023095641646673326,8988
10,0.9000000000000035,1.0000000000000036,55,2,-5.370000000000033,-0.030750640770146775,0.5,-0.01502282673834665,17.5,-0.007654999123473449,-1.3100000000000023,-0.023095641646673326,8989
10,0.9000000000000035,1.1000000000000032,55,2,-5.370000000000033,-0.030750640770146775,0.5,-0.01502282673834665,17.5,-0.007654999123473449,-1.3100000000000023,-0.023095641646673326,8990
10,1.0000000000000036,1.0000000000000036,55,2,-5.370000000000033,-0.030750640770146775,0.5,-0.01502282673834665,17.5,-0.007654999123473449,-1.3100000000000023,-0.023095641646673326,8991
10,1.0000000000000036,1.1000000000000032,55,2,-5.370000000000033,-0.030750640770146775,0.5,-0.01502282673834665,17.5,-0.007654999123473449,-1.3100000000000023,-0.023095641646673326,8992
10,1.1000000000000032,1.0000000000000036,55,2,-5.370000000000033,-0.030750640770146775,0.5,-0.01502282673834665,17.5,-0.007654999123473449,-1.3100000000000023,-0.023095641646673326,8993
10,1.1000000000000032,1.1000000000000032,55,2,-5.370000000000033,-0.030750640770146775,0.5,-0.01502282673834665,17.5,-0.007654999123473449,-1.3100000000000023,-0.023095641646673326,8994
10,1.2000000000000037,1.0000000000000036,55,2,-5.370000000000033,-0.030750640770146775,0.5,-0.01502282673834665,17.5,-0.007654999123473449,-1.3100000000000023,-0.023095641646673326,8995
10,1.2000000000000037,1.1000000000000032,55,2,-5.370000000000033,-0.030750640770146775,0.5,-0.01502282673834665,17.5,-0.007654999123473449,-1.3100000000000023,-0.023095641646673326,8996
10,1.3000000000000043,1.0000000000000036,55,2,-5.370000000000033,-0.030750640770146775,0.5,-0.01502282673834665,17.5,-0.007654999123473449,-1.3100000000000023,-0.023095641646673326,8997
10,1.3000000000000043,1.1000000000000032,55,2,-5.370000000000033,-0.030750640770146775,0.5,-0.01502282673834665,17.5,-0.007654999123473449,-1.3100000000000023,-0.023095641646673326,8998
10,1.400000000000004,1.0000000000000036,55,2,-5.370000000000033,-0.030750640770146775,0.5,-0.01502282673834665,17.5,-0.007654999123473449,-1.3100000000000023,-0.023095641646673326,8999
10,1.400000000000004,1.1000000000000032,55,2,-5.370000000000033,-0.030750640770146775,0.5,-0.01502282673834665,17.5,-0.007654999123473449,-1.3100000000000023,-0.023095641646673326,9000
10,1.5000000000000036,1.0000000000000036,55,2,-5.370000000000033,-0.030750640770146775,0.5,-0.01502282673834665,17.5,-0.007654999123473449,-1.3100000000000023,-0.023095641646673326,9001
10,1.5000000000000036,1.1000000000000032,55,2,-5.370000000000033,-0.030750640770146775,0.5,-0.01502282673834665,17.5,-0.007654999123473449,-1.3100000000000023,-0.023095641646673326,9002
5,1.400000000000004,1.2000000000000037,60,2,-5.370000000000033,-0.030750640770146775,0.5,-0.01502282673834665,17.5,-0.0014112666117841455,-0.2400000000000091,-0.02933937415836263,9003
5,1.400000000000004,1.3000000000000043,60,2,-5.370000000000033,-0.030750640770146775,0.5,-0.01502282673834665,17.5,-0.0014112666117841455,-0.2400000000000091,-0.02933937415836263,9004
22,-1.1999999999999984,0.10000000000000275,43,6,-5.410000000000025,-0.030768562961978718,0.6666666666666666,-0.005040082123177007,3.3333333333333335,-0.04541877459246779,-8.080000000000013,0.014650211630489074,9005
5,-1.5999999999999988,1.0000000000000036,60,6,-5.250000000000028,-0.030818568469717866,0.5,-0.0050857251457534685,2.0,-0.0014112666117841455,-0.2400000000000091,-0.02940730185793372,9006
5,-1.5999999999999988,1.1000000000000032,60,6,-5.250000000000028,-0.030818568469717866,0.5,-0.0050857251457534685,2.0,-0.0014112666117841455,-0.2400000000000091,-0.02940730185793372,9007
5,-1.4999999999999987,1.0000000000000036,60,6,-5.250000000000028,-0.030818568469717866,0.5,-0.0050857251457534685,2.0,-0.0014112666117841455,-0.2400000000000091,-0.02940730185793372,9008
5,-1.4999999999999987,1.1000000000000032,60,6,-5.250000000000028,-0.030818568469717866,0.5,-0.0050857251457534685,2.0,-0.0014112666117841455,-0.2400000000000091,-0.02940730185793372,9009
10,1.600000000000004,-0.699999999999998,55,2,-5.390000000000015,-0.030829016981051005,0.5,-0.015202603060847308,23.0,-0.007654999123473449,-1.3100000000000023,-0.023174017857577556,9010
10,1.600000000000004,-0.5999999999999979,55,2,-5.390000000000015,-0.030829016981051005,0.5,-0.015202603060847308,23.0,-0.007654999123473449,-1.3100000000000023,-0.023174017857577556,9011
10,1.600000000000004,-0.4999999999999978,55,2,-5.390000000000015,-0.030829016981051005,0.5,-0.015202603060847308,23.0,-0.007654999123473449,-1.3100000000000023,-0.023174017857577556,9012
10,1.600000000000004,-0.3999999999999977,55,2,-5.390000000000015,-0.030829016981051005,0.5,-0.015202603060847308,23.0,-0.007654999123473449,-1.3100000000000023,-0.023174017857577556,9013
10,1.600000000000004,-0.2999999999999976,55,2,-5.390000000000015,-0.030829016981051005,0.5,-0.015202603060847308,23.0,-0.007654999123473449,-1.3100000000000023,-0.023174017857577556,9014
10,1.7000000000000046,-0.699999999999998,55,2,-5.390000000000015,-0.030829016981051005,0.5,-0.015202603060847308,23.0,-0.007654999123473449,-1.3100000000000023,-0.023174017857577556,9015
10,1.7000000000000046,-0.5999999999999979,55,2,-5.390000000000015,-0.030829016981051005,0.5,-0.015202603060847308,23.0,-0.007654999123473449,-1.3100000000000023,-0.023174017857577556,9016
10,1.7000000000000046,-0.4999999999999978,55,2,-5.390000000000015,-0.030829016981051005,0.5,-0.015202603060847308,23.0,-0.007654999123473449,-1.3100000000000023,-0.023174017857577556,9017
10,1.7000000000000046,-0.3999999999999977,55,2,-5.390000000000015,-0.030829016981051005,0.5,-0.015202603060847308,23.0,-0.007654999123473449,-1.3100000000000023,-0.023174017857577556,9018
10,1.7000000000000046,-0.2999999999999976,55,2,-5.390000000000015,-0.030829016981051005,0.5,-0.015202603060847308,23.0,-0.007654999123473449,-1.3100000000000023,-0.023174017857577556,9019
10,1.8000000000000043,-0.699999999999998,55,2,-5.390000000000015,-0.030829016981051005,0.5,-0.015202603060847308,23.0,-0.007654999123473449,-1.3100000000000023,-0.023174017857577556,9020
10,1.8000000000000043,-0.5999999999999979,55,2,-5.390000000000015,-0.030829016981051005,0.5,-0.015202603060847308,23.0,-0.007654999123473449,-1.3100000000000023,-0.023174017857577556,9021
10,1.8000000000000043,-0.4999999999999978,55,2,-5.390000000000015,-0.030829016981051005,0.5,-0.015202603060847308,23.0,-0.007654999123473449,-1.3100000000000023,-0.023174017857577556,9022
10,1.8000000000000043,-0.3999999999999977,55,2,-5.390000000000015,-0.030829016981051005,0.5,-0.015202603060847308,23.0,-0.007654999123473449,-1.3100000000000023,-0.023174017857577556,9023
10,1.8000000000000043,-0.2999999999999976,55,2,-5.390000000000015,-0.030829016981051005,0.5,-0.015202603060847308,23.0,-0.007654999123473449,-1.3100000000000023,-0.023174017857577556,9024
10,1.900000000000004,-0.699999999999998,55,2,-5.390000000000015,-0.030829016981051005,0.5,-0.015202603060847308,23.0,-0.007654999123473449,-1.3100000000000023,-0.023174017857577556,9025
10,1.900000000000004,-0.5999999999999979,55,2,-5.390000000000015,-0.030829016981051005,0.5,-0.015202603060847308,23.0,-0.007654999123473449,-1.3100000000000023,-0.023174017857577556,9026
10,1.900000000000004,-0.4999999999999978,55,2,-5.390000000000015,-0.030829016981051005,0.5,-0.015202603060847308,23.0,-0.007654999123473449,-1.3100000000000023,-0.023174017857577556,9027
10,1.900000000000004,-0.3999999999999977,55,2,-5.390000000000015,-0.030829016981051005,0.5,-0.015202603060847308,23.0,-0.007654999123473449,-1.3100000000000023,-0.023174017857577556,9028
10,1.900000000000004,-0.2999999999999976,55,2,-5.390000000000015,-0.030829016981051005,0.5,-0.015202603060847308,23.0,-0.007654999123473449,-1.3100000000000023,-0.023174017857577556,9029
10,2.0000000000000044,-0.699999999999998,55,2,-5.390000000000015,-0.030829016981051005,0.5,-0.015202603060847308,23.0,-0.007654999123473449,-1.3100000000000023,-0.023174017857577556,9030
10,2.0000000000000044,-0.5999999999999979,55,2,-5.390000000000015,-0.030829016981051005,0.5,-0.015202603060847308,23.0,-0.007654999123473449,-1.3100000000000023,-0.023174017857577556,9031
10,2.0000000000000044,-0.4999999999999978,55,2,-5.390000000000015,-0.030829016981051005,0.5,-0.015202603060847308,23.0,-0.007654999123473449,-1.3100000000000023,-0.023174017857577556,9032
10,2.0000000000000044,-0.3999999999999977,55,2,-5.390000000000015,-0.030829016981051005,0.5,-0.015202603060847308,23.0,-0.007654999123473449,-1.3100000000000023,-0.023174017857577556,9033
10,2.0000000000000044,-0.2999999999999976,55,2,-5.390000000000015,-0.030829016981051005,0.5,-0.015202603060847308,23.0,-0.007654999123473449,-1.3100000000000023,-0.023174017857577556,9034
10,-0.4999999999999978,0.6000000000000032,55,4,-5.360000000000042,-0.030845670598800168,0.75,-0.007457510043497956,6.0,-0.007654999123473449,-1.3100000000000023,-0.02319067147532672,9035
10,-0.4999999999999978,0.7000000000000033,55,4,-5.360000000000042,-0.030845670598800168,0.75,-0.007457510043497956,6.0,-0.007654999123473449,-1.3100000000000023,-0.02319067147532672,9036
10,-0.4999999999999978,0.8000000000000034,55,4,-5.360000000000042,-0.030845670598800168,0.75,-0.007457510043497956,6.0,-0.007654999123473449,-1.3100000000000023,-0.02319067147532672,9037
10,-0.4999999999999978,0.9000000000000035,55,4,-5.360000000000042,-0.030845670598800168,0.75,-0.007457510043497956,6.0,-0.007654999123473449,-1.3100000000000023,-0.02319067147532672,9038
10,-0.3999999999999977,0.6000000000000032,55,4,-5.370000000000033,-0.030903846619533715,0.75,-0.007471735603985036,6.75,-0.007654999123473449,-1.3100000000000023,-0.023248847496060265,9039
10,-0.3999999999999977,0.7000000000000033,55,4,-5.370000000000033,-0.030903846619533715,0.75,-0.007471735603985036,6.75,-0.007654999123473449,-1.3100000000000023,-0.023248847496060265,9040
10,-0.3999999999999977,0.8000000000000034,55,4,-5.370000000000033,-0.030903846619533715,0.75,-0.007471735603985036,6.75,-0.007654999123473449,-1.3100000000000023,-0.023248847496060265,9041
10,-0.3999999999999977,0.9000000000000035,55,4,-5.370000000000033,-0.030903846619533715,0.75,-0.007471735603985036,6.75,-0.007654999123473449,-1.3100000000000023,-0.023248847496060265,9042
5,2.6645352591003757e-15,-1.5999999999999988,60,17,-5.289999999999992,-0.030914695447852303,0.6470588235294118,-0.0016987090664186493,3.4705882352941178,-0.0014112666117841455,-0.2400000000000091,-0.029503428836068157,9043
5,-0.4999999999999978,1.2000000000000037,60,4,-5.370000000000061,-0.030933876326195597,0.75,-0.007512355090859013,4.25,-0.0014112666117841455,-0.2400000000000091,-0.029522609714411452,9044
5,-0.4999999999999978,1.3000000000000043,60,4,-5.370000000000061,-0.030933876326195597,0.75,-0.007512355090859013,4.25,-0.0014112666117841455,-0.2400000000000091,-0.029522609714411452,9045
5,-0.2999999999999976,-1.799999999999999,60,19,-5.420000000000016,-0.030962935280169024,0.5789473684210527,-0.0015563554667998565,2.9473684210526314,-0.0014112666117841455,-0.2400000000000091,-0.02955166866838488,9046
22,-0.1999999999999975,0.9000000000000035,43,1,-5.400000000000006,-0.031025567365699502,0.0,-0.031025567365699502,23.0,-0.04541877459246779,-8.080000000000013,0.01439320722676829,9047
22,-0.1999999999999975,1.0000000000000036,43,1,-5.400000000000006,-0.031025567365699502,0.0,-0.031025567365699502,23.0,-0.04541877459246779,-8.080000000000013,0.01439320722676829,9048
22,-0.1999999999999975,1.1000000000000032,43,1,-5.400000000000006,-0.031025567365699502,0.0,-0.031025567365699502,23.0,-0.04541877459246779,-8.080000000000013,0.01439320722676829,9049
22,-0.1999999999999975,1.2000000000000037,43,1,-5.400000000000006,-0.031025567365699502,0.0,-0.031025567365699502,23.0,-0.04541877459246779,-8.080000000000013,0.01439320722676829,9050
22,-0.1999999999999975,1.3000000000000043,43,1,-5.400000000000006,-0.031025567365699502,0.0,-0.031025567365699502,23.0,-0.04541877459246779,-8.080000000000013,0.01439320722676829,9051
22,-0.1999999999999975,1.400000000000004,43,1,-5.400000000000006,-0.031025567365699502,0.0,-0.031025567365699502,23.0,-0.04541877459246779,-8.080000000000013,0.01439320722676829,9052
22,-0.1999999999999975,1.5000000000000036,43,1,-5.400000000000006,-0.031025567365699502,0.0,-0.031025567365699502,23.0,-0.04541877459246779,-8.080000000000013,0.01439320722676829,9053
10,-0.3999999999999977,-0.2999999999999976,55,6,-5.3799999999999955,-0.031078744335222397,0.6666666666666666,-0.005011447279271479,5.5,-0.007654999123473449,-1.3100000000000023,-0.023423745211748948,9054
5,-1.3999999999999986,1.2000000000000037,60,5,-5.30000000000004,-0.031099429622338914,0.4,-0.006161732196812686,2.4,-0.0014112666117841455,-0.2400000000000091,-0.02968816301055477,9055
5,-1.3999999999999986,1.3000000000000043,60,5,-5.30000000000004,-0.031099429622338914,0.4,-0.006161732196812686,2.4,-0.0014112666117841455,-0.2400000000000091,-0.02968816301055477,9056
22,-1.5999999999999988,-0.1999999999999975,43,9,-5.460000000000036,-0.031100328364127794,0.6666666666666666,-0.003381802340560896,2.3333333333333335,-0.04541877459246779,-8.080000000000013,0.014318446228339998,9057
22,-1.5999999999999988,-0.09999999999999742,43,9,-5.460000000000036,-0.031100328364127794,0.6666666666666666,-0.003381802340560896,2.3333333333333335,-0.04541877459246779,-8.080000000000013,0.014318446228339998,9058
10,-0.699999999999998,0.6000000000000032,55,5,-5.400000000000034,-0.031132642579363656,0.8,-0.006028492279185405,4.4,-0.007654999123473449,-1.3100000000000023,-0.023477643455890207,9059
10,-0.699999999999998,0.7000000000000033,55,5,-5.400000000000034,-0.031132642579363656,0.8,-0.006028492279185405,4.4,-0.007654999123473449,-1.3100000000000023,-0.023477643455890207,9060
10,-0.699999999999998,0.8000000000000034,55,5,-5.400000000000034,-0.031132642579363656,0.8,-0.006028492279185405,4.4,-0.007654999123473449,-1.3100000000000023,-0.023477643455890207,9061
10,-0.699999999999998,0.9000000000000035,55,5,-5.400000000000034,-0.031132642579363656,0.8,-0.006028492279185405,4.4,-0.007654999123473449,-1.3100000000000023,-0.023477643455890207,9062
22,-1.0999999999999983,-0.9999999999999982,43,13,-5.430000000000007,-0.031173969550308267,0.46153846153846156,-0.002321135108455629,2.769230769230769,-0.04541877459246779,-8.080000000000013,0.014244805042159525,9063
22,-1.0999999999999983,-0.8999999999999981,43,13,-5.430000000000007,-0.031173969550308267,0.46153846153846156,-0.002321135108455629,2.769230769230769,-0.04541877459246779,-8.080000000000013,0.014244805042159525,9064
22,-0.9999999999999982,-0.9999999999999982,43,13,-5.430000000000007,-0.031173969550308267,0.46153846153846156,-0.002321135108455629,2.769230769230769,-0.04541877459246779,-8.080000000000013,0.014244805042159525,9065
22,-0.9999999999999982,-0.8999999999999981,43,13,-5.430000000000007,-0.031173969550308267,0.46153846153846156,-0.002321135108455629,2.769230769230769,-0.04541877459246779,-8.080000000000013,0.014244805042159525,9066
5,1.0000000000000036,1.2000000000000037,60,3,-5.500000000000028,-0.031218635736503964,0.6666666666666666,-0.010108459093390828,11.0,-0.0014112666117841455,-0.2400000000000091,-0.029807369124719818,9067
5,1.0000000000000036,1.3000000000000043,60,3,-5.500000000000028,-0.031218635736503964,0.6666666666666666,-0.010108459093390828,11.0,-0.0014112666117841455,-0.2400000000000091,-0.029807369124719818,9068
5,1.1000000000000032,1.2000000000000037,60,3,-5.500000000000028,-0.031218635736503964,0.6666666666666666,-0.010108459093390828,11.0,-0.0014112666117841455,-0.2400000000000091,-0.029807369124719818,9069
5,1.1000000000000032,1.3000000000000043,60,3,-5.500000000000028,-0.031218635736503964,0.6666666666666666,-0.010108459093390828,11.0,-0.0014112666117841455,-0.2400000000000091,-0.029807369124719818,9070
10,-0.9999999999999982,0.400000000000003,55,7,-5.390000000000015,-0.031274530233135645,0.7142857142857143,-0.004305578810674171,3.0,-0.007654999123473449,-1.3100000000000023,-0.023619531109662195,9071
10,-0.9999999999999982,0.5000000000000031,55,7,-5.390000000000015,-0.031274530233135645,0.7142857142857143,-0.004305578810674171,3.0,-0.007654999123473449,-1.3100000000000023,-0.023619531109662195,9072
10,-1.6999999999999988,0.8000000000000034,55,7,-5.430000000000064,-0.031294339656465775,0.5714285714285714,-0.004344738837017819,2.5714285714285716,-0.007654999123473449,-1.3100000000000023,-0.023639340532992326,9073
10,-1.6999999999999988,0.9000000000000035,55,7,-5.430000000000064,-0.031294339656465775,0.5714285714285714,-0.004344738837017819,2.5714285714285716,-0.007654999123473449,-1.3100000000000023,-0.023639340532992326,9074
10,-1.5999999999999988,0.8000000000000034,55,7,-5.430000000000064,-0.031294339656465775,0.5714285714285714,-0.004344738837017819,2.5714285714285716,-0.007654999123473449,-1.3100000000000023,-0.023639340532992326,9075
10,-1.5999999999999988,0.9000000000000035,55,7,-5.430000000000064,-0.031294339656465775,0.5714285714285714,-0.004344738837017819,2.5714285714285716,-0.007654999123473449,-1.3100000000000023,-0.023639340532992326,9076
10,-1.4999999999999987,0.8000000000000034,55,7,-5.430000000000064,-0.031294339656465775,0.5714285714285714,-0.004344738837017819,2.5714285714285716,-0.007654999123473449,-1.3100000000000023,-0.023639340532992326,9077
10,-1.4999999999999987,0.9000000000000035,55,7,-5.430000000000064,-0.031294339656465775,0.5714285714285714,-0.004344738837017819,2.5714285714285716,-0.007654999123473449,-1.3100000000000023,-0.023639340532992326,9078
10,-1.3999999999999986,0.8000000000000034,55,7,-5.430000000000064,-0.031294339656465775,0.5714285714285714,-0.004344738837017819,2.5714285714285716,-0.007654999123473449,-1.3100000000000023,-0.023639340532992326,9079
10,-1.3999999999999986,0.9000000000000035,55,7,-5.430000000000064,-0.031294339656465775,0.5714285714285714,-0.004344738837017819,2.5714285714285716,-0.007654999123473449,-1.3100000000000023,-0.023639340532992326,9080
10,-1.2999999999999985,0.6000000000000032,55,7,-5.4500000000000455,-0.03135530851136792,0.5714285714285714,-0.004355127821612403,2.7142857142857144,-0.007654999123473449,-1.3100000000000023,-0.02370030938789447,9081
10,-1.2999999999999985,0.7000000000000033,55,7,-5.4500000000000455,-0.03135530851136792,0.5714285714285714,-0.004355127821612403,2.7142857142857144,-0.007654999123473449,-1.3100000000000023,-0.02370030938789447,9082
10,-1.1999999999999984,0.6000000000000032,55,7,-5.4500000000000455,-0.03135530851136792,0.5714285714285714,-0.004355127821612403,2.7142857142857144,-0.007654999123473449,-1.3100000000000023,-0.02370030938789447,9083
10,-1.1999999999999984,0.7000000000000033,55,7,-5.4500000000000455,-0.03135530851136792,0.5714285714285714,-0.004355127821612403,2.7142857142857144,-0.007654999123473449,-1.3100000000000023,-0.02370030938789447,9084
22,0.10000000000000275,0.20000000000000284,43,1,-5.490000000000009,-0.03142350180298781,0.0,-0.03142350180298781,29.0,-0.04541877459246779,-8.080000000000013,0.013995272789479984,9085
22,0.10000000000000275,0.30000000000000293,43,1,-5.490000000000009,-0.03142350180298781,0.0,-0.03142350180298781,29.0,-0.04541877459246779,-8.080000000000013,0.013995272789479984,9086
22,0.10000000000000275,0.400000000000003,43,1,-5.490000000000009,-0.03142350180298781,0.0,-0.03142350180298781,29.0,-0.04541877459246779,-8.080000000000013,0.013995272789479984,9087
22,0.10000000000000275,0.5000000000000031,43,1,-5.490000000000009,-0.03142350180298781,0.0,-0.03142350180298781,29.0,-0.04541877459246779,-8.080000000000013,0.013995272789479984,9088
22,0.10000000000000275,0.6000000000000032,43,1,-5.490000000000009,-0.03142350180298781,0.0,-0.03142350180298781,29.0,-0.04541877459246779,-8.080000000000013,0.013995272789479984,9089
22,0.10000000000000275,0.7000000000000033,43,1,-5.490000000000009,-0.03142350180298781,0.0,-0.03142350180298781,29.0,-0.04541877459246779,-8.080000000000013,0.013995272789479984,9090
22,0.10000000000000275,0.8000000000000034,43,1,-5.490000000000009,-0.03142350180298781,0.0,-0.03142350180298781,29.0,-0.04541877459246779,-8.080000000000013,0.013995272789479984,9091
22,0.20000000000000284,0.20000000000000284,43,1,-5.490000000000009,-0.03142350180298781,0.0,-0.03142350180298781,29.0,-0.04541877459246779,-8.080000000000013,0.013995272789479984,9092
22,0.20000000000000284,0.30000000000000293,43,1,-5.490000000000009,-0.03142350180298781,0.0,-0.03142350180298781,29.0,-0.04541877459246779,-8.080000000000013,0.013995272789479984,9093
22,0.20000000000000284,0.400000000000003,43,1,-5.490000000000009,-0.03142350180298781,0.0,-0.03142350180298781,29.0,-0.04541877459246779,-8.080000000000013,0.013995272789479984,9094
22,0.20000000000000284,0.5000000000000031,43,1,-5.490000000000009,-0.03142350180298781,0.0,-0.03142350180298781,29.0,-0.04541877459246779,-8.080000000000013,0.013995272789479984,9095
22,0.20000000000000284,0.6000000000000032,43,1,-5.490000000000009,-0.03142350180298781,0.0,-0.03142350180298781,29.0,-0.04541877459246779,-8.080000000000013,0.013995272789479984,9096
22,0.20000000000000284,0.7000000000000033,43,1,-5.490000000000009,-0.03142350180298781,0.0,-0.03142350180298781,29.0,-0.04541877459246779,-8.080000000000013,0.013995272789479984,9097
22,0.20000000000000284,0.8000000000000034,43,1,-5.490000000000009,-0.03142350180298781,0.0,-0.03142350180298781,29.0,-0.04541877459246779,-8.080000000000013,0.013995272789479984,9098
22,0.30000000000000293,0.20000000000000284,43,1,-5.490000000000009,-0.03142350180298781,0.0,-0.03142350180298781,29.0,-0.04541877459246779,-8.080000000000013,0.013995272789479984,9099
22,0.30000000000000293,0.30000000000000293,43,1,-5.490000000000009,-0.03142350180298781,0.0,-0.03142350180298781,29.0,-0.04541877459246779,-8.080000000000013,0.013995272789479984,9100
22,0.30000000000000293,0.400000000000003,43,1,-5.490000000000009,-0.03142350180298781,0.0,-0.03142350180298781,29.0,-0.04541877459246779,-8.080000000000013,0.013995272789479984,9101
22,0.30000000000000293,0.5000000000000031,43,1,-5.490000000000009,-0.03142350180298781,0.0,-0.03142350180298781,29.0,-0.04541877459246779,-8.080000000000013,0.013995272789479984,9102
22,0.30000000000000293,0.6000000000000032,43,1,-5.490000000000009,-0.03142350180298781,0.0,-0.03142350180298781,29.0,-0.04541877459246779,-8.080000000000013,0.013995272789479984,9103
22,0.30000000000000293,0.7000000000000033,43,1,-5.490000000000009,-0.03142350180298781,0.0,-0.03142350180298781,29.0,-0.04541877459246779,-8.080000000000013,0.013995272789479984,9104
22,0.30000000000000293,0.8000000000000034,43,1,-5.490000000000009,-0.03142350180298781,0.0,-0.03142350180298781,29.0,-0.04541877459246779,-8.080000000000013,0.013995272789479984,9105
22,-0.09999999999999742,0.20000000000000284,43,1,-5.5,-0.031480739511190015,0.0,-0.031480739511190015,25.0,-0.04541877459246779,-8.080000000000013,0.013938035081277778,9106
22,-0.09999999999999742,0.30000000000000293,43,1,-5.5,-0.031480739511190015,0.0,-0.031480739511190015,25.0,-0.04541877459246779,-8.080000000000013,0.013938035081277778,9107
22,-0.09999999999999742,0.400000000000003,43,1,-5.5,-0.031480739511190015,0.0,-0.031480739511190015,25.0,-0.04541877459246779,-8.080000000000013,0.013938035081277778,9108
22,-0.09999999999999742,0.5000000000000031,43,1,-5.5,-0.031480739511190015,0.0,-0.031480739511190015,25.0,-0.04541877459246779,-8.080000000000013,0.013938035081277778,9109
22,-0.09999999999999742,0.6000000000000032,43,1,-5.5,-0.031480739511190015,0.0,-0.031480739511190015,25.0,-0.04541877459246779,-8.080000000000013,0.013938035081277778,9110
22,-0.09999999999999742,0.7000000000000033,43,1,-5.5,-0.031480739511190015,0.0,-0.031480739511190015,25.0,-0.04541877459246779,-8.080000000000013,0.013938035081277778,9111
22,-0.09999999999999742,0.8000000000000034,43,1,-5.5,-0.031480739511190015,0.0,-0.031480739511190015,25.0,-0.04541877459246779,-8.080000000000013,0.013938035081277778,9112
22,2.6645352591003757e-15,0.20000000000000284,43,1,-5.5,-0.031480739511190015,0.0,-0.031480739511190015,25.0,-0.04541877459246779,-8.080000000000013,0.013938035081277778,9113
22,2.6645352591003757e-15,0.30000000000000293,43,1,-5.5,-0.031480739511190015,0.0,-0.031480739511190015,25.0,-0.04541877459246779,-8.080000000000013,0.013938035081277778,9114
22,2.6645352591003757e-15,0.400000000000003,43,1,-5.5,-0.031480739511190015,0.0,-0.031480739511190015,25.0,-0.04541877459246779,-8.080000000000013,0.013938035081277778,9115
22,2.6645352591003757e-15,0.5000000000000031,43,1,-5.5,-0.031480739511190015,0.0,-0.031480739511190015,25.0,-0.04541877459246779,-8.080000000000013,0.013938035081277778,9116
22,2.6645352591003757e-15,0.6000000000000032,43,1,-5.5,-0.031480739511190015,0.0,-0.031480739511190015,25.0,-0.04541877459246779,-8.080000000000013,0.013938035081277778,9117
22,2.6645352591003757e-15,0.7000000000000033,43,1,-5.5,-0.031480739511190015,0.0,-0.031480739511190015,25.0,-0.04541877459246779,-8.080000000000013,0.013938035081277778,9118
22,2.6645352591003757e-15,0.8000000000000034,43,1,-5.5,-0.031480739511190015,0.0,-0.031480739511190015,25.0,-0.04541877459246779,-8.080000000000013,0.013938035081277778,9119
22,-0.09999999999999742,-0.9999999999999982,43,9,-5.560000000000002,-0.0315437028004818,0.5555555555555556,-0.0034140608977405082,4.333333333333333,-0.04541877459246779,-8.080000000000013,0.013875071791985993,9120
22,-0.09999999999999742,-0.8999999999999981,43,9,-5.560000000000002,-0.0315437028004818,0.5555555555555556,-0.0034140608977405082,4.333333333333333,-0.04541877459246779,-8.080000000000013,0.013875071791985993,9121
22,2.6645352591003757e-15,-0.9999999999999982,43,9,-5.560000000000002,-0.0315437028004818,0.5555555555555556,-0.0034140608977405082,4.333333333333333,-0.04541877459246779,-8.080000000000013,0.013875071791985993,9122
22,2.6645352591003757e-15,-0.8999999999999981,43,9,-5.560000000000002,-0.0315437028004818,0.5555555555555556,-0.0034140608977405082,4.333333333333333,-0.04541877459246779,-8.080000000000013,0.013875071791985993,9123
22,-1.899999999999999,-1.4999999999999987,43,18,-5.370000000000033,-0.031591074061193325,0.5,-0.0017073104496087258,1.8888888888888888,-0.04541877459246779,-8.080000000000013,0.013827700531274467,9124
22,-1.899999999999999,-1.3999999999999986,43,18,-5.370000000000033,-0.031591074061193325,0.5,-0.0017073104496087258,1.8888888888888888,-0.04541877459246779,-8.080000000000013,0.013827700531274467,9125
22,-1.799999999999999,-1.4999999999999987,43,18,-5.370000000000033,-0.031591074061193325,0.5,-0.0017073104496087258,1.8888888888888888,-0.04541877459246779,-8.080000000000013,0.013827700531274467,9126
22,-1.799999999999999,-1.3999999999999986,43,18,-5.370000000000033,-0.031591074061193325,0.5,-0.0017073104496087258,1.8888888888888888,-0.04541877459246779,-8.080000000000013,0.013827700531274467,9127
22,-1.6999999999999988,-1.4999999999999987,43,18,-5.370000000000033,-0.031591074061193325,0.5,-0.0017073104496087258,1.8888888888888888,-0.04541877459246779,-8.080000000000013,0.013827700531274467,9128
22,-1.6999999999999988,-1.3999999999999986,43,18,-5.370000000000033,-0.031591074061193325,0.5,-0.0017073104496087258,1.8888888888888888,-0.04541877459246779,-8.080000000000013,0.013827700531274467,9129
22,-1.899999999999999,0.30000000000000293,43,6,-5.430000000000007,-0.031619354461799865,0.5,-0.005268915027369074,2.5,-0.04541877459246779,-8.080000000000013,0.013799420130667928,9130
22,-1.899999999999999,0.400000000000003,43,6,-5.430000000000007,-0.031619354461799865,0.5,-0.005268915027369074,2.5,-0.04541877459246779,-8.080000000000013,0.013799420130667928,9131
22,-1.899999999999999,0.5000000000000031,43,6,-5.430000000000007,-0.031619354461799865,0.5,-0.005268915027369074,2.5,-0.04541877459246779,-8.080000000000013,0.013799420130667928,9132
22,-1.899999999999999,0.6000000000000032,43,6,-5.430000000000007,-0.031619354461799865,0.5,-0.005268915027369074,2.5,-0.04541877459246779,-8.080000000000013,0.013799420130667928,9133
22,-1.799999999999999,0.30000000000000293,43,6,-5.430000000000007,-0.031619354461799865,0.5,-0.005268915027369074,2.5,-0.04541877459246779,-8.080000000000013,0.013799420130667928,9134
22,-1.799999999999999,0.400000000000003,43,6,-5.430000000000007,-0.031619354461799865,0.5,-0.005268915027369074,2.5,-0.04541877459246779,-8.080000000000013,0.013799420130667928,9135
22,-1.799999999999999,0.5000000000000031,43,6,-5.430000000000007,-0.031619354461799865,0.5,-0.005268915027369074,2.5,-0.04541877459246779,-8.080000000000013,0.013799420130667928,9136
22,-1.799999999999999,0.6000000000000032,43,6,-5.430000000000007,-0.031619354461799865,0.5,-0.005268915027369074,2.5,-0.04541877459246779,-8.080000000000013,0.013799420130667928,9137
22,-1.6999999999999988,0.30000000000000293,43,6,-5.430000000000007,-0.031619354461799865,0.5,-0.005268915027369074,2.5,-0.04541877459246779,-8.080000000000013,0.013799420130667928,9138
22,-1.6999999999999988,0.400000000000003,43,6,-5.430000000000007,-0.031619354461799865,0.5,-0.005268915027369074,2.5,-0.04541877459246779,-8.080000000000013,0.013799420130667928,9139
22,-1.6999999999999988,0.5000000000000031,43,6,-5.430000000000007,-0.031619354461799865,0.5,-0.005268915027369074,2.5,-0.04541877459246779,-8.080000000000013,0.013799420130667928,9140
22,-1.6999999999999988,0.6000000000000032,43,6,-5.430000000000007,-0.031619354461799865,0.5,-0.005268915027369074,2.5,-0.04541877459246779,-8.080000000000013,0.013799420130667928,9141
5,-0.3999999999999977,1.2000000000000037,60,4,-5.500000000000057,-0.03167608014392298,0.75,-0.007643617236439387,4.75,-0.0014112666117841455,-0.2400000000000091,-0.030264813532138835,9142
5,-0.3999999999999977,1.3000000000000043,60,4,-5.500000000000057,-0.03167608014392298,0.75,-0.007643617236439387,4.75,-0.0014112666117841455,-0.2400000000000091,-0.030264813532138835,9143
22,-1.9999999999999991,2.6645352591003757e-15,43,9,-5.570000000000022,-0.03171931117485338,0.5555555555555556,-0.0034592609312589107,2.111111111111111,-0.04541877459246779,-8.080000000000013,0.01369946341761441,9144
10,0.400000000000003,0.20000000000000284,55,2,-5.570000000000022,-0.031899312682009406,0.5,-0.015624559436033802,18.5,-0.007654999123473449,-1.3100000000000023,-0.024244313558535957,9145
10,0.400000000000003,0.30000000000000293,55,2,-5.570000000000022,-0.031899312682009406,0.5,-0.015624559436033802,18.5,-0.007654999123473449,-1.3100000000000023,-0.024244313558535957,9146
10,0.400000000000003,0.400000000000003,55,2,-5.570000000000022,-0.031899312682009406,0.5,-0.015624559436033802,18.5,-0.007654999123473449,-1.3100000000000023,-0.024244313558535957,9147
10,0.400000000000003,0.5000000000000031,55,2,-5.570000000000022,-0.031899312682009406,0.5,-0.015624559436033802,18.5,-0.007654999123473449,-1.3100000000000023,-0.024244313558535957,9148
10,0.400000000000003,0.6000000000000032,55,2,-5.570000000000022,-0.031899312682009406,0.5,-0.015624559436033802,18.5,-0.007654999123473449,-1.3100000000000023,-0.024244313558535957,9149
10,0.400000000000003,0.7000000000000033,55,2,-5.570000000000022,-0.031899312682009406,0.5,-0.015624559436033802,18.5,-0.007654999123473449,-1.3100000000000023,-0.024244313558535957,9150
10,0.400000000000003,0.8000000000000034,55,2,-5.570000000000022,-0.031899312682009406,0.5,-0.015624559436033802,18.5,-0.007654999123473449,-1.3100000000000023,-0.024244313558535957,9151
10,0.400000000000003,0.9000000000000035,55,2,-5.570000000000022,-0.031899312682009406,0.5,-0.015624559436033802,18.5,-0.007654999123473449,-1.3100000000000023,-0.024244313558535957,9152
10,0.5000000000000031,0.20000000000000284,55,2,-5.570000000000022,-0.031899312682009406,0.5,-0.015624559436033802,18.5,-0.007654999123473449,-1.3100000000000023,-0.024244313558535957,9153
10,0.5000000000000031,0.30000000000000293,55,2,-5.570000000000022,-0.031899312682009406,0.5,-0.015624559436033802,18.5,-0.007654999123473449,-1.3100000000000023,-0.024244313558535957,9154
10,0.5000000000000031,0.400000000000003,55,2,-5.570000000000022,-0.031899312682009406,0.5,-0.015624559436033802,18.5,-0.007654999123473449,-1.3100000000000023,-0.024244313558535957,9155
10,0.5000000000000031,0.5000000000000031,55,2,-5.570000000000022,-0.031899312682009406,0.5,-0.015624559436033802,18.5,-0.007654999123473449,-1.3100000000000023,-0.024244313558535957,9156
10,0.5000000000000031,0.6000000000000032,55,2,-5.570000000000022,-0.031899312682009406,0.5,-0.015624559436033802,18.5,-0.007654999123473449,-1.3100000000000023,-0.024244313558535957,9157
10,0.5000000000000031,0.7000000000000033,55,2,-5.570000000000022,-0.031899312682009406,0.5,-0.015624559436033802,18.5,-0.007654999123473449,-1.3100000000000023,-0.024244313558535957,9158
10,0.5000000000000031,0.8000000000000034,55,2,-5.570000000000022,-0.031899312682009406,0.5,-0.015624559436033802,18.5,-0.007654999123473449,-1.3100000000000023,-0.024244313558535957,9159
10,0.5000000000000031,0.9000000000000035,55,2,-5.570000000000022,-0.031899312682009406,0.5,-0.015624559436033802,18.5,-0.007654999123473449,-1.3100000000000023,-0.024244313558535957,9160
10,0.6000000000000032,0.20000000000000284,55,2,-5.570000000000022,-0.031899312682009406,0.5,-0.015624559436033802,18.5,-0.007654999123473449,-1.3100000000000023,-0.024244313558535957,9161
10,0.6000000000000032,0.30000000000000293,55,2,-5.570000000000022,-0.031899312682009406,0.5,-0.015624559436033802,18.5,-0.007654999123473449,-1.3100000000000023,-0.024244313558535957,9162
10,0.6000000000000032,0.400000000000003,55,2,-5.570000000000022,-0.031899312682009406,0.5,-0.015624559436033802,18.5,-0.007654999123473449,-1.3100000000000023,-0.024244313558535957,9163
10,0.6000000000000032,0.5000000000000031,55,2,-5.570000000000022,-0.031899312682009406,0.5,-0.015624559436033802,18.5,-0.007654999123473449,-1.3100000000000023,-0.024244313558535957,9164
10,0.6000000000000032,0.6000000000000032,55,2,-5.570000000000022,-0.031899312682009406,0.5,-0.015624559436033802,18.5,-0.007654999123473449,-1.3100000000000023,-0.024244313558535957,9165
10,0.6000000000000032,0.7000000000000033,55,2,-5.570000000000022,-0.031899312682009406,0.5,-0.015624559436033802,18.5,-0.007654999123473449,-1.3100000000000023,-0.024244313558535957,9166
10,0.6000000000000032,0.8000000000000034,55,2,-5.570000000000022,-0.031899312682009406,0.5,-0.015624559436033802,18.5,-0.007654999123473449,-1.3100000000000023,-0.024244313558535957,9167
10,0.6000000000000032,0.9000000000000035,55,2,-5.570000000000022,-0.031899312682009406,0.5,-0.015624559436033802,18.5,-0.007654999123473449,-1.3100000000000023,-0.024244313558535957,9168
10,0.7000000000000033,0.20000000000000284,55,2,-5.570000000000022,-0.031899312682009406,0.5,-0.015624559436033802,18.5,-0.007654999123473449,-1.3100000000000023,-0.024244313558535957,9169
10,0.7000000000000033,0.30000000000000293,55,2,-5.570000000000022,-0.031899312682009406,0.5,-0.015624559436033802,18.5,-0.007654999123473449,-1.3100000000000023,-0.024244313558535957,9170
10,0.7000000000000033,0.400000000000003,55,2,-5.570000000000022,-0.031899312682009406,0.5,-0.015624559436033802,18.5,-0.007654999123473449,-1.3100000000000023,-0.024244313558535957,9171
10,0.7000000000000033,0.5000000000000031,55,2,-5.570000000000022,-0.031899312682009406,0.5,-0.015624559436033802,18.5,-0.007654999123473449,-1.3100000000000023,-0.024244313558535957,9172
10,0.7000000000000033,0.6000000000000032,55,2,-5.570000000000022,-0.031899312682009406,0.5,-0.015624559436033802,18.5,-0.007654999123473449,-1.3100000000000023,-0.024244313558535957,9173
10,0.7000000000000033,0.7000000000000033,55,2,-5.570000000000022,-0.031899312682009406,0.5,-0.015624559436033802,18.5,-0.007654999123473449,-1.3100000000000023,-0.024244313558535957,9174
10,0.7000000000000033,0.8000000000000034,55,2,-5.570000000000022,-0.031899312682009406,0.5,-0.015624559436033802,18.5,-0.007654999123473449,-1.3100000000000023,-0.024244313558535957,9175
10,0.7000000000000033,0.9000000000000035,55,2,-5.570000000000022,-0.031899312682009406,0.5,-0.015624559436033802,18.5,-0.007654999123473449,-1.3100000000000023,-0.024244313558535957,9176
10,0.8000000000000034,0.20000000000000284,55,2,-5.570000000000022,-0.031899312682009406,0.5,-0.015624559436033802,18.5,-0.007654999123473449,-1.3100000000000023,-0.024244313558535957,9177
10,0.8000000000000034,0.30000000000000293,55,2,-5.570000000000022,-0.031899312682009406,0.5,-0.015624559436033802,18.5,-0.007654999123473449,-1.3100000000000023,-0.024244313558535957,9178
10,0.8000000000000034,0.400000000000003,55,2,-5.570000000000022,-0.031899312682009406,0.5,-0.015624559436033802,18.5,-0.007654999123473449,-1.3100000000000023,-0.024244313558535957,9179
10,0.8000000000000034,0.5000000000000031,55,2,-5.570000000000022,-0.031899312682009406,0.5,-0.015624559436033802,18.5,-0.007654999123473449,-1.3100000000000023,-0.024244313558535957,9180
10,0.8000000000000034,0.6000000000000032,55,2,-5.570000000000022,-0.031899312682009406,0.5,-0.015624559436033802,18.5,-0.007654999123473449,-1.3100000000000023,-0.024244313558535957,9181
10,0.8000000000000034,0.7000000000000033,55,2,-5.570000000000022,-0.031899312682009406,0.5,-0.015624559436033802,18.5,-0.007654999123473449,-1.3100000000000023,-0.024244313558535957,9182
10,0.8000000000000034,0.8000000000000034,55,2,-5.570000000000022,-0.031899312682009406,0.5,-0.015624559436033802,18.5,-0.007654999123473449,-1.3100000000000023,-0.024244313558535957,9183
10,0.8000000000000034,0.9000000000000035,55,2,-5.570000000000022,-0.031899312682009406,0.5,-0.015624559436033802,18.5,-0.007654999123473449,-1.3100000000000023,-0.024244313558535957,9184
10,0.9000000000000035,0.20000000000000284,55,2,-5.570000000000022,-0.031899312682009406,0.5,-0.015624559436033802,18.5,-0.007654999123473449,-1.3100000000000023,-0.024244313558535957,9185
10,0.9000000000000035,0.30000000000000293,55,2,-5.570000000000022,-0.031899312682009406,0.5,-0.015624559436033802,18.5,-0.007654999123473449,-1.3100000000000023,-0.024244313558535957,9186
10,0.9000000000000035,0.400000000000003,55,2,-5.570000000000022,-0.031899312682009406,0.5,-0.015624559436033802,18.5,-0.007654999123473449,-1.3100000000000023,-0.024244313558535957,9187
10,0.9000000000000035,0.5000000000000031,55,2,-5.570000000000022,-0.031899312682009406,0.5,-0.015624559436033802,18.5,-0.007654999123473449,-1.3100000000000023,-0.024244313558535957,9188
10,0.9000000000000035,0.6000000000000032,55,2,-5.570000000000022,-0.031899312682009406,0.5,-0.015624559436033802,18.5,-0.007654999123473449,-1.3100000000000023,-0.024244313558535957,9189
10,0.9000000000000035,0.7000000000000033,55,2,-5.570000000000022,-0.031899312682009406,0.5,-0.015624559436033802,18.5,-0.007654999123473449,-1.3100000000000023,-0.024244313558535957,9190
10,0.9000000000000035,0.8000000000000034,55,2,-5.570000000000022,-0.031899312682009406,0.5,-0.015624559436033802,18.5,-0.007654999123473449,-1.3100000000000023,-0.024244313558535957,9191
10,0.9000000000000035,0.9000000000000035,55,2,-5.570000000000022,-0.031899312682009406,0.5,-0.015624559436033802,18.5,-0.007654999123473449,-1.3100000000000023,-0.024244313558535957,9192
10,1.0000000000000036,0.20000000000000284,55,2,-5.570000000000022,-0.031899312682009406,0.5,-0.015624559436033802,18.5,-0.007654999123473449,-1.3100000000000023,-0.024244313558535957,9193
10,1.0000000000000036,0.30000000000000293,55,2,-5.570000000000022,-0.031899312682009406,0.5,-0.015624559436033802,18.5,-0.007654999123473449,-1.3100000000000023,-0.024244313558535957,9194
10,1.0000000000000036,0.400000000000003,55,2,-5.570000000000022,-0.031899312682009406,0.5,-0.015624559436033802,18.5,-0.007654999123473449,-1.3100000000000023,-0.024244313558535957,9195
10,1.0000000000000036,0.5000000000000031,55,2,-5.570000000000022,-0.031899312682009406,0.5,-0.015624559436033802,18.5,-0.007654999123473449,-1.3100000000000023,-0.024244313558535957,9196
10,1.0000000000000036,0.6000000000000032,55,2,-5.570000000000022,-0.031899312682009406,0.5,-0.015624559436033802,18.5,-0.007654999123473449,-1.3100000000000023,-0.024244313558535957,9197
10,1.0000000000000036,0.7000000000000033,55,2,-5.570000000000022,-0.031899312682009406,0.5,-0.015624559436033802,18.5,-0.007654999123473449,-1.3100000000000023,-0.024244313558535957,9198
10,1.0000000000000036,0.8000000000000034,55,2,-5.570000000000022,-0.031899312682009406,0.5,-0.015624559436033802,18.5,-0.007654999123473449,-1.3100000000000023,-0.024244313558535957,9199
10,1.0000000000000036,0.9000000000000035,55,2,-5.570000000000022,-0.031899312682009406,0.5,-0.015624559436033802,18.5,-0.007654999123473449,-1.3100000000000023,-0.024244313558535957,9200
10,1.1000000000000032,0.20000000000000284,55,2,-5.570000000000022,-0.031899312682009406,0.5,-0.015624559436033802,18.5,-0.007654999123473449,-1.3100000000000023,-0.024244313558535957,9201
10,1.1000000000000032,0.30000000000000293,55,2,-5.570000000000022,-0.031899312682009406,0.5,-0.015624559436033802,18.5,-0.007654999123473449,-1.3100000000000023,-0.024244313558535957,9202
10,1.1000000000000032,0.400000000000003,55,2,-5.570000000000022,-0.031899312682009406,0.5,-0.015624559436033802,18.5,-0.007654999123473449,-1.3100000000000023,-0.024244313558535957,9203
10,1.1000000000000032,0.5000000000000031,55,2,-5.570000000000022,-0.031899312682009406,0.5,-0.015624559436033802,18.5,-0.007654999123473449,-1.3100000000000023,-0.024244313558535957,9204
10,1.1000000000000032,0.6000000000000032,55,2,-5.570000000000022,-0.031899312682009406,0.5,-0.015624559436033802,18.5,-0.007654999123473449,-1.3100000000000023,-0.024244313558535957,9205
10,1.1000000000000032,0.7000000000000033,55,2,-5.570000000000022,-0.031899312682009406,0.5,-0.015624559436033802,18.5,-0.007654999123473449,-1.3100000000000023,-0.024244313558535957,9206
10,1.1000000000000032,0.8000000000000034,55,2,-5.570000000000022,-0.031899312682009406,0.5,-0.015624559436033802,18.5,-0.007654999123473449,-1.3100000000000023,-0.024244313558535957,9207
10,1.1000000000000032,0.9000000000000035,55,2,-5.570000000000022,-0.031899312682009406,0.5,-0.015624559436033802,18.5,-0.007654999123473449,-1.3100000000000023,-0.024244313558535957,9208
10,1.2000000000000037,0.20000000000000284,55,2,-5.570000000000022,-0.031899312682009406,0.5,-0.015624559436033802,18.5,-0.007654999123473449,-1.3100000000000023,-0.024244313558535957,9209
10,1.2000000000000037,0.30000000000000293,55,2,-5.570000000000022,-0.031899312682009406,0.5,-0.015624559436033802,18.5,-0.007654999123473449,-1.3100000000000023,-0.024244313558535957,9210
10,1.2000000000000037,0.400000000000003,55,2,-5.570000000000022,-0.031899312682009406,0.5,-0.015624559436033802,18.5,-0.007654999123473449,-1.3100000000000023,-0.024244313558535957,9211
10,1.2000000000000037,0.5000000000000031,55,2,-5.570000000000022,-0.031899312682009406,0.5,-0.015624559436033802,18.5,-0.007654999123473449,-1.3100000000000023,-0.024244313558535957,9212
10,1.2000000000000037,0.6000000000000032,55,2,-5.570000000000022,-0.031899312682009406,0.5,-0.015624559436033802,18.5,-0.007654999123473449,-1.3100000000000023,-0.024244313558535957,9213
10,1.2000000000000037,0.7000000000000033,55,2,-5.570000000000022,-0.031899312682009406,0.5,-0.015624559436033802,18.5,-0.007654999123473449,-1.3100000000000023,-0.024244313558535957,9214
10,1.2000000000000037,0.8000000000000034,55,2,-5.570000000000022,-0.031899312682009406,0.5,-0.015624559436033802,18.5,-0.007654999123473449,-1.3100000000000023,-0.024244313558535957,9215
10,1.2000000000000037,0.9000000000000035,55,2,-5.570000000000022,-0.031899312682009406,0.5,-0.015624559436033802,18.5,-0.007654999123473449,-1.3100000000000023,-0.024244313558535957,9216
10,1.3000000000000043,0.20000000000000284,55,2,-5.570000000000022,-0.031899312682009406,0.5,-0.015624559436033802,18.5,-0.007654999123473449,-1.3100000000000023,-0.024244313558535957,9217
10,1.3000000000000043,0.30000000000000293,55,2,-5.570000000000022,-0.031899312682009406,0.5,-0.015624559436033802,18.5,-0.007654999123473449,-1.3100000000000023,-0.024244313558535957,9218
10,1.3000000000000043,0.400000000000003,55,2,-5.570000000000022,-0.031899312682009406,0.5,-0.015624559436033802,18.5,-0.007654999123473449,-1.3100000000000023,-0.024244313558535957,9219
10,1.3000000000000043,0.5000000000000031,55,2,-5.570000000000022,-0.031899312682009406,0.5,-0.015624559436033802,18.5,-0.007654999123473449,-1.3100000000000023,-0.024244313558535957,9220
10,1.3000000000000043,0.6000000000000032,55,2,-5.570000000000022,-0.031899312682009406,0.5,-0.015624559436033802,18.5,-0.007654999123473449,-1.3100000000000023,-0.024244313558535957,9221
10,1.3000000000000043,0.7000000000000033,55,2,-5.570000000000022,-0.031899312682009406,0.5,-0.015624559436033802,18.5,-0.007654999123473449,-1.3100000000000023,-0.024244313558535957,9222
10,1.3000000000000043,0.8000000000000034,55,2,-5.570000000000022,-0.031899312682009406,0.5,-0.015624559436033802,18.5,-0.007654999123473449,-1.3100000000000023,-0.024244313558535957,9223
10,1.3000000000000043,0.9000000000000035,55,2,-5.570000000000022,-0.031899312682009406,0.5,-0.015624559436033802,18.5,-0.007654999123473449,-1.3100000000000023,-0.024244313558535957,9224
10,1.400000000000004,0.20000000000000284,55,2,-5.570000000000022,-0.031899312682009406,0.5,-0.015624559436033802,18.5,-0.007654999123473449,-1.3100000000000023,-0.024244313558535957,9225
10,1.400000000000004,0.30000000000000293,55,2,-5.570000000000022,-0.031899312682009406,0.5,-0.015624559436033802,18.5,-0.007654999123473449,-1.3100000000000023,-0.024244313558535957,9226
10,1.400000000000004,0.400000000000003,55,2,-5.570000000000022,-0.031899312682009406,0.5,-0.015624559436033802,18.5,-0.007654999123473449,-1.3100000000000023,-0.024244313558535957,9227
10,1.400000000000004,0.5000000000000031,55,2,-5.570000000000022,-0.031899312682009406,0.5,-0.015624559436033802,18.5,-0.007654999123473449,-1.3100000000000023,-0.024244313558535957,9228
10,1.400000000000004,0.6000000000000032,55,2,-5.570000000000022,-0.031899312682009406,0.5,-0.015624559436033802,18.5,-0.007654999123473449,-1.3100000000000023,-0.024244313558535957,9229
10,1.400000000000004,0.7000000000000033,55,2,-5.570000000000022,-0.031899312682009406,0.5,-0.015624559436033802,18.5,-0.007654999123473449,-1.3100000000000023,-0.024244313558535957,9230
10,1.400000000000004,0.8000000000000034,55,2,-5.570000000000022,-0.031899312682009406,0.5,-0.015624559436033802,18.5,-0.007654999123473449,-1.3100000000000023,-0.024244313558535957,9231
10,1.400000000000004,0.9000000000000035,55,2,-5.570000000000022,-0.031899312682009406,0.5,-0.015624559436033802,18.5,-0.007654999123473449,-1.3100000000000023,-0.024244313558535957,9232
10,1.5000000000000036,0.20000000000000284,55,2,-5.570000000000022,-0.031899312682009406,0.5,-0.015624559436033802,18.5,-0.007654999123473449,-1.3100000000000023,-0.024244313558535957,9233
10,1.5000000000000036,0.30000000000000293,55,2,-5.570000000000022,-0.031899312682009406,0.5,-0.015624559436033802,18.5,-0.007654999123473449,-1.3100000000000023,-0.024244313558535957,9234
10,1.5000000000000036,0.400000000000003,55,2,-5.570000000000022,-0.031899312682009406,0.5,-0.015624559436033802,18.5,-0.007654999123473449,-1.3100000000000023,-0.024244313558535957,9235
10,1.5000000000000036,0.5000000000000031,55,2,-5.570000000000022,-0.031899312682009406,0.5,-0.015624559436033802,18.5,-0.007654999123473449,-1.3100000000000023,-0.024244313558535957,9236
10,1.5000000000000036,0.6000000000000032,55,2,-5.570000000000022,-0.031899312682009406,0.5,-0.015624559436033802,18.5,-0.007654999123473449,-1.3100000000000023,-0.024244313558535957,9237
10,1.5000000000000036,0.7000000000000033,55,2,-5.570000000000022,-0.031899312682009406,0.5,-0.015624559436033802,18.5,-0.007654999123473449,-1.3100000000000023,-0.024244313558535957,9238
10,1.5000000000000036,0.8000000000000034,55,2,-5.570000000000022,-0.031899312682009406,0.5,-0.015624559436033802,18.5,-0.007654999123473449,-1.3100000000000023,-0.024244313558535957,9239
10,1.5000000000000036,0.9000000000000035,55,2,-5.570000000000022,-0.031899312682009406,0.5,-0.015624559436033802,18.5,-0.007654999123473449,-1.3100000000000023,-0.024244313558535957,9240
5,1.400000000000004,1.0000000000000036,60,2,-5.570000000000022,-0.031899312682009406,0.5,-0.015624559436033802,18.5,-0.0014112666117841455,-0.2400000000000091,-0.03048804607022526,9241
5,1.400000000000004,1.1000000000000032,60,2,-5.570000000000022,-0.031899312682009406,0.5,-0.015624559436033802,18.5,-0.0014112666117841455,-0.2400000000000091,-0.03048804607022526,9242
5,-1.1999999999999984,-0.2999999999999976,60,11,-5.510000000000048,-0.031918054526402506,0.5454545454545454,-0.0028210890764624715,2.3636363636363638,-0.0014112666117841455,-0.2400000000000091,-0.03050678791461836,9243
5,-1.1999999999999984,-0.1999999999999975,60,11,-5.510000000000048,-0.031918054526402506,0.5454545454545454,-0.0028210890764624715,2.3636363636363638,-0.0014112666117841455,-0.2400000000000091,-0.03050678791461836,9244
5,-1.1999999999999984,-0.09999999999999742,60,11,-5.510000000000048,-0.031918054526402506,0.5454545454545454,-0.0028210890764624715,2.3636363636363638,-0.0014112666117841455,-0.2400000000000091,-0.03050678791461836,9245
22,-1.1999999999999984,0.20000000000000284,43,4,-5.600000000000023,-0.03195190567263617,0.75,-0.007828900819561141,4.25,-0.04541877459246779,-8.080000000000013,0.01346686891983162,9246
22,-1.1999999999999984,0.30000000000000293,43,4,-5.600000000000023,-0.03195190567263617,0.75,-0.007828900819561141,4.25,-0.04541877459246779,-8.080000000000013,0.01346686891983162,9247
22,-1.1999999999999984,0.400000000000003,43,4,-5.600000000000023,-0.03195190567263617,0.75,-0.007828900819561141,4.25,-0.04541877459246779,-8.080000000000013,0.01346686891983162,9248
22,-1.1999999999999984,0.9000000000000035,43,3,-5.5800000000000125,-0.03196616965003807,0.6666666666666666,-0.010502284231924083,5.0,-0.04541877459246779,-8.080000000000013,0.013452604942429724,9249
10,0.20000000000000284,-1.5999999999999988,55,14,-5.560000000000002,-0.03205459583254,0.7142857142857143,-0.002202912474478585,3.7857142857142856,-0.007654999123473449,-1.3100000000000023,-0.02439959670906655,9250
5,-0.4999999999999978,1.0000000000000036,60,4,-5.57000000000005,-0.032082331082860405,0.75,-0.007809916954478413,4.75,-0.0014112666117841455,-0.2400000000000091,-0.03067106447107626,9251
5,-0.4999999999999978,1.1000000000000032,60,4,-5.57000000000005,-0.032082331082860405,0.75,-0.007809916954478413,4.75,-0.0014112666117841455,-0.2400000000000091,-0.03067106447107626,9252
5,-1.5999999999999988,-0.2999999999999976,60,13,-5.430000000000007,-0.03212157288279982,0.46153846153846156,-0.0024476398779819794,1.4615384615384615,-0.0014112666117841455,-0.2400000000000091,-0.030710306271015675,9253
5,-1.5999999999999988,-0.1999999999999975,60,13,-5.430000000000007,-0.03212157288279982,0.46153846153846156,-0.0024476398779819794,1.4615384615384615,-0.0014112666117841455,-0.2400000000000091,-0.030710306271015675,9254
5,-1.4999999999999987,-0.2999999999999976,60,13,-5.430000000000007,-0.03212157288279982,0.46153846153846156,-0.0024476398779819794,1.4615384615384615,-0.0014112666117841455,-0.2400000000000091,-0.030710306271015675,9255
5,-1.4999999999999987,-0.1999999999999975,60,13,-5.430000000000007,-0.03212157288279982,0.46153846153846156,-0.0024476398779819794,1.4615384615384615,-0.0014112666117841455,-0.2400000000000091,-0.030710306271015675,9256
5,-1.3999999999999986,-0.2999999999999976,60,13,-5.430000000000007,-0.03212157288279982,0.46153846153846156,-0.0024476398779819794,1.4615384615384615,-0.0014112666117841455,-0.2400000000000091,-0.030710306271015675,9257
5,-1.3999999999999986,-0.1999999999999975,60,13,-5.430000000000007,-0.03212157288279982,0.46153846153846156,-0.0024476398779819794,1.4615384615384615,-0.0014112666117841455,-0.2400000000000091,-0.030710306271015675,9258
22,-1.4999999999999987,-1.4999999999999987,43,17,-5.470000000000027,-0.03217396134055939,0.47058823529411764,-0.0018505046456457014,2.0588235294117645,-0.04541877459246779,-8.080000000000013,0.013244813251908405,9259
22,-1.4999999999999987,-1.3999999999999986,43,17,-5.470000000000027,-0.03217396134055939,0.47058823529411764,-0.0018505046456457014,2.0588235294117645,-0.04541877459246779,-8.080000000000013,0.013244813251908405,9260
22,-1.3999999999999986,-1.4999999999999987,43,17,-5.470000000000027,-0.03217396134055939,0.47058823529411764,-0.0018505046456457014,2.0588235294117645,-0.04541877459246779,-8.080000000000013,0.013244813251908405,9261
22,-1.3999999999999986,-1.3999999999999986,43,17,-5.470000000000027,-0.03217396134055939,0.47058823529411764,-0.0018505046456457014,2.0588235294117645,-0.04541877459246779,-8.080000000000013,0.013244813251908405,9262
10,-0.3999999999999977,-0.699999999999998,55,7,-5.590000000000003,-0.03221913103668528,0.5714285714285714,-0.0044621654612380735,4.714285714285714,-0.007654999123473449,-1.3100000000000023,-0.02456413191321183,9263
10,-0.3999999999999977,-0.5999999999999979,55,7,-5.590000000000003,-0.03221913103668528,0.5714285714285714,-0.0044621654612380735,4.714285714285714,-0.007654999123473449,-1.3100000000000023,-0.02456413191321183,9264
10,-0.3999999999999977,-0.4999999999999978,55,7,-5.590000000000003,-0.03221913103668528,0.5714285714285714,-0.0044621654612380735,4.714285714285714,-0.007654999123473449,-1.3100000000000023,-0.02456413191321183,9265
10,-0.3999999999999977,-0.3999999999999977,55,7,-5.590000000000003,-0.03221913103668528,0.5714285714285714,-0.0044621654612380735,4.714285714285714,-0.007654999123473449,-1.3100000000000023,-0.02456413191321183,9266
10,-0.3999999999999977,-0.1999999999999975,55,5,-5.5800000000000125,-0.03222127278951725,0.6,-0.006249850305753246,6.0,-0.007654999123473449,-1.3100000000000023,-0.024566273666043803,9267
10,-0.3999999999999977,-0.09999999999999742,55,5,-5.5800000000000125,-0.03222127278951725,0.6,-0.006249850305753246,6.0,-0.007654999123473449,-1.3100000000000023,-0.024566273666043803,9268
10,-0.3999999999999977,2.6645352591003757e-15,55,5,-5.5800000000000125,-0.03222127278951725,0.6,-0.006249850305753246,6.0,-0.007654999123473449,-1.3100000000000023,-0.024566273666043803,9269
10,-0.3999999999999977,0.10000000000000275,55,5,-5.5800000000000125,-0.03222127278951725,0.6,-0.006249850305753246,6.0,-0.007654999123473449,-1.3100000000000023,-0.024566273666043803,9270
22,-1.899999999999999,0.20000000000000284,43,7,-5.539999999999992,-0.032250557774250566,0.42857142857142855,-0.00460932905572818,2.2857142857142856,-0.04541877459246779,-8.080000000000013,0.013168216818217227,9271
22,-1.799999999999999,0.20000000000000284,43,7,-5.539999999999992,-0.032250557774250566,0.42857142857142855,-0.00460932905572818,2.2857142857142856,-0.04541877459246779,-8.080000000000013,0.013168216818217227,9272
22,-1.6999999999999988,0.20000000000000284,43,7,-5.539999999999992,-0.032250557774250566,0.42857142857142855,-0.00460932905572818,2.2857142857142856,-0.04541877459246779,-8.080000000000013,0.013168216818217227,9273
5,-0.2999999999999976,1.2000000000000037,60,4,-5.6100000000000705,-0.03231677566984281,0.75,-0.007800098401797323,5.0,-0.0014112666117841455,-0.2400000000000091,-0.030905509058058667,9274
5,-0.2999999999999976,1.3000000000000043,60,4,-5.6100000000000705,-0.03231677566984281,0.75,-0.007800098401797323,5.0,-0.0014112666117841455,-0.2400000000000091,-0.030905509058058667,9275
22,-2.9,0.7000000000000033,43,6,-5.560000000000031,-0.03234293878276473,0.3333333333333333,-0.005417131920923708,1.6666666666666667,-0.04541877459246779,-8.080000000000013,0.013075835809703062,9276
22,-2.9,0.8000000000000034,43,6,-5.560000000000031,-0.03234293878276473,0.3333333333333333,-0.005417131920923708,1.6666666666666667,-0.04541877459246779,-8.080000000000013,0.013075835809703062,9277
22,-2.8,0.7000000000000033,43,6,-5.560000000000031,-0.03234293878276473,0.3333333333333333,-0.005417131920923708,1.6666666666666667,-0.04541877459246779,-8.080000000000013,0.013075835809703062,9278
22,-2.8,0.8000000000000034,43,6,-5.560000000000031,-0.03234293878276473,0.3333333333333333,-0.005417131920923708,1.6666666666666667,-0.04541877459246779,-8.080000000000013,0.013075835809703062,9279
22,-2.6999999999999997,0.7000000000000033,43,6,-5.560000000000031,-0.03234293878276473,0.3333333333333333,-0.005417131920923708,1.6666666666666667,-0.04541877459246779,-8.080000000000013,0.013075835809703062,9280
22,-2.6999999999999997,0.8000000000000034,43,6,-5.560000000000031,-0.03234293878276473,0.3333333333333333,-0.005417131920923708,1.6666666666666667,-0.04541877459246779,-8.080000000000013,0.013075835809703062,9281
22,-2.5999999999999996,0.7000000000000033,43,6,-5.560000000000031,-0.03234293878276473,0.3333333333333333,-0.005417131920923708,1.6666666666666667,-0.04541877459246779,-8.080000000000013,0.013075835809703062,9282
22,-2.5999999999999996,0.8000000000000034,43,6,-5.560000000000031,-0.03234293878276473,0.3333333333333333,-0.005417131920923708,1.6666666666666667,-0.04541877459246779,-8.080000000000013,0.013075835809703062,9283
22,-2.4999999999999996,0.7000000000000033,43,6,-5.560000000000031,-0.03234293878276473,0.3333333333333333,-0.005417131920923708,1.6666666666666667,-0.04541877459246779,-8.080000000000013,0.013075835809703062,9284
22,-2.4999999999999996,0.8000000000000034,43,6,-5.560000000000031,-0.03234293878276473,0.3333333333333333,-0.005417131920923708,1.6666666666666667,-0.04541877459246779,-8.080000000000013,0.013075835809703062,9285
22,-2.3999999999999995,0.7000000000000033,43,6,-5.560000000000031,-0.03234293878276473,0.3333333333333333,-0.005417131920923708,1.6666666666666667,-0.04541877459246779,-8.080000000000013,0.013075835809703062,9286
22,-2.3999999999999995,0.8000000000000034,43,6,-5.560000000000031,-0.03234293878276473,0.3333333333333333,-0.005417131920923708,1.6666666666666667,-0.04541877459246779,-8.080000000000013,0.013075835809703062,9287
22,-2.2999999999999994,0.7000000000000033,43,6,-5.560000000000031,-0.03234293878276473,0.3333333333333333,-0.005417131920923708,1.6666666666666667,-0.04541877459246779,-8.080000000000013,0.013075835809703062,9288
22,-2.2999999999999994,0.8000000000000034,43,6,-5.560000000000031,-0.03234293878276473,0.3333333333333333,-0.005417131920923708,1.6666666666666667,-0.04541877459246779,-8.080000000000013,0.013075835809703062,9289
22,-2.1999999999999993,0.7000000000000033,43,6,-5.560000000000031,-0.03234293878276473,0.3333333333333333,-0.005417131920923708,1.6666666666666667,-0.04541877459246779,-8.080000000000013,0.013075835809703062,9290
22,-2.1999999999999993,0.8000000000000034,43,6,-5.560000000000031,-0.03234293878276473,0.3333333333333333,-0.005417131920923708,1.6666666666666667,-0.04541877459246779,-8.080000000000013,0.013075835809703062,9291
22,-2.099999999999999,0.7000000000000033,43,6,-5.560000000000031,-0.03234293878276473,0.3333333333333333,-0.005417131920923708,1.6666666666666667,-0.04541877459246779,-8.080000000000013,0.013075835809703062,9292
22,-2.099999999999999,0.8000000000000034,43,6,-5.560000000000031,-0.03234293878276473,0.3333333333333333,-0.005417131920923708,1.6666666666666667,-0.04541877459246779,-8.080000000000013,0.013075835809703062,9293
22,-0.8999999999999981,-0.799999999999998,43,10,-5.670000000000044,-0.032346940837460814,0.6,-0.0031799074455523325,2.9,-0.04541877459246779,-8.080000000000013,0.013071833755006979,9294
22,-0.799999999999998,-0.799999999999998,43,10,-5.670000000000044,-0.032346940837460814,0.6,-0.0031799074455523325,2.9,-0.04541877459246779,-8.080000000000013,0.013071833755006979,9295
22,-0.699999999999998,-0.799999999999998,43,10,-5.670000000000044,-0.032346940837460814,0.6,-0.0031799074455523325,2.9,-0.04541877459246779,-8.080000000000013,0.013071833755006979,9296
5,-1.5999999999999988,0.6000000000000032,60,7,-5.510000000000048,-0.03234948397612425,0.42857142857142855,-0.004583108608256804,1.8571428571428572,-0.0014112666117841455,-0.2400000000000091,-0.030938217364340104,9297
5,-1.5999999999999988,0.7000000000000033,60,7,-5.510000000000048,-0.03234948397612425,0.42857142857142855,-0.004583108608256804,1.8571428571428572,-0.0014112666117841455,-0.2400000000000091,-0.030938217364340104,9298
5,-1.5999999999999988,0.8000000000000034,60,7,-5.510000000000048,-0.03234948397612425,0.42857142857142855,-0.004583108608256804,1.8571428571428572,-0.0014112666117841455,-0.2400000000000091,-0.030938217364340104,9299
5,-1.5999999999999988,0.9000000000000035,60,7,-5.510000000000048,-0.03234948397612425,0.42857142857142855,-0.004583108608256804,1.8571428571428572,-0.0014112666117841455,-0.2400000000000091,-0.030938217364340104,9300
5,-1.4999999999999987,0.6000000000000032,60,7,-5.510000000000048,-0.03234948397612425,0.42857142857142855,-0.004583108608256804,1.8571428571428572,-0.0014112666117841455,-0.2400000000000091,-0.030938217364340104,9301
5,-1.4999999999999987,0.7000000000000033,60,7,-5.510000000000048,-0.03234948397612425,0.42857142857142855,-0.004583108608256804,1.8571428571428572,-0.0014112666117841455,-0.2400000000000091,-0.030938217364340104,9302
5,-1.4999999999999987,0.8000000000000034,60,7,-5.510000000000048,-0.03234948397612425,0.42857142857142855,-0.004583108608256804,1.8571428571428572,-0.0014112666117841455,-0.2400000000000091,-0.030938217364340104,9303
5,-1.4999999999999987,0.9000000000000035,60,7,-5.510000000000048,-0.03234948397612425,0.42857142857142855,-0.004583108608256804,1.8571428571428572,-0.0014112666117841455,-0.2400000000000091,-0.030938217364340104,9304
22,-1.5999999999999988,2.6645352591003757e-15,43,8,-5.680000000000035,-0.032359978096782815,0.625,-0.003967249526622127,2.5,-0.04541877459246779,-8.080000000000013,0.013058796495684977,9305
5,1.0000000000000036,1.0000000000000036,60,3,-5.700000000000017,-0.03236675302053271,0.6666666666666666,-0.01050520824488336,11.666666666666666,-0.0014112666117841455,-0.2400000000000091,-0.030955486408748567,9306
5,1.0000000000000036,1.1000000000000032,60,3,-5.700000000000017,-0.03236675302053271,0.6666666666666666,-0.01050520824488336,11.666666666666666,-0.0014112666117841455,-0.2400000000000091,-0.030955486408748567,9307
5,1.1000000000000032,1.0000000000000036,60,3,-5.700000000000017,-0.03236675302053271,0.6666666666666666,-0.01050520824488336,11.666666666666666,-0.0014112666117841455,-0.2400000000000091,-0.030955486408748567,9308
5,1.1000000000000032,1.1000000000000032,60,3,-5.700000000000017,-0.03236675302053271,0.6666666666666666,-0.01050520824488336,11.666666666666666,-0.0014112666117841455,-0.2400000000000091,-0.030955486408748567,9309
5,-1.0999999999999983,0.400000000000003,60,7,-5.620000000000033,-0.03241302439674809,0.5714285714285714,-0.00451076714632072,3.142857142857143,-0.0014112666117841455,-0.2400000000000091,-0.031001757784963946,9310
5,-1.0999999999999983,0.5000000000000031,60,7,-5.620000000000033,-0.03241302439674809,0.5714285714285714,-0.00451076714632072,3.142857142857143,-0.0014112666117841455,-0.2400000000000091,-0.031001757784963946,9311
5,-0.9999999999999982,0.400000000000003,60,7,-5.620000000000033,-0.03241302439674809,0.5714285714285714,-0.00451076714632072,3.142857142857143,-0.0014112666117841455,-0.2400000000000091,-0.031001757784963946,9312
5,-0.9999999999999982,0.5000000000000031,60,7,-5.620000000000033,-0.03241302439674809,0.5714285714285714,-0.00451076714632072,3.142857142857143,-0.0014112666117841455,-0.2400000000000091,-0.031001757784963946,9313
5,-0.8999999999999981,0.400000000000003,60,7,-5.620000000000033,-0.03241302439674809,0.5714285714285714,-0.00451076714632072,3.142857142857143,-0.0014112666117841455,-0.2400000000000091,-0.031001757784963946,9314
5,-0.8999999999999981,0.5000000000000031,60,7,-5.620000000000033,-0.03241302439674809,0.5714285714285714,-0.00451076714632072,3.142857142857143,-0.0014112666117841455,-0.2400000000000091,-0.031001757784963946,9315
5,-0.799999999999998,0.400000000000003,60,7,-5.620000000000033,-0.03241302439674809,0.5714285714285714,-0.00451076714632072,3.142857142857143,-0.0014112666117841455,-0.2400000000000091,-0.031001757784963946,9316
5,-0.799999999999998,0.5000000000000031,60,7,-5.620000000000033,-0.03241302439674809,0.5714285714285714,-0.00451076714632072,3.142857142857143,-0.0014112666117841455,-0.2400000000000091,-0.031001757784963946,9317
5,-0.699999999999998,0.400000000000003,60,7,-5.620000000000033,-0.03241302439674809,0.5714285714285714,-0.00451076714632072,3.142857142857143,-0.0014112666117841455,-0.2400000000000091,-0.031001757784963946,9318
5,-0.699999999999998,0.5000000000000031,60,7,-5.620000000000033,-0.03241302439674809,0.5714285714285714,-0.00451076714632072,3.142857142857143,-0.0014112666117841455,-0.2400000000000091,-0.031001757784963946,9319
5,-0.5999999999999979,0.400000000000003,60,7,-5.620000000000033,-0.03241302439674809,0.5714285714285714,-0.00451076714632072,3.142857142857143,-0.0014112666117841455,-0.2400000000000091,-0.031001757784963946,9320
5,-0.5999999999999979,0.5000000000000031,60,7,-5.620000000000033,-0.03241302439674809,0.5714285714285714,-0.00451076714632072,3.142857142857143,-0.0014112666117841455,-0.2400000000000091,-0.031001757784963946,9321
10,0.30000000000000293,-0.1999999999999975,55,3,-5.650000000000006,-0.03250827406707324,0.6666666666666666,-0.010407284383487888,12.333333333333334,-0.007654999123473449,-1.3100000000000023,-0.02485327494359979,9322
10,0.30000000000000293,-0.09999999999999742,55,3,-5.650000000000006,-0.03250827406707324,0.6666666666666666,-0.010407284383487888,12.333333333333334,-0.007654999123473449,-1.3100000000000023,-0.02485327494359979,9323
10,0.30000000000000293,2.6645352591003757e-15,55,3,-5.650000000000006,-0.03250827406707324,0.6666666666666666,-0.010407284383487888,12.333333333333334,-0.007654999123473449,-1.3100000000000023,-0.02485327494359979,9324
10,0.30000000000000293,0.10000000000000275,55,3,-5.650000000000006,-0.03250827406707324,0.6666666666666666,-0.010407284383487888,12.333333333333334,-0.007654999123473449,-1.3100000000000023,-0.02485327494359979,9325
10,-1.899999999999999,-0.699999999999998,55,14,-5.570000000000022,-0.03253015435479001,0.5,-0.0022845982991647356,1.6428571428571428,-0.007654999123473449,-1.3100000000000023,-0.02487515523131656,9326
10,-1.899999999999999,-0.5999999999999979,55,14,-5.570000000000022,-0.03253015435479001,0.5,-0.0022845982991647356,1.6428571428571428,-0.007654999123473449,-1.3100000000000023,-0.02487515523131656,9327
10,-1.899999999999999,-0.4999999999999978,55,14,-5.570000000000022,-0.03253015435479001,0.5,-0.0022845982991647356,1.6428571428571428,-0.007654999123473449,-1.3100000000000023,-0.02487515523131656,9328
10,-1.899999999999999,-0.3999999999999977,55,14,-5.570000000000022,-0.03253015435479001,0.5,-0.0022845982991647356,1.6428571428571428,-0.007654999123473449,-1.3100000000000023,-0.02487515523131656,9329
22,-0.5999999999999979,-3.0,43,14,-5.600000000000023,-0.032545861841077106,0.42857142857142855,-0.0022771566157491524,3.0,-0.04541877459246779,-8.080000000000013,0.012872912751390686,9330
22,-0.5999999999999979,-2.9,43,14,-5.600000000000023,-0.032545861841077106,0.42857142857142855,-0.0022771566157491524,3.0,-0.04541877459246779,-8.080000000000013,0.012872912751390686,9331
22,-0.5999999999999979,-2.8,43,14,-5.600000000000023,-0.032545861841077106,0.42857142857142855,-0.0022771566157491524,3.0,-0.04541877459246779,-8.080000000000013,0.012872912751390686,9332
22,-0.5999999999999979,-2.6999999999999997,43,14,-5.600000000000023,-0.032545861841077106,0.42857142857142855,-0.0022771566157491524,3.0,-0.04541877459246779,-8.080000000000013,0.012872912751390686,9333
22,-0.5999999999999979,-2.5999999999999996,43,14,-5.600000000000023,-0.032545861841077106,0.42857142857142855,-0.0022771566157491524,3.0,-0.04541877459246779,-8.080000000000013,0.012872912751390686,9334
22,-0.5999999999999979,-2.4999999999999996,43,14,-5.600000000000023,-0.032545861841077106,0.42857142857142855,-0.0022771566157491524,3.0,-0.04541877459246779,-8.080000000000013,0.012872912751390686,9335
22,-0.5999999999999979,-2.3999999999999995,43,14,-5.600000000000023,-0.032545861841077106,0.42857142857142855,-0.0022771566157491524,3.0,-0.04541877459246779,-8.080000000000013,0.012872912751390686,9336
22,-0.5999999999999979,-2.2999999999999994,43,14,-5.600000000000023,-0.032545861841077106,0.42857142857142855,-0.0022771566157491524,3.0,-0.04541877459246779,-8.080000000000013,0.012872912751390686,9337
22,-0.5999999999999979,-2.1999999999999993,43,14,-5.600000000000023,-0.032545861841077106,0.42857142857142855,-0.0022771566157491524,3.0,-0.04541877459246779,-8.080000000000013,0.012872912751390686,9338
22,-0.5999999999999979,-2.099999999999999,43,14,-5.600000000000023,-0.032545861841077106,0.42857142857142855,-0.0022771566157491524,3.0,-0.04541877459246779,-8.080000000000013,0.012872912751390686,9339
22,-0.5999999999999979,-1.9999999999999991,43,14,-5.600000000000023,-0.032545861841077106,0.42857142857142855,-0.0022771566157491524,3.0,-0.04541877459246779,-8.080000000000013,0.012872912751390686,9340
22,-0.5999999999999979,-1.899999999999999,43,14,-5.600000000000023,-0.032545861841077106,0.42857142857142855,-0.0022771566157491524,3.0,-0.04541877459246779,-8.080000000000013,0.012872912751390686,9341
22,-0.5999999999999979,-1.799999999999999,43,14,-5.600000000000023,-0.032545861841077106,0.42857142857142855,-0.0022771566157491524,3.0,-0.04541877459246779,-8.080000000000013,0.012872912751390686,9342
22,-0.5999999999999979,-1.6999999999999988,43,14,-5.600000000000023,-0.032545861841077106,0.42857142857142855,-0.0022771566157491524,3.0,-0.04541877459246779,-8.080000000000013,0.012872912751390686,9343
22,-0.5999999999999979,-1.5999999999999988,43,14,-5.600000000000023,-0.032545861841077106,0.42857142857142855,-0.0022771566157491524,3.0,-0.04541877459246779,-8.080000000000013,0.012872912751390686,9344
22,-0.4999999999999978,-3.0,43,14,-5.600000000000023,-0.032545861841077106,0.42857142857142855,-0.0022771566157491524,3.0,-0.04541877459246779,-8.080000000000013,0.012872912751390686,9345
22,-0.4999999999999978,-2.9,43,14,-5.600000000000023,-0.032545861841077106,0.42857142857142855,-0.0022771566157491524,3.0,-0.04541877459246779,-8.080000000000013,0.012872912751390686,9346
22,-0.4999999999999978,-2.8,43,14,-5.600000000000023,-0.032545861841077106,0.42857142857142855,-0.0022771566157491524,3.0,-0.04541877459246779,-8.080000000000013,0.012872912751390686,9347
22,-0.4999999999999978,-2.6999999999999997,43,14,-5.600000000000023,-0.032545861841077106,0.42857142857142855,-0.0022771566157491524,3.0,-0.04541877459246779,-8.080000000000013,0.012872912751390686,9348
22,-0.4999999999999978,-2.5999999999999996,43,14,-5.600000000000023,-0.032545861841077106,0.42857142857142855,-0.0022771566157491524,3.0,-0.04541877459246779,-8.080000000000013,0.012872912751390686,9349
22,-0.4999999999999978,-2.4999999999999996,43,14,-5.600000000000023,-0.032545861841077106,0.42857142857142855,-0.0022771566157491524,3.0,-0.04541877459246779,-8.080000000000013,0.012872912751390686,9350
22,-0.4999999999999978,-2.3999999999999995,43,14,-5.600000000000023,-0.032545861841077106,0.42857142857142855,-0.0022771566157491524,3.0,-0.04541877459246779,-8.080000000000013,0.012872912751390686,9351
22,-0.4999999999999978,-2.2999999999999994,43,14,-5.600000000000023,-0.032545861841077106,0.42857142857142855,-0.0022771566157491524,3.0,-0.04541877459246779,-8.080000000000013,0.012872912751390686,9352
22,-0.4999999999999978,-2.1999999999999993,43,14,-5.600000000000023,-0.032545861841077106,0.42857142857142855,-0.0022771566157491524,3.0,-0.04541877459246779,-8.080000000000013,0.012872912751390686,9353
22,-0.4999999999999978,-2.099999999999999,43,14,-5.600000000000023,-0.032545861841077106,0.42857142857142855,-0.0022771566157491524,3.0,-0.04541877459246779,-8.080000000000013,0.012872912751390686,9354
22,-0.4999999999999978,-1.9999999999999991,43,14,-5.600000000000023,-0.032545861841077106,0.42857142857142855,-0.0022771566157491524,3.0,-0.04541877459246779,-8.080000000000013,0.012872912751390686,9355
22,-0.4999999999999978,-1.899999999999999,43,14,-5.600000000000023,-0.032545861841077106,0.42857142857142855,-0.0022771566157491524,3.0,-0.04541877459246779,-8.080000000000013,0.012872912751390686,9356
22,-0.4999999999999978,-1.799999999999999,43,14,-5.600000000000023,-0.032545861841077106,0.42857142857142855,-0.0022771566157491524,3.0,-0.04541877459246779,-8.080000000000013,0.012872912751390686,9357
22,-0.4999999999999978,-1.6999999999999988,43,14,-5.600000000000023,-0.032545861841077106,0.42857142857142855,-0.0022771566157491524,3.0,-0.04541877459246779,-8.080000000000013,0.012872912751390686,9358
22,-0.4999999999999978,-1.5999999999999988,43,14,-5.600000000000023,-0.032545861841077106,0.42857142857142855,-0.0022771566157491524,3.0,-0.04541877459246779,-8.080000000000013,0.012872912751390686,9359
10,0.30000000000000293,-0.699999999999998,55,3,-5.670000000000016,-0.03262249303005449,0.6666666666666666,-0.010447050170413807,13.666666666666666,-0.007654999123473449,-1.3100000000000023,-0.02496749390658104,9360
10,0.30000000000000293,-0.5999999999999979,55,3,-5.670000000000016,-0.03262249303005449,0.6666666666666666,-0.010447050170413807,13.666666666666666,-0.007654999123473449,-1.3100000000000023,-0.02496749390658104,9361
10,0.30000000000000293,-0.4999999999999978,55,3,-5.670000000000016,-0.03262249303005449,0.6666666666666666,-0.010447050170413807,13.666666666666666,-0.007654999123473449,-1.3100000000000023,-0.02496749390658104,9362
10,0.30000000000000293,-0.3999999999999977,55,3,-5.670000000000016,-0.03262249303005449,0.6666666666666666,-0.010447050170413807,13.666666666666666,-0.007654999123473449,-1.3100000000000023,-0.02496749390658104,9363
10,0.30000000000000293,-0.2999999999999976,55,3,-5.670000000000016,-0.03262249303005449,0.6666666666666666,-0.010447050170413807,13.666666666666666,-0.007654999123473449,-1.3100000000000023,-0.02496749390658104,9364
5,-0.1999999999999975,1.5000000000000036,60,3,-5.630000000000052,-0.032628110381203945,0.6666666666666666,-0.010493434262460558,6.0,-0.0014112666117841455,-0.2400000000000091,-0.0312168437694198,9365
5,-0.1999999999999975,1.600000000000004,60,3,-5.630000000000052,-0.032628110381203945,0.6666666666666666,-0.010493434262460558,6.0,-0.0014112666117841455,-0.2400000000000091,-0.0312168437694198,9366
5,-0.1999999999999975,1.7000000000000046,60,3,-5.630000000000052,-0.032628110381203945,0.6666666666666666,-0.010493434262460558,6.0,-0.0014112666117841455,-0.2400000000000091,-0.0312168437694198,9367
5,-0.1999999999999975,1.8000000000000043,60,3,-5.630000000000052,-0.032628110381203945,0.6666666666666666,-0.010493434262460558,6.0,-0.0014112666117841455,-0.2400000000000091,-0.0312168437694198,9368
5,-0.09999999999999742,1.5000000000000036,60,3,-5.630000000000052,-0.032628110381203945,0.6666666666666666,-0.010493434262460558,6.0,-0.0014112666117841455,-0.2400000000000091,-0.0312168437694198,9369
5,-0.09999999999999742,1.600000000000004,60,3,-5.630000000000052,-0.032628110381203945,0.6666666666666666,-0.010493434262460558,6.0,-0.0014112666117841455,-0.2400000000000091,-0.0312168437694198,9370
5,-0.09999999999999742,1.7000000000000046,60,3,-5.630000000000052,-0.032628110381203945,0.6666666666666666,-0.010493434262460558,6.0,-0.0014112666117841455,-0.2400000000000091,-0.0312168437694198,9371
5,-0.09999999999999742,1.8000000000000043,60,3,-5.630000000000052,-0.032628110381203945,0.6666666666666666,-0.010493434262460558,6.0,-0.0014112666117841455,-0.2400000000000091,-0.0312168437694198,9372
5,2.6645352591003757e-15,1.5000000000000036,60,3,-5.630000000000052,-0.032628110381203945,0.6666666666666666,-0.010493434262460558,6.0,-0.0014112666117841455,-0.2400000000000091,-0.0312168437694198,9373
5,2.6645352591003757e-15,1.600000000000004,60,3,-5.630000000000052,-0.032628110381203945,0.6666666666666666,-0.010493434262460558,6.0,-0.0014112666117841455,-0.2400000000000091,-0.0312168437694198,9374
5,2.6645352591003757e-15,1.7000000000000046,60,3,-5.630000000000052,-0.032628110381203945,0.6666666666666666,-0.010493434262460558,6.0,-0.0014112666117841455,-0.2400000000000091,-0.0312168437694198,9375
5,2.6645352591003757e-15,1.8000000000000043,60,3,-5.630000000000052,-0.032628110381203945,0.6666666666666666,-0.010493434262460558,6.0,-0.0014112666117841455,-0.2400000000000091,-0.0312168437694198,9376
5,0.10000000000000275,1.5000000000000036,60,3,-5.630000000000052,-0.032628110381203945,0.6666666666666666,-0.010493434262460558,6.0,-0.0014112666117841455,-0.2400000000000091,-0.0312168437694198,9377
5,0.10000000000000275,1.600000000000004,60,3,-5.630000000000052,-0.032628110381203945,0.6666666666666666,-0.010493434262460558,6.0,-0.0014112666117841455,-0.2400000000000091,-0.0312168437694198,9378
5,0.10000000000000275,1.7000000000000046,60,3,-5.630000000000052,-0.032628110381203945,0.6666666666666666,-0.010493434262460558,6.0,-0.0014112666117841455,-0.2400000000000091,-0.0312168437694198,9379
5,0.10000000000000275,1.8000000000000043,60,3,-5.630000000000052,-0.032628110381203945,0.6666666666666666,-0.010493434262460558,6.0,-0.0014112666117841455,-0.2400000000000091,-0.0312168437694198,9380
5,-0.8999999999999981,-1.6999999999999988,60,23,-5.7000000000000455,-0.032651714167223234,0.5652173913043478,-0.0013714392519004676,2.0434782608695654,-0.0014112666117841455,-0.2400000000000091,-0.031240447555439088,9381
5,-0.799999999999998,-1.6999999999999988,60,23,-5.7000000000000455,-0.032651714167223234,0.5652173913043478,-0.0013714392519004676,2.0434782608695654,-0.0014112666117841455,-0.2400000000000091,-0.031240447555439088,9382
5,-0.699999999999998,-1.6999999999999988,60,23,-5.7000000000000455,-0.032651714167223234,0.5652173913043478,-0.0013714392519004676,2.0434782608695654,-0.0014112666117841455,-0.2400000000000091,-0.031240447555439088,9383
5,-0.5999999999999979,-1.6999999999999988,60,23,-5.7000000000000455,-0.032651714167223234,0.5652173913043478,-0.0013714392519004676,2.0434782608695654,-0.0014112666117841455,-0.2400000000000091,-0.031240447555439088,9384
22,-0.3999999999999977,-0.2999999999999976,43,5,-5.750000000000028,-0.03270752545215916,0.6,-0.006484447693535333,6.4,-0.04541877459246779,-8.080000000000013,0.012711249140308634,9385
22,-0.2999999999999976,-0.2999999999999976,43,5,-5.750000000000028,-0.03270752545215916,0.6,-0.006484447693535333,6.4,-0.04541877459246779,-8.080000000000013,0.012711249140308634,9386
5,-1.5999999999999988,1.2000000000000037,60,5,-5.580000000000041,-0.03271004562629132,0.4,-0.006493958110433939,2.2,-0.0014112666117841455,-0.2400000000000091,-0.03129877901450717,9387
5,-1.5999999999999988,1.3000000000000043,60,5,-5.580000000000041,-0.03271004562629132,0.4,-0.006493958110433939,2.2,-0.0014112666117841455,-0.2400000000000091,-0.03129877901450717,9388
5,-1.4999999999999987,1.2000000000000037,60,5,-5.580000000000041,-0.03271004562629132,0.4,-0.006493958110433939,2.2,-0.0014112666117841455,-0.2400000000000091,-0.03129877901450717,9389
5,-1.4999999999999987,1.3000000000000043,60,5,-5.580000000000041,-0.03271004562629132,0.4,-0.006493958110433939,2.2,-0.0014112666117841455,-0.2400000000000091,-0.03129877901450717,9390
5,2.6645352591003757e-15,-1.6999999999999988,60,17,-5.639999999999958,-0.0327650928773936,0.6470588235294118,-0.0018127480746553159,3.588235294117647,-0.0014112666117841455,-0.2400000000000091,-0.03135382626560945,9391
5,-0.3999999999999977,1.0000000000000036,60,4,-5.7000000000000455,-0.03282365530374287,0.75,-0.007941179100058787,5.25,-0.0014112666117841455,-0.2400000000000091,-0.031412388691958726,9392
5,-0.3999999999999977,1.1000000000000032,60,4,-5.7000000000000455,-0.03282365530374287,0.75,-0.007941179100058787,5.25,-0.0014112666117841455,-0.2400000000000091,-0.031412388691958726,9393
5,2.6645352591003757e-15,-1.2999999999999985,60,15,-5.620000000000061,-0.03285612235083768,0.7333333333333333,-0.002058017487017549,3.2666666666666666,-0.0014112666117841455,-0.2400000000000091,-0.031444855739053534,9394
22,0.10000000000000275,-0.2999999999999976,43,2,-5.7900000000000205,-0.032930133553099816,0.5,-0.016384729831017963,18.5,-0.04541877459246779,-8.080000000000013,0.012488641039367976,9395
22,0.20000000000000284,-0.2999999999999976,43,2,-5.7900000000000205,-0.032930133553099816,0.5,-0.016384729831017963,18.5,-0.04541877459246779,-8.080000000000013,0.012488641039367976,9396
22,0.30000000000000293,-0.2999999999999976,43,2,-5.7900000000000205,-0.032930133553099816,0.5,-0.016384729831017963,18.5,-0.04541877459246779,-8.080000000000013,0.012488641039367976,9397
10,-0.699999999999998,1.0000000000000036,55,4,-5.730000000000047,-0.033023506781556855,0.75,-0.008024475268393977,5.25,-0.007654999123473449,-1.3100000000000023,-0.025368507658083406,9398
10,-0.5999999999999979,1.0000000000000036,55,4,-5.730000000000047,-0.033023506781556855,0.75,-0.008024475268393977,5.25,-0.007654999123473449,-1.3100000000000023,-0.025368507658083406,9399
5,-1.0999999999999983,0.10000000000000275,60,8,-5.730000000000047,-0.03305323232045565,0.5,-0.0040296280199479395,2.875,-0.0014112666117841455,-0.2400000000000091,-0.031641965708671504,9400
5,-1.0999999999999983,0.20000000000000284,60,8,-5.730000000000047,-0.03305323232045565,0.5,-0.0040296280199479395,2.875,-0.0014112666117841455,-0.2400000000000091,-0.031641965708671504,9401
5,-1.0999999999999983,0.30000000000000293,60,8,-5.730000000000047,-0.03305323232045565,0.5,-0.0040296280199479395,2.875,-0.0014112666117841455,-0.2400000000000091,-0.031641965708671504,9402
5,-0.9999999999999982,0.10000000000000275,60,8,-5.730000000000047,-0.03305323232045565,0.5,-0.0040296280199479395,2.875,-0.0014112666117841455,-0.2400000000000091,-0.031641965708671504,9403
5,-0.9999999999999982,0.20000000000000284,60,8,-5.730000000000047,-0.03305323232045565,0.5,-0.0040296280199479395,2.875,-0.0014112666117841455,-0.2400000000000091,-0.031641965708671504,9404
5,-0.9999999999999982,0.30000000000000293,60,8,-5.730000000000047,-0.03305323232045565,0.5,-0.0040296280199479395,2.875,-0.0014112666117841455,-0.2400000000000091,-0.031641965708671504,9405
5,-0.8999999999999981,0.10000000000000275,60,8,-5.730000000000047,-0.03305323232045565,0.5,-0.0040296280199479395,2.875,-0.0014112666117841455,-0.2400000000000091,-0.031641965708671504,9406
5,-0.8999999999999981,0.20000000000000284,60,8,-5.730000000000047,-0.03305323232045565,0.5,-0.0040296280199479395,2.875,-0.0014112666117841455,-0.2400000000000091,-0.031641965708671504,9407
5,-0.8999999999999981,0.30000000000000293,60,8,-5.730000000000047,-0.03305323232045565,0.5,-0.0040296280199479395,2.875,-0.0014112666117841455,-0.2400000000000091,-0.031641965708671504,9408
5,-0.799999999999998,0.10000000000000275,60,8,-5.730000000000047,-0.03305323232045565,0.5,-0.0040296280199479395,2.875,-0.0014112666117841455,-0.2400000000000091,-0.031641965708671504,9409
5,-0.799999999999998,0.20000000000000284,60,8,-5.730000000000047,-0.03305323232045565,0.5,-0.0040296280199479395,2.875,-0.0014112666117841455,-0.2400000000000091,-0.031641965708671504,9410
5,-0.799999999999998,0.30000000000000293,60,8,-5.730000000000047,-0.03305323232045565,0.5,-0.0040296280199479395,2.875,-0.0014112666117841455,-0.2400000000000091,-0.031641965708671504,9411
5,-0.699999999999998,0.10000000000000275,60,8,-5.730000000000047,-0.03305323232045565,0.5,-0.0040296280199479395,2.875,-0.0014112666117841455,-0.2400000000000091,-0.031641965708671504,9412
5,-0.699999999999998,0.20000000000000284,60,8,-5.730000000000047,-0.03305323232045565,0.5,-0.0040296280199479395,2.875,-0.0014112666117841455,-0.2400000000000091,-0.031641965708671504,9413
5,-0.699999999999998,0.30000000000000293,60,8,-5.730000000000047,-0.03305323232045565,0.5,-0.0040296280199479395,2.875,-0.0014112666117841455,-0.2400000000000091,-0.031641965708671504,9414
5,-0.5999999999999979,0.10000000000000275,60,8,-5.730000000000047,-0.03305323232045565,0.5,-0.0040296280199479395,2.875,-0.0014112666117841455,-0.2400000000000091,-0.031641965708671504,9415
5,-0.5999999999999979,0.20000000000000284,60,8,-5.730000000000047,-0.03305323232045565,0.5,-0.0040296280199479395,2.875,-0.0014112666117841455,-0.2400000000000091,-0.031641965708671504,9416
5,-0.5999999999999979,0.30000000000000293,60,8,-5.730000000000047,-0.03305323232045565,0.5,-0.0040296280199479395,2.875,-0.0014112666117841455,-0.2400000000000091,-0.031641965708671504,9417
10,-0.09999999999999742,0.400000000000003,55,4,-5.650000000000006,-0.03310728265106211,0.75,-0.008003914481529817,8.0,-0.007654999123473449,-1.3100000000000023,-0.02545228352758866,9418
10,-0.09999999999999742,0.5000000000000031,55,4,-5.650000000000006,-0.03310728265106211,0.75,-0.008003914481529817,8.0,-0.007654999123473449,-1.3100000000000023,-0.02545228352758866,9419
10,2.6645352591003757e-15,0.400000000000003,55,4,-5.650000000000006,-0.03310728265106211,0.75,-0.008003914481529817,8.0,-0.007654999123473449,-1.3100000000000023,-0.02545228352758866,9420
10,2.6645352591003757e-15,0.5000000000000031,55,4,-5.650000000000006,-0.03310728265106211,0.75,-0.008003914481529817,8.0,-0.007654999123473449,-1.3100000000000023,-0.02545228352758866,9421
10,0.10000000000000275,0.400000000000003,55,4,-5.650000000000006,-0.03310728265106211,0.75,-0.008003914481529817,8.0,-0.007654999123473449,-1.3100000000000023,-0.02545228352758866,9422
10,0.10000000000000275,0.5000000000000031,55,4,-5.650000000000006,-0.03310728265106211,0.75,-0.008003914481529817,8.0,-0.007654999123473449,-1.3100000000000023,-0.02545228352758866,9423
22,-1.2999999999999985,-0.9999999999999982,43,14,-5.810000000000031,-0.03327998655228637,0.5714285714285714,-0.002320130095523049,1.9285714285714286,-0.04541877459246779,-8.080000000000013,0.012138788040181425,9424
22,-1.2999999999999985,-0.8999999999999981,43,14,-5.810000000000031,-0.03327998655228637,0.5714285714285714,-0.002320130095523049,1.9285714285714286,-0.04541877459246779,-8.080000000000013,0.012138788040181425,9425
22,-1.9999999999999991,0.10000000000000275,43,8,-5.850000000000023,-0.03332889674164896,0.5,-0.004099803657085885,2.25,-0.04541877459246779,-8.080000000000013,0.012089877850818831,9426
22,-0.09999999999999742,-0.2999999999999976,43,4,-5.860000000000014,-0.03333801948036641,0.5,-0.008295530948513596,8.25,-0.04541877459246779,-8.080000000000013,0.012080755112101382,9427
5,1.2000000000000037,0.6000000000000032,60,3,-5.820000000000022,-0.033443875646416155,0.3333333333333333,-0.010953177175288578,13.0,-0.0014112666117841455,-0.2400000000000091,-0.03203260903463201,9428
5,1.2000000000000037,0.7000000000000033,60,3,-5.820000000000022,-0.033443875646416155,0.3333333333333333,-0.010953177175288578,13.0,-0.0014112666117841455,-0.2400000000000091,-0.03203260903463201,9429
5,1.2000000000000037,0.8000000000000034,60,3,-5.820000000000022,-0.033443875646416155,0.3333333333333333,-0.010953177175288578,13.0,-0.0014112666117841455,-0.2400000000000091,-0.03203260903463201,9430
5,1.2000000000000037,0.9000000000000035,60,3,-5.820000000000022,-0.033443875646416155,0.3333333333333333,-0.010953177175288578,13.0,-0.0014112666117841455,-0.2400000000000091,-0.03203260903463201,9431
5,-0.2999999999999976,1.0000000000000036,60,4,-5.810000000000059,-0.03346359153181255,0.75,-0.008097660265416723,5.5,-0.0014112666117841455,-0.2400000000000091,-0.03205232492002841,9432
5,-0.2999999999999976,1.1000000000000032,60,4,-5.810000000000059,-0.03346359153181255,0.75,-0.008097660265416723,5.5,-0.0014112666117841455,-0.2400000000000091,-0.03205232492002841,9433
22,0.10000000000000275,-0.799999999999998,43,5,-5.910000000000025,-0.033467954291916846,0.6,-0.006556603810158723,8.2,-0.04541877459246779,-8.080000000000013,0.011950820300550946,9434
22,0.20000000000000284,-0.799999999999998,43,5,-5.910000000000025,-0.033467954291916846,0.6,-0.006556603810158723,8.2,-0.04541877459246779,-8.080000000000013,0.011950820300550946,9435
22,0.30000000000000293,-0.799999999999998,43,5,-5.910000000000025,-0.033467954291916846,0.6,-0.006556603810158723,8.2,-0.04541877459246779,-8.080000000000013,0.011950820300550946,9436
22,-3.0,0.5000000000000031,43,7,-5.759999999999991,-0.03348206964515854,0.2857142857142857,-0.004762537042662861,1.4285714285714286,-0.04541877459246779,-8.080000000000013,0.011936704947309251,9437
22,-3.0,0.6000000000000032,43,7,-5.759999999999991,-0.03348206964515854,0.2857142857142857,-0.004762537042662861,1.4285714285714286,-0.04541877459246779,-8.080000000000013,0.011936704947309251,9438
22,-3.0,0.7000000000000033,43,7,-5.759999999999991,-0.03348206964515854,0.2857142857142857,-0.004762537042662861,1.4285714285714286,-0.04541877459246779,-8.080000000000013,0.011936704947309251,9439
22,-3.0,0.8000000000000034,43,7,-5.759999999999991,-0.03348206964515854,0.2857142857142857,-0.004762537042662861,1.4285714285714286,-0.04541877459246779,-8.080000000000013,0.011936704947309251,9440
5,-1.1999999999999984,1.400000000000004,60,4,-5.82000000000005,-0.033505997102764806,0.75,-0.008178785394089061,3.25,-0.0014112666117841455,-0.2400000000000091,-0.03209473049098066,9441
5,-1.0999999999999983,1.400000000000004,60,4,-5.82000000000005,-0.033505997102764806,0.75,-0.008178785394089061,3.25,-0.0014112666117841455,-0.2400000000000091,-0.03209473049098066,9442
5,-0.9999999999999982,1.400000000000004,60,4,-5.82000000000005,-0.033505997102764806,0.75,-0.008178785394089061,3.25,-0.0014112666117841455,-0.2400000000000091,-0.03209473049098066,9443
5,-0.8999999999999981,1.400000000000004,60,4,-5.82000000000005,-0.033505997102764806,0.75,-0.008178785394089061,3.25,-0.0014112666117841455,-0.2400000000000091,-0.03209473049098066,9444
5,-0.799999999999998,1.400000000000004,60,4,-5.82000000000005,-0.033505997102764806,0.75,-0.008178785394089061,3.25,-0.0014112666117841455,-0.2400000000000091,-0.03209473049098066,9445
5,-0.699999999999998,1.400000000000004,60,4,-5.82000000000005,-0.033505997102764806,0.75,-0.008178785394089061,3.25,-0.0014112666117841455,-0.2400000000000091,-0.03209473049098066,9446
5,-0.5999999999999979,1.400000000000004,60,4,-5.82000000000005,-0.033505997102764806,0.75,-0.008178785394089061,3.25,-0.0014112666117841455,-0.2400000000000091,-0.03209473049098066,9447
22,-1.0999999999999983,-0.799999999999998,43,11,-5.850000000000023,-0.03350677039685057,0.45454545454545453,-0.002967568293344355,3.090909090909091,-0.04541877459246779,-8.080000000000013,0.01191200419561722,9448
22,-0.9999999999999982,-0.799999999999998,43,11,-5.850000000000023,-0.03350677039685057,0.45454545454545453,-0.002967568293344355,3.090909090909091,-0.04541877459246779,-8.080000000000013,0.01191200419561722,9449
5,-0.1999999999999975,-1.3999999999999986,60,16,-5.770000000000067,-0.03352364382704143,0.5625,-0.001969212300417883,3.1875,-0.0014112666117841455,-0.2400000000000091,-0.03211237721525728,9450
5,-0.09999999999999742,-1.3999999999999986,60,16,-5.770000000000067,-0.03352364382704143,0.5625,-0.001969212300417883,3.1875,-0.0014112666117841455,-0.2400000000000091,-0.03211237721525728,9451
5,-1.0999999999999983,0.6000000000000032,60,6,-5.82000000000005,-0.03355397950034256,0.5,-0.005459322979563734,3.1666666666666665,-0.0014112666117841455,-0.2400000000000091,-0.03214271288855841,9452
5,-1.0999999999999983,0.7000000000000033,60,6,-5.82000000000005,-0.03355397950034256,0.5,-0.005459322979563734,3.1666666666666665,-0.0014112666117841455,-0.2400000000000091,-0.03214271288855841,9453
5,-1.0999999999999983,0.8000000000000034,60,6,-5.82000000000005,-0.03355397950034256,0.5,-0.005459322979563734,3.1666666666666665,-0.0014112666117841455,-0.2400000000000091,-0.03214271288855841,9454
5,-1.0999999999999983,0.9000000000000035,60,6,-5.82000000000005,-0.03355397950034256,0.5,-0.005459322979563734,3.1666666666666665,-0.0014112666117841455,-0.2400000000000091,-0.03214271288855841,9455
5,-0.9999999999999982,0.6000000000000032,60,6,-5.82000000000005,-0.03355397950034256,0.5,-0.005459322979563734,3.1666666666666665,-0.0014112666117841455,-0.2400000000000091,-0.03214271288855841,9456
5,-0.9999999999999982,0.7000000000000033,60,6,-5.82000000000005,-0.03355397950034256,0.5,-0.005459322979563734,3.1666666666666665,-0.0014112666117841455,-0.2400000000000091,-0.03214271288855841,9457
5,-0.9999999999999982,0.8000000000000034,60,6,-5.82000000000005,-0.03355397950034256,0.5,-0.005459322979563734,3.1666666666666665,-0.0014112666117841455,-0.2400000000000091,-0.03214271288855841,9458
5,-0.9999999999999982,0.9000000000000035,60,6,-5.82000000000005,-0.03355397950034256,0.5,-0.005459322979563734,3.1666666666666665,-0.0014112666117841455,-0.2400000000000091,-0.03214271288855841,9459
5,-0.8999999999999981,0.6000000000000032,60,6,-5.82000000000005,-0.03355397950034256,0.5,-0.005459322979563734,3.1666666666666665,-0.0014112666117841455,-0.2400000000000091,-0.03214271288855841,9460
5,-0.8999999999999981,0.7000000000000033,60,6,-5.82000000000005,-0.03355397950034256,0.5,-0.005459322979563734,3.1666666666666665,-0.0014112666117841455,-0.2400000000000091,-0.03214271288855841,9461
5,-0.8999999999999981,0.8000000000000034,60,6,-5.82000000000005,-0.03355397950034256,0.5,-0.005459322979563734,3.1666666666666665,-0.0014112666117841455,-0.2400000000000091,-0.03214271288855841,9462
5,-0.8999999999999981,0.9000000000000035,60,6,-5.82000000000005,-0.03355397950034256,0.5,-0.005459322979563734,3.1666666666666665,-0.0014112666117841455,-0.2400000000000091,-0.03214271288855841,9463
5,-0.799999999999998,0.6000000000000032,60,6,-5.82000000000005,-0.03355397950034256,0.5,-0.005459322979563734,3.1666666666666665,-0.0014112666117841455,-0.2400000000000091,-0.03214271288855841,9464
5,-0.799999999999998,0.7000000000000033,60,6,-5.82000000000005,-0.03355397950034256,0.5,-0.005459322979563734,3.1666666666666665,-0.0014112666117841455,-0.2400000000000091,-0.03214271288855841,9465
5,-0.799999999999998,0.8000000000000034,60,6,-5.82000000000005,-0.03355397950034256,0.5,-0.005459322979563734,3.1666666666666665,-0.0014112666117841455,-0.2400000000000091,-0.03214271288855841,9466
5,-0.799999999999998,0.9000000000000035,60,6,-5.82000000000005,-0.03355397950034256,0.5,-0.005459322979563734,3.1666666666666665,-0.0014112666117841455,-0.2400000000000091,-0.03214271288855841,9467
5,-0.699999999999998,0.6000000000000032,60,6,-5.82000000000005,-0.03355397950034256,0.5,-0.005459322979563734,3.1666666666666665,-0.0014112666117841455,-0.2400000000000091,-0.03214271288855841,9468
5,-0.699999999999998,0.7000000000000033,60,6,-5.82000000000005,-0.03355397950034256,0.5,-0.005459322979563734,3.1666666666666665,-0.0014112666117841455,-0.2400000000000091,-0.03214271288855841,9469
5,-0.699999999999998,0.8000000000000034,60,6,-5.82000000000005,-0.03355397950034256,0.5,-0.005459322979563734,3.1666666666666665,-0.0014112666117841455,-0.2400000000000091,-0.03214271288855841,9470
5,-0.699999999999998,0.9000000000000035,60,6,-5.82000000000005,-0.03355397950034256,0.5,-0.005459322979563734,3.1666666666666665,-0.0014112666117841455,-0.2400000000000091,-0.03214271288855841,9471
5,-0.5999999999999979,0.6000000000000032,60,6,-5.82000000000005,-0.03355397950034256,0.5,-0.005459322979563734,3.1666666666666665,-0.0014112666117841455,-0.2400000000000091,-0.03214271288855841,9472
5,-0.5999999999999979,0.7000000000000033,60,6,-5.82000000000005,-0.03355397950034256,0.5,-0.005459322979563734,3.1666666666666665,-0.0014112666117841455,-0.2400000000000091,-0.03214271288855841,9473
5,-0.5999999999999979,0.8000000000000034,60,6,-5.82000000000005,-0.03355397950034256,0.5,-0.005459322979563734,3.1666666666666665,-0.0014112666117841455,-0.2400000000000091,-0.03214271288855841,9474
5,-0.5999999999999979,0.9000000000000035,60,6,-5.82000000000005,-0.03355397950034256,0.5,-0.005459322979563734,3.1666666666666665,-0.0014112666117841455,-0.2400000000000091,-0.03214271288855841,9475
5,1.2000000000000037,0.10000000000000275,60,3,-5.840000000000032,-0.03355798415528266,0.3333333333333333,-0.01099250620530956,14.333333333333334,-0.0014112666117841455,-0.2400000000000091,-0.032146717543498515,9476
5,1.2000000000000037,0.20000000000000284,60,3,-5.840000000000032,-0.03355798415528266,0.3333333333333333,-0.01099250620530956,14.333333333333334,-0.0014112666117841455,-0.2400000000000091,-0.032146717543498515,9477
5,1.2000000000000037,0.30000000000000293,60,3,-5.840000000000032,-0.03355798415528266,0.3333333333333333,-0.01099250620530956,14.333333333333334,-0.0014112666117841455,-0.2400000000000091,-0.032146717543498515,9478
5,1.2000000000000037,0.400000000000003,60,3,-5.840000000000032,-0.03355798415528266,0.3333333333333333,-0.01099250620530956,14.333333333333334,-0.0014112666117841455,-0.2400000000000091,-0.032146717543498515,9479
5,1.2000000000000037,0.5000000000000031,60,3,-5.840000000000032,-0.03355798415528266,0.3333333333333333,-0.01099250620530956,14.333333333333334,-0.0014112666117841455,-0.2400000000000091,-0.032146717543498515,9480
5,-0.1999999999999975,-1.1999999999999984,60,13,-5.830000000000041,-0.033573883350395684,0.6153846153846154,-0.0024381964699504454,3.4615384615384617,-0.0014112666117841455,-0.2400000000000091,-0.03216261673861154,9481
5,-0.09999999999999742,-1.1999999999999984,60,13,-5.830000000000041,-0.033573883350395684,0.6153846153846154,-0.0024381964699504454,3.4615384615384617,-0.0014112666117841455,-0.2400000000000091,-0.03216261673861154,9482
22,-2.9,1.2000000000000037,43,4,-5.860000000000042,-0.03358448261642033,0.5,-0.008322147376606082,2.25,-0.04541877459246779,-8.080000000000013,0.011834291976047462,9483
22,-2.9,1.3000000000000043,43,4,-5.860000000000042,-0.03358448261642033,0.5,-0.008322147376606082,2.25,-0.04541877459246779,-8.080000000000013,0.011834291976047462,9484
22,-2.8,1.2000000000000037,43,4,-5.860000000000042,-0.03358448261642033,0.5,-0.008322147376606082,2.25,-0.04541877459246779,-8.080000000000013,0.011834291976047462,9485
22,-2.8,1.3000000000000043,43,4,-5.860000000000042,-0.03358448261642033,0.5,-0.008322147376606082,2.25,-0.04541877459246779,-8.080000000000013,0.011834291976047462,9486
22,-2.6999999999999997,1.2000000000000037,43,4,-5.860000000000042,-0.03358448261642033,0.5,-0.008322147376606082,2.25,-0.04541877459246779,-8.080000000000013,0.011834291976047462,9487
22,-2.6999999999999997,1.3000000000000043,43,4,-5.860000000000042,-0.03358448261642033,0.5,-0.008322147376606082,2.25,-0.04541877459246779,-8.080000000000013,0.011834291976047462,9488
22,-2.5999999999999996,1.2000000000000037,43,4,-5.860000000000042,-0.03358448261642033,0.5,-0.008322147376606082,2.25,-0.04541877459246779,-8.080000000000013,0.011834291976047462,9489
22,-2.5999999999999996,1.3000000000000043,43,4,-5.860000000000042,-0.03358448261642033,0.5,-0.008322147376606082,2.25,-0.04541877459246779,-8.080000000000013,0.011834291976047462,9490
22,-2.4999999999999996,1.2000000000000037,43,4,-5.860000000000042,-0.03358448261642033,0.5,-0.008322147376606082,2.25,-0.04541877459246779,-8.080000000000013,0.011834291976047462,9491
22,-2.4999999999999996,1.3000000000000043,43,4,-5.860000000000042,-0.03358448261642033,0.5,-0.008322147376606082,2.25,-0.04541877459246779,-8.080000000000013,0.011834291976047462,9492
22,-2.3999999999999995,1.2000000000000037,43,4,-5.860000000000042,-0.03358448261642033,0.5,-0.008322147376606082,2.25,-0.04541877459246779,-8.080000000000013,0.011834291976047462,9493
22,-2.3999999999999995,1.3000000000000043,43,4,-5.860000000000042,-0.03358448261642033,0.5,-0.008322147376606082,2.25,-0.04541877459246779,-8.080000000000013,0.011834291976047462,9494
22,-2.2999999999999994,1.2000000000000037,43,4,-5.860000000000042,-0.03358448261642033,0.5,-0.008322147376606082,2.25,-0.04541877459246779,-8.080000000000013,0.011834291976047462,9495
22,-2.2999999999999994,1.3000000000000043,43,4,-5.860000000000042,-0.03358448261642033,0.5,-0.008322147376606082,2.25,-0.04541877459246779,-8.080000000000013,0.011834291976047462,9496
22,-2.1999999999999993,1.2000000000000037,43,4,-5.860000000000042,-0.03358448261642033,0.5,-0.008322147376606082,2.25,-0.04541877459246779,-8.080000000000013,0.011834291976047462,9497
22,-2.1999999999999993,1.3000000000000043,43,4,-5.860000000000042,-0.03358448261642033,0.5,-0.008322147376606082,2.25,-0.04541877459246779,-8.080000000000013,0.011834291976047462,9498
22,-2.099999999999999,1.2000000000000037,43,4,-5.860000000000042,-0.03358448261642033,0.5,-0.008322147376606082,2.25,-0.04541877459246779,-8.080000000000013,0.011834291976047462,9499
22,-2.099999999999999,1.3000000000000043,43,4,-5.860000000000042,-0.03358448261642033,0.5,-0.008322147376606082,2.25,-0.04541877459246779,-8.080000000000013,0.011834291976047462,9500
10,-0.4999999999999978,-0.8999999999999981,55,8,-5.77000000000001,-0.03359861602805292,0.5,-0.004081894893503704,4.0,-0.007654999123473449,-1.3100000000000023,-0.02594361690457947,9501
10,-0.4999999999999978,-0.799999999999998,55,8,-5.77000000000001,-0.03359861602805292,0.5,-0.004081894893503704,4.0,-0.007654999123473449,-1.3100000000000023,-0.02594361690457947,9502
22,-0.3999999999999977,-0.1999999999999975,43,4,-5.920000000000016,-0.03366859331282257,0.75,-0.008357605660649442,7.25,-0.04541877459246779,-8.080000000000013,0.011750181279645222,9503
22,-0.3999999999999977,-0.09999999999999742,43,4,-5.920000000000016,-0.03366859331282257,0.75,-0.008357605660649442,7.25,-0.04541877459246779,-8.080000000000013,0.011750181279645222,9504
22,-0.2999999999999976,-0.1999999999999975,43,4,-5.920000000000016,-0.03366859331282257,0.75,-0.008357605660649442,7.25,-0.04541877459246779,-8.080000000000013,0.011750181279645222,9505
22,-0.2999999999999976,-0.09999999999999742,43,4,-5.920000000000016,-0.03366859331282257,0.75,-0.008357605660649442,7.25,-0.04541877459246779,-8.080000000000013,0.011750181279645222,9506
10,-2.2999999999999994,-0.699999999999998,55,15,-5.769999999999982,-0.03366906482605092,0.4666666666666667,-0.0021746621922366168,1.5333333333333334,-0.007654999123473449,-1.3100000000000023,-0.02601406570257747,9507
10,-2.2999999999999994,-0.5999999999999979,55,15,-5.769999999999982,-0.03366906482605092,0.4666666666666667,-0.0021746621922366168,1.5333333333333334,-0.007654999123473449,-1.3100000000000023,-0.02601406570257747,9508
10,-2.2999999999999994,-0.4999999999999978,55,15,-5.769999999999982,-0.03366906482605092,0.4666666666666667,-0.0021746621922366168,1.5333333333333334,-0.007654999123473449,-1.3100000000000023,-0.02601406570257747,9509
10,-2.2999999999999994,-0.3999999999999977,55,15,-5.769999999999982,-0.03366906482605092,0.4666666666666667,-0.0021746621922366168,1.5333333333333334,-0.007654999123473449,-1.3100000000000023,-0.02601406570257747,9510
10,-2.1999999999999993,-0.699999999999998,55,15,-5.769999999999982,-0.03366906482605092,0.4666666666666667,-0.0021746621922366168,1.5333333333333334,-0.007654999123473449,-1.3100000000000023,-0.02601406570257747,9511
10,-2.1999999999999993,-0.5999999999999979,55,15,-5.769999999999982,-0.03366906482605092,0.4666666666666667,-0.0021746621922366168,1.5333333333333334,-0.007654999123473449,-1.3100000000000023,-0.02601406570257747,9512
10,-2.1999999999999993,-0.4999999999999978,55,15,-5.769999999999982,-0.03366906482605092,0.4666666666666667,-0.0021746621922366168,1.5333333333333334,-0.007654999123473449,-1.3100000000000023,-0.02601406570257747,9513
10,-2.1999999999999993,-0.3999999999999977,55,15,-5.769999999999982,-0.03366906482605092,0.4666666666666667,-0.0021746621922366168,1.5333333333333334,-0.007654999123473449,-1.3100000000000023,-0.02601406570257747,9514
10,-2.099999999999999,-0.699999999999998,55,15,-5.769999999999982,-0.03366906482605092,0.4666666666666667,-0.0021746621922366168,1.5333333333333334,-0.007654999123473449,-1.3100000000000023,-0.02601406570257747,9515
10,-2.099999999999999,-0.5999999999999979,55,15,-5.769999999999982,-0.03366906482605092,0.4666666666666667,-0.0021746621922366168,1.5333333333333334,-0.007654999123473449,-1.3100000000000023,-0.02601406570257747,9516
10,-2.099999999999999,-0.4999999999999978,55,15,-5.769999999999982,-0.03366906482605092,0.4666666666666667,-0.0021746621922366168,1.5333333333333334,-0.007654999123473449,-1.3100000000000023,-0.02601406570257747,9517
10,-2.099999999999999,-0.3999999999999977,55,15,-5.769999999999982,-0.03366906482605092,0.4666666666666667,-0.0021746621922366168,1.5333333333333334,-0.007654999123473449,-1.3100000000000023,-0.02601406570257747,9518
10,-1.9999999999999991,-0.699999999999998,55,15,-5.769999999999982,-0.03366906482605092,0.4666666666666667,-0.0021746621922366168,1.5333333333333334,-0.007654999123473449,-1.3100000000000023,-0.02601406570257747,9519
10,-1.9999999999999991,-0.5999999999999979,55,15,-5.769999999999982,-0.03366906482605092,0.4666666666666667,-0.0021746621922366168,1.5333333333333334,-0.007654999123473449,-1.3100000000000023,-0.02601406570257747,9520
10,-1.9999999999999991,-0.4999999999999978,55,15,-5.769999999999982,-0.03366906482605092,0.4666666666666667,-0.0021746621922366168,1.5333333333333334,-0.007654999123473449,-1.3100000000000023,-0.02601406570257747,9521
10,-1.9999999999999991,-0.3999999999999977,55,15,-5.769999999999982,-0.03366906482605092,0.4666666666666667,-0.0021746621922366168,1.5333333333333334,-0.007654999123473449,-1.3100000000000023,-0.02601406570257747,9522
10,-0.09999999999999742,1.2000000000000037,55,3,-5.810000000000031,-0.03380647637988876,0.6666666666666666,-0.010910230807805213,8.666666666666666,-0.007654999123473449,-1.3100000000000023,-0.026151477256415312,9523
10,-0.09999999999999742,1.3000000000000043,55,3,-5.810000000000031,-0.03380647637988876,0.6666666666666666,-0.010910230807805213,8.666666666666666,-0.007654999123473449,-1.3100000000000023,-0.026151477256415312,9524
10,2.6645352591003757e-15,1.2000000000000037,55,3,-5.810000000000031,-0.03380647637988876,0.6666666666666666,-0.010910230807805213,8.666666666666666,-0.007654999123473449,-1.3100000000000023,-0.026151477256415312,9525
10,2.6645352591003757e-15,1.3000000000000043,55,3,-5.810000000000031,-0.03380647637988876,0.6666666666666666,-0.010910230807805213,8.666666666666666,-0.007654999123473449,-1.3100000000000023,-0.026151477256415312,9526
10,0.10000000000000275,1.2000000000000037,55,3,-5.810000000000031,-0.03380647637988876,0.6666666666666666,-0.010910230807805213,8.666666666666666,-0.007654999123473449,-1.3100000000000023,-0.026151477256415312,9527
10,0.10000000000000275,1.3000000000000043,55,3,-5.810000000000031,-0.03380647637988876,0.6666666666666666,-0.010910230807805213,8.666666666666666,-0.007654999123473449,-1.3100000000000023,-0.026151477256415312,9528
22,-0.8999999999999981,-0.2999999999999976,43,7,-5.920000000000044,-0.03383312210186229,0.5714285714285714,-0.004799716258084048,3.857142857142857,-0.04541877459246779,-8.080000000000013,0.011585652490605503,9529
22,-0.09999999999999742,-0.799999999999998,43,7,-5.980000000000018,-0.03387561337982237,0.5714285714285714,-0.004742148985218472,5.285714285714286,-0.04541877459246779,-8.080000000000013,0.011543161212645425,9530
5,-1.1999999999999984,1.0000000000000036,60,5,-5.890000000000043,-0.03391409233672116,0.6,-0.006627339089221973,3.4,-0.0014112666117841455,-0.2400000000000091,-0.03250282572493701,9531
5,-1.1999999999999984,1.1000000000000032,60,5,-5.890000000000043,-0.03391409233672116,0.6,-0.006627339089221973,3.4,-0.0014112666117841455,-0.2400000000000091,-0.03250282572493701,9532
5,-1.0999999999999983,1.0000000000000036,60,5,-5.890000000000043,-0.03391409233672116,0.6,-0.006627339089221973,3.4,-0.0014112666117841455,-0.2400000000000091,-0.03250282572493701,9533
5,-1.0999999999999983,1.1000000000000032,60,5,-5.890000000000043,-0.03391409233672116,0.6,-0.006627339089221973,3.4,-0.0014112666117841455,-0.2400000000000091,-0.03250282572493701,9534
5,-0.9999999999999982,1.0000000000000036,60,5,-5.890000000000043,-0.03391409233672116,0.6,-0.006627339089221973,3.4,-0.0014112666117841455,-0.2400000000000091,-0.03250282572493701,9535
5,-0.9999999999999982,1.1000000000000032,60,5,-5.890000000000043,-0.03391409233672116,0.6,-0.006627339089221973,3.4,-0.0014112666117841455,-0.2400000000000091,-0.03250282572493701,9536
5,-0.8999999999999981,1.0000000000000036,60,5,-5.890000000000043,-0.03391409233672116,0.6,-0.006627339089221973,3.4,-0.0014112666117841455,-0.2400000000000091,-0.03250282572493701,9537
5,-0.8999999999999981,1.1000000000000032,60,5,-5.890000000000043,-0.03391409233672116,0.6,-0.006627339089221973,3.4,-0.0014112666117841455,-0.2400000000000091,-0.03250282572493701,9538
5,-0.799999999999998,1.0000000000000036,60,5,-5.890000000000043,-0.03391409233672116,0.6,-0.006627339089221973,3.4,-0.0014112666117841455,-0.2400000000000091,-0.03250282572493701,9539
5,-0.799999999999998,1.1000000000000032,60,5,-5.890000000000043,-0.03391409233672116,0.6,-0.006627339089221973,3.4,-0.0014112666117841455,-0.2400000000000091,-0.03250282572493701,9540
5,-0.699999999999998,1.0000000000000036,60,5,-5.890000000000043,-0.03391409233672116,0.6,-0.006627339089221973,3.4,-0.0014112666117841455,-0.2400000000000091,-0.03250282572493701,9541
5,-0.699999999999998,1.1000000000000032,60,5,-5.890000000000043,-0.03391409233672116,0.6,-0.006627339089221973,3.4,-0.0014112666117841455,-0.2400000000000091,-0.03250282572493701,9542
5,-0.5999999999999979,1.0000000000000036,60,5,-5.890000000000043,-0.03391409233672116,0.6,-0.006627339089221973,3.4,-0.0014112666117841455,-0.2400000000000091,-0.03250282572493701,9543
5,-0.5999999999999979,1.1000000000000032,60,5,-5.890000000000043,-0.03391409233672116,0.6,-0.006627339089221973,3.4,-0.0014112666117841455,-0.2400000000000091,-0.03250282572493701,9544
10,-0.3999999999999977,-1.5999999999999988,55,17,-5.980000000000018,-0.03392491273957754,0.6470588235294118,-0.0019328860843159917,2.764705882352941,-0.007654999123473449,-1.3100000000000023,-0.02626991361610409,9545
5,-1.2999999999999985,-0.9999999999999982,60,19,-5.739999999999952,-0.033958175945494995,0.5789473684210527,-0.0017010191750215932,1.736842105263158,-0.0014112666117841455,-0.2400000000000091,-0.03254690933371085,9546
5,-1.2999999999999985,-0.8999999999999981,60,19,-5.739999999999952,-0.033958175945494995,0.5789473684210527,-0.0017010191750215932,1.736842105263158,-0.0014112666117841455,-0.2400000000000091,-0.03254690933371085,9547
10,0.30000000000000293,1.400000000000004,55,2,-5.850000000000023,-0.03396140526142932,0.5,-0.0166240693632973,12.5,-0.007654999123473449,-1.3100000000000023,-0.026306406137955873,9548
10,0.30000000000000293,1.5000000000000036,55,2,-5.850000000000023,-0.03396140526142932,0.5,-0.0166240693632973,12.5,-0.007654999123473449,-1.3100000000000023,-0.026306406137955873,9549
22,-1.5999999999999988,0.10000000000000275,43,7,-5.960000000000036,-0.03396849867463203,0.5714285714285714,-0.004771868155476271,2.7142857142857144,-0.04541877459246779,-8.080000000000013,0.011450275917835762,9550
22,-0.3999999999999977,0.20000000000000284,43,1,-5.950000000000017,-0.034056436380287436,0.0,-0.034056436380287436,23.0,-0.04541877459246779,-8.080000000000013,0.011362338212180356,9551
22,-0.3999999999999977,0.30000000000000293,43,1,-5.950000000000017,-0.034056436380287436,0.0,-0.034056436380287436,23.0,-0.04541877459246779,-8.080000000000013,0.011362338212180356,9552
22,-0.3999999999999977,0.400000000000003,43,1,-5.950000000000017,-0.034056436380287436,0.0,-0.034056436380287436,23.0,-0.04541877459246779,-8.080000000000013,0.011362338212180356,9553
22,-0.3999999999999977,0.5000000000000031,43,1,-5.950000000000017,-0.034056436380287436,0.0,-0.034056436380287436,23.0,-0.04541877459246779,-8.080000000000013,0.011362338212180356,9554
22,-0.3999999999999977,0.6000000000000032,43,1,-5.950000000000017,-0.034056436380287436,0.0,-0.034056436380287436,23.0,-0.04541877459246779,-8.080000000000013,0.011362338212180356,9555
22,-0.3999999999999977,0.7000000000000033,43,1,-5.950000000000017,-0.034056436380287436,0.0,-0.034056436380287436,23.0,-0.04541877459246779,-8.080000000000013,0.011362338212180356,9556
22,-0.3999999999999977,0.8000000000000034,43,1,-5.950000000000017,-0.034056436380287436,0.0,-0.034056436380287436,23.0,-0.04541877459246779,-8.080000000000013,0.011362338212180356,9557
22,-0.2999999999999976,0.20000000000000284,43,1,-5.950000000000017,-0.034056436380287436,0.0,-0.034056436380287436,23.0,-0.04541877459246779,-8.080000000000013,0.011362338212180356,9558
22,-0.2999999999999976,0.30000000000000293,43,1,-5.950000000000017,-0.034056436380287436,0.0,-0.034056436380287436,23.0,-0.04541877459246779,-8.080000000000013,0.011362338212180356,9559
22,-0.2999999999999976,0.400000000000003,43,1,-5.950000000000017,-0.034056436380287436,0.0,-0.034056436380287436,23.0,-0.04541877459246779,-8.080000000000013,0.011362338212180356,9560
22,-0.2999999999999976,0.5000000000000031,43,1,-5.950000000000017,-0.034056436380287436,0.0,-0.034056436380287436,23.0,-0.04541877459246779,-8.080000000000013,0.011362338212180356,9561
22,-0.2999999999999976,0.6000000000000032,43,1,-5.950000000000017,-0.034056436380287436,0.0,-0.034056436380287436,23.0,-0.04541877459246779,-8.080000000000013,0.011362338212180356,9562
22,-0.2999999999999976,0.7000000000000033,43,1,-5.950000000000017,-0.034056436380287436,0.0,-0.034056436380287436,23.0,-0.04541877459246779,-8.080000000000013,0.011362338212180356,9563
22,-0.2999999999999976,0.8000000000000034,43,1,-5.950000000000017,-0.034056436380287436,0.0,-0.034056436380287436,23.0,-0.04541877459246779,-8.080000000000013,0.011362338212180356,9564
22,-0.5999999999999979,0.9000000000000035,43,1,-5.930000000000007,-0.034070669347888605,0.0,-0.034070669347888605,21.0,-0.04541877459246779,-8.080000000000013,0.011348105244579187,9565
22,-0.5999999999999979,1.0000000000000036,43,1,-5.930000000000007,-0.034070669347888605,0.0,-0.034070669347888605,21.0,-0.04541877459246779,-8.080000000000013,0.011348105244579187,9566
22,-0.5999999999999979,1.1000000000000032,43,1,-5.930000000000007,-0.034070669347888605,0.0,-0.034070669347888605,21.0,-0.04541877459246779,-8.080000000000013,0.011348105244579187,9567
22,-0.5999999999999979,1.2000000000000037,43,1,-5.930000000000007,-0.034070669347888605,0.0,-0.034070669347888605,21.0,-0.04541877459246779,-8.080000000000013,0.011348105244579187,9568
22,-0.5999999999999979,1.3000000000000043,43,1,-5.930000000000007,-0.034070669347888605,0.0,-0.034070669347888605,21.0,-0.04541877459246779,-8.080000000000013,0.011348105244579187,9569
22,-0.5999999999999979,1.400000000000004,43,1,-5.930000000000007,-0.034070669347888605,0.0,-0.034070669347888605,21.0,-0.04541877459246779,-8.080000000000013,0.011348105244579187,9570
22,-0.5999999999999979,1.5000000000000036,43,1,-5.930000000000007,-0.034070669347888605,0.0,-0.034070669347888605,21.0,-0.04541877459246779,-8.080000000000013,0.011348105244579187,9571
22,-0.4999999999999978,0.9000000000000035,43,1,-5.930000000000007,-0.034070669347888605,0.0,-0.034070669347888605,21.0,-0.04541877459246779,-8.080000000000013,0.011348105244579187,9572
22,-0.4999999999999978,1.0000000000000036,43,1,-5.930000000000007,-0.034070669347888605,0.0,-0.034070669347888605,21.0,-0.04541877459246779,-8.080000000000013,0.011348105244579187,9573
22,-0.4999999999999978,1.1000000000000032,43,1,-5.930000000000007,-0.034070669347888605,0.0,-0.034070669347888605,21.0,-0.04541877459246779,-8.080000000000013,0.011348105244579187,9574
22,-0.4999999999999978,1.2000000000000037,43,1,-5.930000000000007,-0.034070669347888605,0.0,-0.034070669347888605,21.0,-0.04541877459246779,-8.080000000000013,0.011348105244579187,9575
22,-0.4999999999999978,1.3000000000000043,43,1,-5.930000000000007,-0.034070669347888605,0.0,-0.034070669347888605,21.0,-0.04541877459246779,-8.080000000000013,0.011348105244579187,9576
22,-0.4999999999999978,1.400000000000004,43,1,-5.930000000000007,-0.034070669347888605,0.0,-0.034070669347888605,21.0,-0.04541877459246779,-8.080000000000013,0.011348105244579187,9577
22,-0.4999999999999978,1.5000000000000036,43,1,-5.930000000000007,-0.034070669347888605,0.0,-0.034070669347888605,21.0,-0.04541877459246779,-8.080000000000013,0.011348105244579187,9578
10,-1.6999999999999988,1.600000000000004,55,2,-5.870000000000033,-0.034112057573081445,0.5,-0.016816549376608536,4.0,-0.007654999123473449,-1.3100000000000023,-0.026457058449607995,9579
10,-1.6999999999999988,1.7000000000000046,55,2,-5.870000000000033,-0.034112057573081445,0.5,-0.016816549376608536,4.0,-0.007654999123473449,-1.3100000000000023,-0.026457058449607995,9580
10,-1.5999999999999988,1.600000000000004,55,2,-5.870000000000033,-0.034112057573081445,0.5,-0.016816549376608536,4.0,-0.007654999123473449,-1.3100000000000023,-0.026457058449607995,9581
10,-1.5999999999999988,1.7000000000000046,55,2,-5.870000000000033,-0.034112057573081445,0.5,-0.016816549376608536,4.0,-0.007654999123473449,-1.3100000000000023,-0.026457058449607995,9582
10,-1.4999999999999987,1.600000000000004,55,2,-5.870000000000033,-0.034112057573081445,0.5,-0.016816549376608536,4.0,-0.007654999123473449,-1.3100000000000023,-0.026457058449607995,9583
10,-1.4999999999999987,1.7000000000000046,55,2,-5.870000000000033,-0.034112057573081445,0.5,-0.016816549376608536,4.0,-0.007654999123473449,-1.3100000000000023,-0.026457058449607995,9584
10,-1.3999999999999986,1.600000000000004,55,2,-5.870000000000033,-0.034112057573081445,0.5,-0.016816549376608536,4.0,-0.007654999123473449,-1.3100000000000023,-0.026457058449607995,9585
10,-1.3999999999999986,1.7000000000000046,55,2,-5.870000000000033,-0.034112057573081445,0.5,-0.016816549376608536,4.0,-0.007654999123473449,-1.3100000000000023,-0.026457058449607995,9586
10,-1.2999999999999985,1.600000000000004,55,2,-5.870000000000033,-0.034112057573081445,0.5,-0.016816549376608536,4.0,-0.007654999123473449,-1.3100000000000023,-0.026457058449607995,9587
10,-1.2999999999999985,1.7000000000000046,55,2,-5.870000000000033,-0.034112057573081445,0.5,-0.016816549376608536,4.0,-0.007654999123473449,-1.3100000000000023,-0.026457058449607995,9588
10,-1.1999999999999984,1.600000000000004,55,2,-5.870000000000033,-0.034112057573081445,0.5,-0.016816549376608536,4.0,-0.007654999123473449,-1.3100000000000023,-0.026457058449607995,9589
10,-1.1999999999999984,1.7000000000000046,55,2,-5.870000000000033,-0.034112057573081445,0.5,-0.016816549376608536,4.0,-0.007654999123473449,-1.3100000000000023,-0.026457058449607995,9590
10,-0.5999999999999979,0.6000000000000032,55,4,-5.930000000000035,-0.03416948508591611,0.75,-0.008322037132013377,5.75,-0.007654999123473449,-1.3100000000000023,-0.026514485962442658,9591
10,-0.5999999999999979,0.7000000000000033,55,4,-5.930000000000035,-0.03416948508591611,0.75,-0.008322037132013377,5.75,-0.007654999123473449,-1.3100000000000023,-0.026514485962442658,9592
10,-0.5999999999999979,0.8000000000000034,55,4,-5.930000000000035,-0.03416948508591611,0.75,-0.008322037132013377,5.75,-0.007654999123473449,-1.3100000000000023,-0.026514485962442658,9593
10,-0.5999999999999979,0.9000000000000035,55,4,-5.930000000000035,-0.03416948508591611,0.75,-0.008322037132013377,5.75,-0.007654999123473449,-1.3100000000000023,-0.026514485962442658,9594
22,-0.09999999999999742,-0.1999999999999975,43,3,-6.030000000000001,-0.03429846090428734,0.6666666666666666,-0.011396769322991829,10.0,-0.04541877459246779,-8.080000000000013,0.01112031368818045,9595
22,-0.09999999999999742,-0.09999999999999742,43,3,-6.030000000000001,-0.03429846090428734,0.6666666666666666,-0.011396769322991829,10.0,-0.04541877459246779,-8.080000000000013,0.01112031368818045,9596
22,2.6645352591003757e-15,-0.1999999999999975,43,3,-6.030000000000001,-0.03429846090428734,0.6666666666666666,-0.011396769322991829,10.0,-0.04541877459246779,-8.080000000000013,0.01112031368818045,9597
22,2.6645352591003757e-15,-0.09999999999999742,43,3,-6.030000000000001,-0.03429846090428734,0.6666666666666666,-0.011396769322991829,10.0,-0.04541877459246779,-8.080000000000013,0.01112031368818045,9598
10,-0.8999999999999981,0.6000000000000032,55,5,-5.9500000000000455,-0.03433137627635241,0.8,-0.0066544169406170806,4.2,-0.007654999123473449,-1.3100000000000023,-0.02667637715287896,9599
10,-0.8999999999999981,0.7000000000000033,55,5,-5.9500000000000455,-0.03433137627635241,0.8,-0.0066544169406170806,4.2,-0.007654999123473449,-1.3100000000000023,-0.02667637715287896,9600
10,-0.8999999999999981,0.8000000000000034,55,5,-5.9500000000000455,-0.03433137627635241,0.8,-0.0066544169406170806,4.2,-0.007654999123473449,-1.3100000000000023,-0.02667637715287896,9601
10,-0.8999999999999981,0.9000000000000035,55,5,-5.9500000000000455,-0.03433137627635241,0.8,-0.0066544169406170806,4.2,-0.007654999123473449,-1.3100000000000023,-0.02667637715287896,9602
10,-0.799999999999998,0.6000000000000032,55,5,-5.9500000000000455,-0.03433137627635241,0.8,-0.0066544169406170806,4.2,-0.007654999123473449,-1.3100000000000023,-0.02667637715287896,9603
10,-0.799999999999998,0.7000000000000033,55,5,-5.9500000000000455,-0.03433137627635241,0.8,-0.0066544169406170806,4.2,-0.007654999123473449,-1.3100000000000023,-0.02667637715287896,9604
10,-0.799999999999998,0.8000000000000034,55,5,-5.9500000000000455,-0.03433137627635241,0.8,-0.0066544169406170806,4.2,-0.007654999123473449,-1.3100000000000023,-0.02667637715287896,9605
10,-0.799999999999998,0.9000000000000035,55,5,-5.9500000000000455,-0.03433137627635241,0.8,-0.0066544169406170806,4.2,-0.007654999123473449,-1.3100000000000023,-0.02667637715287896,9606
10,-1.899999999999999,1.0000000000000036,55,6,-5.950000000000074,-0.034391469419264964,0.3333333333333333,-0.005675275780958999,2.5,-0.007654999123473449,-1.3100000000000023,-0.026736470295791515,9607
5,-1.5999999999999988,0.10000000000000275,60,10,-5.860000000000014,-0.03440027974065596,0.5,-0.0034190366860452183,1.6,-0.0014112666117841455,-0.2400000000000091,-0.032989013128871814,9608
5,-1.5999999999999988,0.20000000000000284,60,10,-5.860000000000014,-0.03440027974065596,0.5,-0.0034190366860452183,1.6,-0.0014112666117841455,-0.2400000000000091,-0.032989013128871814,9609
5,-1.5999999999999988,0.30000000000000293,60,10,-5.860000000000014,-0.03440027974065596,0.5,-0.0034190366860452183,1.6,-0.0014112666117841455,-0.2400000000000091,-0.032989013128871814,9610
5,-1.5999999999999988,0.400000000000003,60,10,-5.860000000000014,-0.03440027974065596,0.5,-0.0034190366860452183,1.6,-0.0014112666117841455,-0.2400000000000091,-0.032989013128871814,9611
5,-1.4999999999999987,0.10000000000000275,60,10,-5.860000000000014,-0.03440027974065596,0.5,-0.0034190366860452183,1.6,-0.0014112666117841455,-0.2400000000000091,-0.032989013128871814,9612
5,-1.4999999999999987,0.20000000000000284,60,10,-5.860000000000014,-0.03440027974065596,0.5,-0.0034190366860452183,1.6,-0.0014112666117841455,-0.2400000000000091,-0.032989013128871814,9613
5,-1.4999999999999987,0.30000000000000293,60,10,-5.860000000000014,-0.03440027974065596,0.5,-0.0034190366860452183,1.6,-0.0014112666117841455,-0.2400000000000091,-0.032989013128871814,9614
5,-1.4999999999999987,0.400000000000003,60,10,-5.860000000000014,-0.03440027974065596,0.5,-0.0034190366860452183,1.6,-0.0014112666117841455,-0.2400000000000091,-0.032989013128871814,9615
5,-1.3999999999999986,0.10000000000000275,60,10,-5.860000000000014,-0.03440027974065596,0.5,-0.0034190366860452183,1.6,-0.0014112666117841455,-0.2400000000000091,-0.032989013128871814,9616
5,-1.3999999999999986,0.20000000000000284,60,10,-5.860000000000014,-0.03440027974065596,0.5,-0.0034190366860452183,1.6,-0.0014112666117841455,-0.2400000000000091,-0.032989013128871814,9617
5,-1.3999999999999986,0.30000000000000293,60,10,-5.860000000000014,-0.03440027974065596,0.5,-0.0034190366860452183,1.6,-0.0014112666117841455,-0.2400000000000091,-0.032989013128871814,9618
5,-1.3999999999999986,0.400000000000003,60,10,-5.860000000000014,-0.03440027974065596,0.5,-0.0034190366860452183,1.6,-0.0014112666117841455,-0.2400000000000091,-0.032989013128871814,9619
10,-1.0999999999999983,0.5000000000000031,55,7,-5.930000000000007,-0.03441506498555724,0.5714285714285714,-0.004775354836257383,2.857142857142857,-0.007654999123473449,-1.3100000000000023,-0.026760065862083793,9620
10,-1.0999999999999983,0.400000000000003,55,8,-5.939999999999998,-0.034473026744066826,0.5,-0.004185938933312927,2.875,-0.007654999123473449,-1.3100000000000023,-0.026818027620593377,9621
22,-1.9999999999999991,0.9000000000000035,43,5,-6.02000000000001,-0.03452333981703437,0.4,-0.006812957842679457,2.6,-0.04541877459246779,-8.080000000000013,0.010895434775433421,9622
10,-1.899999999999999,1.2000000000000037,55,4,-5.960000000000036,-0.03452694788806654,0.5,-0.00855134071102906,2.75,-0.007654999123473449,-1.3100000000000023,-0.02687194876459309,9623
10,-1.899999999999999,1.3000000000000043,55,4,-5.960000000000036,-0.03452694788806654,0.5,-0.00855134071102906,2.75,-0.007654999123473449,-1.3100000000000023,-0.02687194876459309,9624
10,-1.799999999999999,-0.09999999999999742,55,11,-5.920000000000044,-0.03454053165506388,0.36363636363636365,-0.0031512935144654545,1.6363636363636365,-0.007654999123473449,-1.3100000000000023,-0.026885532531590428,9625
10,-1.799999999999999,2.6645352591003757e-15,55,11,-5.920000000000044,-0.03454053165506388,0.36363636363636365,-0.0031512935144654545,1.6363636363636365,-0.007654999123473449,-1.3100000000000023,-0.026885532531590428,9626
10,-1.799999999999999,0.10000000000000275,55,11,-5.920000000000044,-0.03454053165506388,0.36363636363636365,-0.0031512935144654545,1.6363636363636365,-0.007654999123473449,-1.3100000000000023,-0.026885532531590428,9627
10,-1.2999999999999985,0.8000000000000034,55,6,-6.000000000000057,-0.03455330707261872,0.5,-0.0056330582635747235,3.0,-0.007654999123473449,-1.3100000000000023,-0.026898307949145273,9628
10,-1.2999999999999985,0.9000000000000035,55,6,-6.000000000000057,-0.03455330707261872,0.5,-0.0056330582635747235,3.0,-0.007654999123473449,-1.3100000000000023,-0.026898307949145273,9629
10,-1.1999999999999984,0.8000000000000034,55,6,-6.000000000000057,-0.03455330707261872,0.5,-0.0056330582635747235,3.0,-0.007654999123473449,-1.3100000000000023,-0.026898307949145273,9630
10,-1.1999999999999984,0.9000000000000035,55,6,-6.000000000000057,-0.03455330707261872,0.5,-0.0056330582635747235,3.0,-0.007654999123473449,-1.3100000000000023,-0.026898307949145273,9631
10,-0.09999999999999742,1.600000000000004,55,2,-5.910000000000025,-0.03459760001933554,0.5,-0.016937516980147282,10.5,-0.007654999123473449,-1.3100000000000023,-0.02694260089586209,9632
10,-0.09999999999999742,1.7000000000000046,55,2,-5.910000000000025,-0.03459760001933554,0.5,-0.016937516980147282,10.5,-0.007654999123473449,-1.3100000000000023,-0.02694260089586209,9633
10,2.6645352591003757e-15,1.600000000000004,55,2,-5.910000000000025,-0.03459760001933554,0.5,-0.016937516980147282,10.5,-0.007654999123473449,-1.3100000000000023,-0.02694260089586209,9634
10,2.6645352591003757e-15,1.7000000000000046,55,2,-5.910000000000025,-0.03459760001933554,0.5,-0.016937516980147282,10.5,-0.007654999123473449,-1.3100000000000023,-0.02694260089586209,9635
10,0.10000000000000275,1.600000000000004,55,2,-5.910000000000025,-0.03459760001933554,0.5,-0.016937516980147282,10.5,-0.007654999123473449,-1.3100000000000023,-0.02694260089586209,9636
10,0.10000000000000275,1.7000000000000046,55,2,-5.910000000000025,-0.03459760001933554,0.5,-0.016937516980147282,10.5,-0.007654999123473449,-1.3100000000000023,-0.02694260089586209,9637
10,0.20000000000000284,1.600000000000004,55,2,-5.910000000000025,-0.03459760001933554,0.5,-0.016937516980147282,10.5,-0.007654999123473449,-1.3100000000000023,-0.02694260089586209,9638
10,0.20000000000000284,1.7000000000000046,55,2,-5.910000000000025,-0.03459760001933554,0.5,-0.016937516980147282,10.5,-0.007654999123473449,-1.3100000000000023,-0.02694260089586209,9639
22,-0.1999999999999975,0.20000000000000284,43,1,-6.060000000000002,-0.034686051170511156,0.0,-0.034686051170511156,24.0,-0.04541877459246779,-8.080000000000013,0.010732723421956636,9640
22,-0.1999999999999975,0.30000000000000293,43,1,-6.060000000000002,-0.034686051170511156,0.0,-0.034686051170511156,24.0,-0.04541877459246779,-8.080000000000013,0.010732723421956636,9641
22,-0.1999999999999975,0.400000000000003,43,1,-6.060000000000002,-0.034686051170511156,0.0,-0.034686051170511156,24.0,-0.04541877459246779,-8.080000000000013,0.010732723421956636,9642
22,-0.1999999999999975,0.5000000000000031,43,1,-6.060000000000002,-0.034686051170511156,0.0,-0.034686051170511156,24.0,-0.04541877459246779,-8.080000000000013,0.010732723421956636,9643
22,-0.1999999999999975,0.6000000000000032,43,1,-6.060000000000002,-0.034686051170511156,0.0,-0.034686051170511156,24.0,-0.04541877459246779,-8.080000000000013,0.010732723421956636,9644
22,-0.1999999999999975,0.7000000000000033,43,1,-6.060000000000002,-0.034686051170511156,0.0,-0.034686051170511156,24.0,-0.04541877459246779,-8.080000000000013,0.010732723421956636,9645
22,-0.1999999999999975,0.8000000000000034,43,1,-6.060000000000002,-0.034686051170511156,0.0,-0.034686051170511156,24.0,-0.04541877459246779,-8.080000000000013,0.010732723421956636,9646
22,-0.8999999999999981,-0.1999999999999975,43,6,-6.090000000000032,-0.03479307160919143,0.6666666666666666,-0.005767699663584906,4.0,-0.04541877459246779,-8.080000000000013,0.010625702983276364,9647
22,-0.8999999999999981,-0.09999999999999742,43,6,-6.090000000000032,-0.03479307160919143,0.6666666666666666,-0.005767699663584906,4.0,-0.04541877459246779,-8.080000000000013,0.010625702983276364,9648
10,-0.9999999999999982,-0.699999999999998,55,11,-6.010000000000019,-0.03486782163130908,0.5454545454545454,-0.0030682158844312912,2.6363636363636362,-0.007654999123473449,-1.3100000000000023,-0.027212822507835632,9649
10,-0.9999999999999982,-0.5999999999999979,55,11,-6.010000000000019,-0.03486782163130908,0.5454545454545454,-0.0030682158844312912,2.6363636363636362,-0.007654999123473449,-1.3100000000000023,-0.027212822507835632,9650
10,-0.9999999999999982,-0.4999999999999978,55,11,-6.010000000000019,-0.03486782163130908,0.5454545454545454,-0.0030682158844312912,2.6363636363636362,-0.007654999123473449,-1.3100000000000023,-0.027212822507835632,9651
10,-0.9999999999999982,-0.3999999999999977,55,11,-6.010000000000019,-0.03486782163130908,0.5454545454545454,-0.0030682158844312912,2.6363636363636362,-0.007654999123473449,-1.3100000000000023,-0.027212822507835632,9652
22,-0.3999999999999977,2.6645352591003757e-15,43,3,-6.140000000000015,-0.03492490408856519,0.6666666666666666,-0.011577399263508906,9.333333333333334,-0.04541877459246779,-8.080000000000013,0.010493870503902603,9653
22,-0.2999999999999976,2.6645352591003757e-15,43,3,-6.140000000000015,-0.03492490408856519,0.6666666666666666,-0.011577399263508906,9.333333333333334,-0.04541877459246779,-8.080000000000013,0.010493870503902603,9654
10,-0.09999999999999742,0.20000000000000284,55,4,-5.990000000000009,-0.03496123891035974,0.75,-0.008485332330592621,8.25,-0.007654999123473449,-1.3100000000000023,-0.02730623978688629,9655
10,-0.09999999999999742,0.30000000000000293,55,4,-5.990000000000009,-0.03496123891035974,0.75,-0.008485332330592621,8.25,-0.007654999123473449,-1.3100000000000023,-0.02730623978688629,9656
10,2.6645352591003757e-15,0.20000000000000284,55,4,-5.990000000000009,-0.03496123891035974,0.75,-0.008485332330592621,8.25,-0.007654999123473449,-1.3100000000000023,-0.02730623978688629,9657
10,2.6645352591003757e-15,0.30000000000000293,55,4,-5.990000000000009,-0.03496123891035974,0.75,-0.008485332330592621,8.25,-0.007654999123473449,-1.3100000000000023,-0.02730623978688629,9658
10,0.10000000000000275,0.20000000000000284,55,4,-5.990000000000009,-0.03496123891035974,0.75,-0.008485332330592621,8.25,-0.007654999123473449,-1.3100000000000023,-0.02730623978688629,9659
10,0.10000000000000275,0.30000000000000293,55,4,-5.990000000000009,-0.03496123891035974,0.75,-0.008485332330592621,8.25,-0.007654999123473449,-1.3100000000000023,-0.02730623978688629,9660
5,-1.1999999999999984,1.5000000000000036,60,3,-6.100000000000051,-0.03511261263833376,0.6666666666666666,-0.011460074150571042,4.0,-0.0014112666117841455,-0.2400000000000091,-0.03370134602654962,9661
5,-1.1999999999999984,1.600000000000004,60,3,-6.100000000000051,-0.03511261263833376,0.6666666666666666,-0.011460074150571042,4.0,-0.0014112666117841455,-0.2400000000000091,-0.03370134602654962,9662
5,-1.1999999999999984,1.7000000000000046,60,3,-6.100000000000051,-0.03511261263833376,0.6666666666666666,-0.011460074150571042,4.0,-0.0014112666117841455,-0.2400000000000091,-0.03370134602654962,9663
5,-1.1999999999999984,1.8000000000000043,60,3,-6.100000000000051,-0.03511261263833376,0.6666666666666666,-0.011460074150571042,4.0,-0.0014112666117841455,-0.2400000000000091,-0.03370134602654962,9664
5,-1.0999999999999983,1.5000000000000036,60,3,-6.100000000000051,-0.03511261263833376,0.6666666666666666,-0.011460074150571042,4.0,-0.0014112666117841455,-0.2400000000000091,-0.03370134602654962,9665
5,-1.0999999999999983,1.600000000000004,60,3,-6.100000000000051,-0.03511261263833376,0.6666666666666666,-0.011460074150571042,4.0,-0.0014112666117841455,-0.2400000000000091,-0.03370134602654962,9666
5,-1.0999999999999983,1.7000000000000046,60,3,-6.100000000000051,-0.03511261263833376,0.6666666666666666,-0.011460074150571042,4.0,-0.0014112666117841455,-0.2400000000000091,-0.03370134602654962,9667
5,-1.0999999999999983,1.8000000000000043,60,3,-6.100000000000051,-0.03511261263833376,0.6666666666666666,-0.011460074150571042,4.0,-0.0014112666117841455,-0.2400000000000091,-0.03370134602654962,9668
5,-0.9999999999999982,1.5000000000000036,60,3,-6.100000000000051,-0.03511261263833376,0.6666666666666666,-0.011460074150571042,4.0,-0.0014112666117841455,-0.2400000000000091,-0.03370134602654962,9669
5,-0.9999999999999982,1.600000000000004,60,3,-6.100000000000051,-0.03511261263833376,0.6666666666666666,-0.011460074150571042,4.0,-0.0014112666117841455,-0.2400000000000091,-0.03370134602654962,9670
5,-0.9999999999999982,1.7000000000000046,60,3,-6.100000000000051,-0.03511261263833376,0.6666666666666666,-0.011460074150571042,4.0,-0.0014112666117841455,-0.2400000000000091,-0.03370134602654962,9671
5,-0.9999999999999982,1.8000000000000043,60,3,-6.100000000000051,-0.03511261263833376,0.6666666666666666,-0.011460074150571042,4.0,-0.0014112666117841455,-0.2400000000000091,-0.03370134602654962,9672
5,-0.8999999999999981,1.5000000000000036,60,3,-6.100000000000051,-0.03511261263833376,0.6666666666666666,-0.011460074150571042,4.0,-0.0014112666117841455,-0.2400000000000091,-0.03370134602654962,9673
5,-0.8999999999999981,1.600000000000004,60,3,-6.100000000000051,-0.03511261263833376,0.6666666666666666,-0.011460074150571042,4.0,-0.0014112666117841455,-0.2400000000000091,-0.03370134602654962,9674
5,-0.8999999999999981,1.7000000000000046,60,3,-6.100000000000051,-0.03511261263833376,0.6666666666666666,-0.011460074150571042,4.0,-0.0014112666117841455,-0.2400000000000091,-0.03370134602654962,9675
5,-0.8999999999999981,1.8000000000000043,60,3,-6.100000000000051,-0.03511261263833376,0.6666666666666666,-0.011460074150571042,4.0,-0.0014112666117841455,-0.2400000000000091,-0.03370134602654962,9676
5,-0.799999999999998,1.5000000000000036,60,3,-6.100000000000051,-0.03511261263833376,0.6666666666666666,-0.011460074150571042,4.0,-0.0014112666117841455,-0.2400000000000091,-0.03370134602654962,9677
5,-0.799999999999998,1.600000000000004,60,3,-6.100000000000051,-0.03511261263833376,0.6666666666666666,-0.011460074150571042,4.0,-0.0014112666117841455,-0.2400000000000091,-0.03370134602654962,9678
5,-0.799999999999998,1.7000000000000046,60,3,-6.100000000000051,-0.03511261263833376,0.6666666666666666,-0.011460074150571042,4.0,-0.0014112666117841455,-0.2400000000000091,-0.03370134602654962,9679
5,-0.799999999999998,1.8000000000000043,60,3,-6.100000000000051,-0.03511261263833376,0.6666666666666666,-0.011460074150571042,4.0,-0.0014112666117841455,-0.2400000000000091,-0.03370134602654962,9680
5,-0.699999999999998,1.5000000000000036,60,3,-6.100000000000051,-0.03511261263833376,0.6666666666666666,-0.011460074150571042,4.0,-0.0014112666117841455,-0.2400000000000091,-0.03370134602654962,9681
5,-0.699999999999998,1.600000000000004,60,3,-6.100000000000051,-0.03511261263833376,0.6666666666666666,-0.011460074150571042,4.0,-0.0014112666117841455,-0.2400000000000091,-0.03370134602654962,9682
5,-0.699999999999998,1.7000000000000046,60,3,-6.100000000000051,-0.03511261263833376,0.6666666666666666,-0.011460074150571042,4.0,-0.0014112666117841455,-0.2400000000000091,-0.03370134602654962,9683
5,-0.699999999999998,1.8000000000000043,60,3,-6.100000000000051,-0.03511261263833376,0.6666666666666666,-0.011460074150571042,4.0,-0.0014112666117841455,-0.2400000000000091,-0.03370134602654962,9684
5,-0.5999999999999979,1.5000000000000036,60,3,-6.100000000000051,-0.03511261263833376,0.6666666666666666,-0.011460074150571042,4.0,-0.0014112666117841455,-0.2400000000000091,-0.03370134602654962,9685
5,-0.5999999999999979,1.600000000000004,60,3,-6.100000000000051,-0.03511261263833376,0.6666666666666666,-0.011460074150571042,4.0,-0.0014112666117841455,-0.2400000000000091,-0.03370134602654962,9686
5,-0.5999999999999979,1.7000000000000046,60,3,-6.100000000000051,-0.03511261263833376,0.6666666666666666,-0.011460074150571042,4.0,-0.0014112666117841455,-0.2400000000000091,-0.03370134602654962,9687
5,-0.5999999999999979,1.8000000000000043,60,3,-6.100000000000051,-0.03511261263833376,0.6666666666666666,-0.011460074150571042,4.0,-0.0014112666117841455,-0.2400000000000091,-0.03370134602654962,9688
5,-0.4999999999999978,1.5000000000000036,60,3,-6.100000000000051,-0.03511261263833376,0.6666666666666666,-0.011460074150571042,4.0,-0.0014112666117841455,-0.2400000000000091,-0.03370134602654962,9689
5,-0.4999999999999978,1.600000000000004,60,3,-6.100000000000051,-0.03511261263833376,0.6666666666666666,-0.011460074150571042,4.0,-0.0014112666117841455,-0.2400000000000091,-0.03370134602654962,9690
5,-0.4999999999999978,1.7000000000000046,60,3,-6.100000000000051,-0.03511261263833376,0.6666666666666666,-0.011460074150571042,4.0,-0.0014112666117841455,-0.2400000000000091,-0.03370134602654962,9691
5,-0.4999999999999978,1.8000000000000043,60,3,-6.100000000000051,-0.03511261263833376,0.6666666666666666,-0.011460074150571042,4.0,-0.0014112666117841455,-0.2400000000000091,-0.03370134602654962,9692
22,-1.5999999999999988,0.9000000000000035,43,4,-6.130000000000024,-0.03516215144181711,0.5,-0.008667359261261026,3.5,-0.04541877459246779,-8.080000000000013,0.010256623150650679,9693
22,-2.9,-3.0,43,20,-6.020000000000039,-0.03518346225209479,0.45,-0.0017313151595838405,1.7,-0.04541877459246779,-8.080000000000013,0.010235312340373004,9694
22,-2.9,-2.9,43,20,-6.020000000000039,-0.03518346225209479,0.45,-0.0017313151595838405,1.7,-0.04541877459246779,-8.080000000000013,0.010235312340373004,9695
22,-2.9,-2.8,43,20,-6.020000000000039,-0.03518346225209479,0.45,-0.0017313151595838405,1.7,-0.04541877459246779,-8.080000000000013,0.010235312340373004,9696
22,-2.9,-2.6999999999999997,43,20,-6.020000000000039,-0.03518346225209479,0.45,-0.0017313151595838405,1.7,-0.04541877459246779,-8.080000000000013,0.010235312340373004,9697
22,-2.9,-2.5999999999999996,43,20,-6.020000000000039,-0.03518346225209479,0.45,-0.0017313151595838405,1.7,-0.04541877459246779,-8.080000000000013,0.010235312340373004,9698
22,-2.9,-2.4999999999999996,43,20,-6.020000000000039,-0.03518346225209479,0.45,-0.0017313151595838405,1.7,-0.04541877459246779,-8.080000000000013,0.010235312340373004,9699
22,-2.9,-2.3999999999999995,43,20,-6.020000000000039,-0.03518346225209479,0.45,-0.0017313151595838405,1.7,-0.04541877459246779,-8.080000000000013,0.010235312340373004,9700
22,-2.9,-2.2999999999999994,43,20,-6.020000000000039,-0.03518346225209479,0.45,-0.0017313151595838405,1.7,-0.04541877459246779,-8.080000000000013,0.010235312340373004,9701
22,-2.9,-2.1999999999999993,43,20,-6.020000000000039,-0.03518346225209479,0.45,-0.0017313151595838405,1.7,-0.04541877459246779,-8.080000000000013,0.010235312340373004,9702
22,-2.9,-2.099999999999999,43,20,-6.020000000000039,-0.03518346225209479,0.45,-0.0017313151595838405,1.7,-0.04541877459246779,-8.080000000000013,0.010235312340373004,9703
22,-2.9,-1.9999999999999991,43,20,-6.020000000000039,-0.03518346225209479,0.45,-0.0017313151595838405,1.7,-0.04541877459246779,-8.080000000000013,0.010235312340373004,9704
22,-2.9,-1.899999999999999,43,20,-6.020000000000039,-0.03518346225209479,0.45,-0.0017313151595838405,1.7,-0.04541877459246779,-8.080000000000013,0.010235312340373004,9705
22,-2.9,-1.799999999999999,43,20,-6.020000000000039,-0.03518346225209479,0.45,-0.0017313151595838405,1.7,-0.04541877459246779,-8.080000000000013,0.010235312340373004,9706
22,-2.9,-1.6999999999999988,43,20,-6.020000000000039,-0.03518346225209479,0.45,-0.0017313151595838405,1.7,-0.04541877459246779,-8.080000000000013,0.010235312340373004,9707
22,-2.9,-1.5999999999999988,43,20,-6.020000000000039,-0.03518346225209479,0.45,-0.0017313151595838405,1.7,-0.04541877459246779,-8.080000000000013,0.010235312340373004,9708
22,-2.8,-3.0,43,20,-6.020000000000039,-0.03518346225209479,0.45,-0.0017313151595838405,1.7,-0.04541877459246779,-8.080000000000013,0.010235312340373004,9709
22,-2.8,-2.9,43,20,-6.020000000000039,-0.03518346225209479,0.45,-0.0017313151595838405,1.7,-0.04541877459246779,-8.080000000000013,0.010235312340373004,9710
22,-2.8,-2.8,43,20,-6.020000000000039,-0.03518346225209479,0.45,-0.0017313151595838405,1.7,-0.04541877459246779,-8.080000000000013,0.010235312340373004,9711
22,-2.8,-2.6999999999999997,43,20,-6.020000000000039,-0.03518346225209479,0.45,-0.0017313151595838405,1.7,-0.04541877459246779,-8.080000000000013,0.010235312340373004,9712
22,-2.8,-2.5999999999999996,43,20,-6.020000000000039,-0.03518346225209479,0.45,-0.0017313151595838405,1.7,-0.04541877459246779,-8.080000000000013,0.010235312340373004,9713
22,-2.8,-2.4999999999999996,43,20,-6.020000000000039,-0.03518346225209479,0.45,-0.0017313151595838405,1.7,-0.04541877459246779,-8.080000000000013,0.010235312340373004,9714
22,-2.8,-2.3999999999999995,43,20,-6.020000000000039,-0.03518346225209479,0.45,-0.0017313151595838405,1.7,-0.04541877459246779,-8.080000000000013,0.010235312340373004,9715
22,-2.8,-2.2999999999999994,43,20,-6.020000000000039,-0.03518346225209479,0.45,-0.0017313151595838405,1.7,-0.04541877459246779,-8.080000000000013,0.010235312340373004,9716
22,-2.8,-2.1999999999999993,43,20,-6.020000000000039,-0.03518346225209479,0.45,-0.0017313151595838405,1.7,-0.04541877459246779,-8.080000000000013,0.010235312340373004,9717
22,-2.8,-2.099999999999999,43,20,-6.020000000000039,-0.03518346225209479,0.45,-0.0017313151595838405,1.7,-0.04541877459246779,-8.080000000000013,0.010235312340373004,9718
22,-2.8,-1.9999999999999991,43,20,-6.020000000000039,-0.03518346225209479,0.45,-0.0017313151595838405,1.7,-0.04541877459246779,-8.080000000000013,0.010235312340373004,9719
22,-2.8,-1.899999999999999,43,20,-6.020000000000039,-0.03518346225209479,0.45,-0.0017313151595838405,1.7,-0.04541877459246779,-8.080000000000013,0.010235312340373004,9720
22,-2.8,-1.799999999999999,43,20,-6.020000000000039,-0.03518346225209479,0.45,-0.0017313151595838405,1.7,-0.04541877459246779,-8.080000000000013,0.010235312340373004,9721
22,-2.8,-1.6999999999999988,43,20,-6.020000000000039,-0.03518346225209479,0.45,-0.0017313151595838405,1.7,-0.04541877459246779,-8.080000000000013,0.010235312340373004,9722
22,-2.8,-1.5999999999999988,43,20,-6.020000000000039,-0.03518346225209479,0.45,-0.0017313151595838405,1.7,-0.04541877459246779,-8.080000000000013,0.010235312340373004,9723
22,-2.6999999999999997,-3.0,43,20,-6.020000000000039,-0.03518346225209479,0.45,-0.0017313151595838405,1.7,-0.04541877459246779,-8.080000000000013,0.010235312340373004,9724
22,-2.6999999999999997,-2.9,43,20,-6.020000000000039,-0.03518346225209479,0.45,-0.0017313151595838405,1.7,-0.04541877459246779,-8.080000000000013,0.010235312340373004,9725
22,-2.6999999999999997,-2.8,43,20,-6.020000000000039,-0.03518346225209479,0.45,-0.0017313151595838405,1.7,-0.04541877459246779,-8.080000000000013,0.010235312340373004,9726
22,-2.6999999999999997,-2.6999999999999997,43,20,-6.020000000000039,-0.03518346225209479,0.45,-0.0017313151595838405,1.7,-0.04541877459246779,-8.080000000000013,0.010235312340373004,9727
22,-2.6999999999999997,-2.5999999999999996,43,20,-6.020000000000039,-0.03518346225209479,0.45,-0.0017313151595838405,1.7,-0.04541877459246779,-8.080000000000013,0.010235312340373004,9728
22,-2.6999999999999997,-2.4999999999999996,43,20,-6.020000000000039,-0.03518346225209479,0.45,-0.0017313151595838405,1.7,-0.04541877459246779,-8.080000000000013,0.010235312340373004,9729
22,-2.6999999999999997,-2.3999999999999995,43,20,-6.020000000000039,-0.03518346225209479,0.45,-0.0017313151595838405,1.7,-0.04541877459246779,-8.080000000000013,0.010235312340373004,9730
22,-2.6999999999999997,-2.2999999999999994,43,20,-6.020000000000039,-0.03518346225209479,0.45,-0.0017313151595838405,1.7,-0.04541877459246779,-8.080000000000013,0.010235312340373004,9731
22,-2.6999999999999997,-2.1999999999999993,43,20,-6.020000000000039,-0.03518346225209479,0.45,-0.0017313151595838405,1.7,-0.04541877459246779,-8.080000000000013,0.010235312340373004,9732
22,-2.6999999999999997,-2.099999999999999,43,20,-6.020000000000039,-0.03518346225209479,0.45,-0.0017313151595838405,1.7,-0.04541877459246779,-8.080000000000013,0.010235312340373004,9733
22,-2.6999999999999997,-1.9999999999999991,43,20,-6.020000000000039,-0.03518346225209479,0.45,-0.0017313151595838405,1.7,-0.04541877459246779,-8.080000000000013,0.010235312340373004,9734
22,-2.6999999999999997,-1.899999999999999,43,20,-6.020000000000039,-0.03518346225209479,0.45,-0.0017313151595838405,1.7,-0.04541877459246779,-8.080000000000013,0.010235312340373004,9735
22,-2.6999999999999997,-1.799999999999999,43,20,-6.020000000000039,-0.03518346225209479,0.45,-0.0017313151595838405,1.7,-0.04541877459246779,-8.080000000000013,0.010235312340373004,9736
22,-2.6999999999999997,-1.6999999999999988,43,20,-6.020000000000039,-0.03518346225209479,0.45,-0.0017313151595838405,1.7,-0.04541877459246779,-8.080000000000013,0.010235312340373004,9737
22,-2.6999999999999997,-1.5999999999999988,43,20,-6.020000000000039,-0.03518346225209479,0.45,-0.0017313151595838405,1.7,-0.04541877459246779,-8.080000000000013,0.010235312340373004,9738
22,-2.5999999999999996,-3.0,43,20,-6.020000000000039,-0.03518346225209479,0.45,-0.0017313151595838405,1.7,-0.04541877459246779,-8.080000000000013,0.010235312340373004,9739
22,-2.5999999999999996,-2.9,43,20,-6.020000000000039,-0.03518346225209479,0.45,-0.0017313151595838405,1.7,-0.04541877459246779,-8.080000000000013,0.010235312340373004,9740
22,-2.5999999999999996,-2.8,43,20,-6.020000000000039,-0.03518346225209479,0.45,-0.0017313151595838405,1.7,-0.04541877459246779,-8.080000000000013,0.010235312340373004,9741
22,-2.5999999999999996,-2.6999999999999997,43,20,-6.020000000000039,-0.03518346225209479,0.45,-0.0017313151595838405,1.7,-0.04541877459246779,-8.080000000000013,0.010235312340373004,9742
22,-2.5999999999999996,-2.5999999999999996,43,20,-6.020000000000039,-0.03518346225209479,0.45,-0.0017313151595838405,1.7,-0.04541877459246779,-8.080000000000013,0.010235312340373004,9743
22,-2.5999999999999996,-2.4999999999999996,43,20,-6.020000000000039,-0.03518346225209479,0.45,-0.0017313151595838405,1.7,-0.04541877459246779,-8.080000000000013,0.010235312340373004,9744
22,-2.5999999999999996,-2.3999999999999995,43,20,-6.020000000000039,-0.03518346225209479,0.45,-0.0017313151595838405,1.7,-0.04541877459246779,-8.080000000000013,0.010235312340373004,9745
22,-2.5999999999999996,-2.2999999999999994,43,20,-6.020000000000039,-0.03518346225209479,0.45,-0.0017313151595838405,1.7,-0.04541877459246779,-8.080000000000013,0.010235312340373004,9746
22,-2.5999999999999996,-2.1999999999999993,43,20,-6.020000000000039,-0.03518346225209479,0.45,-0.0017313151595838405,1.7,-0.04541877459246779,-8.080000000000013,0.010235312340373004,9747
22,-2.5999999999999996,-2.099999999999999,43,20,-6.020000000000039,-0.03518346225209479,0.45,-0.0017313151595838405,1.7,-0.04541877459246779,-8.080000000000013,0.010235312340373004,9748
22,-2.5999999999999996,-1.9999999999999991,43,20,-6.020000000000039,-0.03518346225209479,0.45,-0.0017313151595838405,1.7,-0.04541877459246779,-8.080000000000013,0.010235312340373004,9749
22,-2.5999999999999996,-1.899999999999999,43,20,-6.020000000000039,-0.03518346225209479,0.45,-0.0017313151595838405,1.7,-0.04541877459246779,-8.080000000000013,0.010235312340373004,9750
22,-2.5999999999999996,-1.799999999999999,43,20,-6.020000000000039,-0.03518346225209479,0.45,-0.0017313151595838405,1.7,-0.04541877459246779,-8.080000000000013,0.010235312340373004,9751
22,-2.5999999999999996,-1.6999999999999988,43,20,-6.020000000000039,-0.03518346225209479,0.45,-0.0017313151595838405,1.7,-0.04541877459246779,-8.080000000000013,0.010235312340373004,9752
22,-2.5999999999999996,-1.5999999999999988,43,20,-6.020000000000039,-0.03518346225209479,0.45,-0.0017313151595838405,1.7,-0.04541877459246779,-8.080000000000013,0.010235312340373004,9753
22,-2.4999999999999996,-3.0,43,20,-6.020000000000039,-0.03518346225209479,0.45,-0.0017313151595838405,1.7,-0.04541877459246779,-8.080000000000013,0.010235312340373004,9754
22,-2.4999999999999996,-2.9,43,20,-6.020000000000039,-0.03518346225209479,0.45,-0.0017313151595838405,1.7,-0.04541877459246779,-8.080000000000013,0.010235312340373004,9755
22,-2.4999999999999996,-2.8,43,20,-6.020000000000039,-0.03518346225209479,0.45,-0.0017313151595838405,1.7,-0.04541877459246779,-8.080000000000013,0.010235312340373004,9756
22,-2.4999999999999996,-2.6999999999999997,43,20,-6.020000000000039,-0.03518346225209479,0.45,-0.0017313151595838405,1.7,-0.04541877459246779,-8.080000000000013,0.010235312340373004,9757
22,-2.4999999999999996,-2.5999999999999996,43,20,-6.020000000000039,-0.03518346225209479,0.45,-0.0017313151595838405,1.7,-0.04541877459246779,-8.080000000000013,0.010235312340373004,9758
22,-2.4999999999999996,-2.4999999999999996,43,20,-6.020000000000039,-0.03518346225209479,0.45,-0.0017313151595838405,1.7,-0.04541877459246779,-8.080000000000013,0.010235312340373004,9759
22,-2.4999999999999996,-2.3999999999999995,43,20,-6.020000000000039,-0.03518346225209479,0.45,-0.0017313151595838405,1.7,-0.04541877459246779,-8.080000000000013,0.010235312340373004,9760
22,-2.4999999999999996,-2.2999999999999994,43,20,-6.020000000000039,-0.03518346225209479,0.45,-0.0017313151595838405,1.7,-0.04541877459246779,-8.080000000000013,0.010235312340373004,9761
22,-2.4999999999999996,-2.1999999999999993,43,20,-6.020000000000039,-0.03518346225209479,0.45,-0.0017313151595838405,1.7,-0.04541877459246779,-8.080000000000013,0.010235312340373004,9762
22,-2.4999999999999996,-2.099999999999999,43,20,-6.020000000000039,-0.03518346225209479,0.45,-0.0017313151595838405,1.7,-0.04541877459246779,-8.080000000000013,0.010235312340373004,9763
22,-2.4999999999999996,-1.9999999999999991,43,20,-6.020000000000039,-0.03518346225209479,0.45,-0.0017313151595838405,1.7,-0.04541877459246779,-8.080000000000013,0.010235312340373004,9764
22,-2.4999999999999996,-1.899999999999999,43,20,-6.020000000000039,-0.03518346225209479,0.45,-0.0017313151595838405,1.7,-0.04541877459246779,-8.080000000000013,0.010235312340373004,9765
22,-2.4999999999999996,-1.799999999999999,43,20,-6.020000000000039,-0.03518346225209479,0.45,-0.0017313151595838405,1.7,-0.04541877459246779,-8.080000000000013,0.010235312340373004,9766
22,-2.4999999999999996,-1.6999999999999988,43,20,-6.020000000000039,-0.03518346225209479,0.45,-0.0017313151595838405,1.7,-0.04541877459246779,-8.080000000000013,0.010235312340373004,9767
22,-2.4999999999999996,-1.5999999999999988,43,20,-6.020000000000039,-0.03518346225209479,0.45,-0.0017313151595838405,1.7,-0.04541877459246779,-8.080000000000013,0.010235312340373004,9768
22,-2.3999999999999995,-3.0,43,20,-6.020000000000039,-0.03518346225209479,0.45,-0.0017313151595838405,1.7,-0.04541877459246779,-8.080000000000013,0.010235312340373004,9769
22,-2.3999999999999995,-2.9,43,20,-6.020000000000039,-0.03518346225209479,0.45,-0.0017313151595838405,1.7,-0.04541877459246779,-8.080000000000013,0.010235312340373004,9770
22,-2.3999999999999995,-2.8,43,20,-6.020000000000039,-0.03518346225209479,0.45,-0.0017313151595838405,1.7,-0.04541877459246779,-8.080000000000013,0.010235312340373004,9771
22,-2.3999999999999995,-2.6999999999999997,43,20,-6.020000000000039,-0.03518346225209479,0.45,-0.0017313151595838405,1.7,-0.04541877459246779,-8.080000000000013,0.010235312340373004,9772
22,-2.3999999999999995,-2.5999999999999996,43,20,-6.020000000000039,-0.03518346225209479,0.45,-0.0017313151595838405,1.7,-0.04541877459246779,-8.080000000000013,0.010235312340373004,9773
22,-2.3999999999999995,-2.4999999999999996,43,20,-6.020000000000039,-0.03518346225209479,0.45,-0.0017313151595838405,1.7,-0.04541877459246779,-8.080000000000013,0.010235312340373004,9774
22,-2.3999999999999995,-2.3999999999999995,43,20,-6.020000000000039,-0.03518346225209479,0.45,-0.0017313151595838405,1.7,-0.04541877459246779,-8.080000000000013,0.010235312340373004,9775
22,-2.3999999999999995,-2.2999999999999994,43,20,-6.020000000000039,-0.03518346225209479,0.45,-0.0017313151595838405,1.7,-0.04541877459246779,-8.080000000000013,0.010235312340373004,9776
22,-2.3999999999999995,-2.1999999999999993,43,20,-6.020000000000039,-0.03518346225209479,0.45,-0.0017313151595838405,1.7,-0.04541877459246779,-8.080000000000013,0.010235312340373004,9777
22,-2.3999999999999995,-2.099999999999999,43,20,-6.020000000000039,-0.03518346225209479,0.45,-0.0017313151595838405,1.7,-0.04541877459246779,-8.080000000000013,0.010235312340373004,9778
22,-2.3999999999999995,-1.9999999999999991,43,20,-6.020000000000039,-0.03518346225209479,0.45,-0.0017313151595838405,1.7,-0.04541877459246779,-8.080000000000013,0.010235312340373004,9779
22,-2.3999999999999995,-1.899999999999999,43,20,-6.020000000000039,-0.03518346225209479,0.45,-0.0017313151595838405,1.7,-0.04541877459246779,-8.080000000000013,0.010235312340373004,9780
22,-2.3999999999999995,-1.799999999999999,43,20,-6.020000000000039,-0.03518346225209479,0.45,-0.0017313151595838405,1.7,-0.04541877459246779,-8.080000000000013,0.010235312340373004,9781
22,-2.3999999999999995,-1.6999999999999988,43,20,-6.020000000000039,-0.03518346225209479,0.45,-0.0017313151595838405,1.7,-0.04541877459246779,-8.080000000000013,0.010235312340373004,9782
22,-2.3999999999999995,-1.5999999999999988,43,20,-6.020000000000039,-0.03518346225209479,0.45,-0.0017313151595838405,1.7,-0.04541877459246779,-8.080000000000013,0.010235312340373004,9783
22,-2.2999999999999994,-3.0,43,20,-6.020000000000039,-0.03518346225209479,0.45,-0.0017313151595838405,1.7,-0.04541877459246779,-8.080000000000013,0.010235312340373004,9784
22,-2.2999999999999994,-2.9,43,20,-6.020000000000039,-0.03518346225209479,0.45,-0.0017313151595838405,1.7,-0.04541877459246779,-8.080000000000013,0.010235312340373004,9785
22,-2.2999999999999994,-2.8,43,20,-6.020000000000039,-0.03518346225209479,0.45,-0.0017313151595838405,1.7,-0.04541877459246779,-8.080000000000013,0.010235312340373004,9786
22,-2.2999999999999994,-2.6999999999999997,43,20,-6.020000000000039,-0.03518346225209479,0.45,-0.0017313151595838405,1.7,-0.04541877459246779,-8.080000000000013,0.010235312340373004,9787
22,-2.2999999999999994,-2.5999999999999996,43,20,-6.020000000000039,-0.03518346225209479,0.45,-0.0017313151595838405,1.7,-0.04541877459246779,-8.080000000000013,0.010235312340373004,9788
22,-2.2999999999999994,-2.4999999999999996,43,20,-6.020000000000039,-0.03518346225209479,0.45,-0.0017313151595838405,1.7,-0.04541877459246779,-8.080000000000013,0.010235312340373004,9789
22,-2.2999999999999994,-2.3999999999999995,43,20,-6.020000000000039,-0.03518346225209479,0.45,-0.0017313151595838405,1.7,-0.04541877459246779,-8.080000000000013,0.010235312340373004,9790
22,-2.2999999999999994,-2.2999999999999994,43,20,-6.020000000000039,-0.03518346225209479,0.45,-0.0017313151595838405,1.7,-0.04541877459246779,-8.080000000000013,0.010235312340373004,9791
22,-2.2999999999999994,-2.1999999999999993,43,20,-6.020000000000039,-0.03518346225209479,0.45,-0.0017313151595838405,1.7,-0.04541877459246779,-8.080000000000013,0.010235312340373004,9792
22,-2.2999999999999994,-2.099999999999999,43,20,-6.020000000000039,-0.03518346225209479,0.45,-0.0017313151595838405,1.7,-0.04541877459246779,-8.080000000000013,0.010235312340373004,9793
22,-2.2999999999999994,-1.9999999999999991,43,20,-6.020000000000039,-0.03518346225209479,0.45,-0.0017313151595838405,1.7,-0.04541877459246779,-8.080000000000013,0.010235312340373004,9794
22,-2.2999999999999994,-1.899999999999999,43,20,-6.020000000000039,-0.03518346225209479,0.45,-0.0017313151595838405,1.7,-0.04541877459246779,-8.080000000000013,0.010235312340373004,9795
22,-2.2999999999999994,-1.799999999999999,43,20,-6.020000000000039,-0.03518346225209479,0.45,-0.0017313151595838405,1.7,-0.04541877459246779,-8.080000000000013,0.010235312340373004,9796
22,-2.2999999999999994,-1.6999999999999988,43,20,-6.020000000000039,-0.03518346225209479,0.45,-0.0017313151595838405,1.7,-0.04541877459246779,-8.080000000000013,0.010235312340373004,9797
22,-2.2999999999999994,-1.5999999999999988,43,20,-6.020000000000039,-0.03518346225209479,0.45,-0.0017313151595838405,1.7,-0.04541877459246779,-8.080000000000013,0.010235312340373004,9798
22,-2.1999999999999993,-3.0,43,20,-6.020000000000039,-0.03518346225209479,0.45,-0.0017313151595838405,1.7,-0.04541877459246779,-8.080000000000013,0.010235312340373004,9799
22,-2.1999999999999993,-2.9,43,20,-6.020000000000039,-0.03518346225209479,0.45,-0.0017313151595838405,1.7,-0.04541877459246779,-8.080000000000013,0.010235312340373004,9800
22,-2.1999999999999993,-2.8,43,20,-6.020000000000039,-0.03518346225209479,0.45,-0.0017313151595838405,1.7,-0.04541877459246779,-8.080000000000013,0.010235312340373004,9801
22,-2.1999999999999993,-2.6999999999999997,43,20,-6.020000000000039,-0.03518346225209479,0.45,-0.0017313151595838405,1.7,-0.04541877459246779,-8.080000000000013,0.010235312340373004,9802
22,-2.1999999999999993,-2.5999999999999996,43,20,-6.020000000000039,-0.03518346225209479,0.45,-0.0017313151595838405,1.7,-0.04541877459246779,-8.080000000000013,0.010235312340373004,9803
22,-2.1999999999999993,-2.4999999999999996,43,20,-6.020000000000039,-0.03518346225209479,0.45,-0.0017313151595838405,1.7,-0.04541877459246779,-8.080000000000013,0.010235312340373004,9804
22,-2.1999999999999993,-2.3999999999999995,43,20,-6.020000000000039,-0.03518346225209479,0.45,-0.0017313151595838405,1.7,-0.04541877459246779,-8.080000000000013,0.010235312340373004,9805
22,-2.1999999999999993,-2.2999999999999994,43,20,-6.020000000000039,-0.03518346225209479,0.45,-0.0017313151595838405,1.7,-0.04541877459246779,-8.080000000000013,0.010235312340373004,9806
22,-2.1999999999999993,-2.1999999999999993,43,20,-6.020000000000039,-0.03518346225209479,0.45,-0.0017313151595838405,1.7,-0.04541877459246779,-8.080000000000013,0.010235312340373004,9807
22,-2.1999999999999993,-2.099999999999999,43,20,-6.020000000000039,-0.03518346225209479,0.45,-0.0017313151595838405,1.7,-0.04541877459246779,-8.080000000000013,0.010235312340373004,9808
22,-2.1999999999999993,-1.9999999999999991,43,20,-6.020000000000039,-0.03518346225209479,0.45,-0.0017313151595838405,1.7,-0.04541877459246779,-8.080000000000013,0.010235312340373004,9809
22,-2.1999999999999993,-1.899999999999999,43,20,-6.020000000000039,-0.03518346225209479,0.45,-0.0017313151595838405,1.7,-0.04541877459246779,-8.080000000000013,0.010235312340373004,9810
22,-2.1999999999999993,-1.799999999999999,43,20,-6.020000000000039,-0.03518346225209479,0.45,-0.0017313151595838405,1.7,-0.04541877459246779,-8.080000000000013,0.010235312340373004,9811
22,-2.1999999999999993,-1.6999999999999988,43,20,-6.020000000000039,-0.03518346225209479,0.45,-0.0017313151595838405,1.7,-0.04541877459246779,-8.080000000000013,0.010235312340373004,9812
22,-2.1999999999999993,-1.5999999999999988,43,20,-6.020000000000039,-0.03518346225209479,0.45,-0.0017313151595838405,1.7,-0.04541877459246779,-8.080000000000013,0.010235312340373004,9813
22,-2.099999999999999,-3.0,43,20,-6.020000000000039,-0.03518346225209479,0.45,-0.0017313151595838405,1.7,-0.04541877459246779,-8.080000000000013,0.010235312340373004,9814
22,-2.099999999999999,-2.9,43,20,-6.020000000000039,-0.03518346225209479,0.45,-0.0017313151595838405,1.7,-0.04541877459246779,-8.080000000000013,0.010235312340373004,9815
22,-2.099999999999999,-2.8,43,20,-6.020000000000039,-0.03518346225209479,0.45,-0.0017313151595838405,1.7,-0.04541877459246779,-8.080000000000013,0.010235312340373004,9816
22,-2.099999999999999,-2.6999999999999997,43,20,-6.020000000000039,-0.03518346225209479,0.45,-0.0017313151595838405,1.7,-0.04541877459246779,-8.080000000000013,0.010235312340373004,9817
22,-2.099999999999999,-2.5999999999999996,43,20,-6.020000000000039,-0.03518346225209479,0.45,-0.0017313151595838405,1.7,-0.04541877459246779,-8.080000000000013,0.010235312340373004,9818
22,-2.099999999999999,-2.4999999999999996,43,20,-6.020000000000039,-0.03518346225209479,0.45,-0.0017313151595838405,1.7,-0.04541877459246779,-8.080000000000013,0.010235312340373004,9819
22,-2.099999999999999,-2.3999999999999995,43,20,-6.020000000000039,-0.03518346225209479,0.45,-0.0017313151595838405,1.7,-0.04541877459246779,-8.080000000000013,0.010235312340373004,9820
22,-2.099999999999999,-2.2999999999999994,43,20,-6.020000000000039,-0.03518346225209479,0.45,-0.0017313151595838405,1.7,-0.04541877459246779,-8.080000000000013,0.010235312340373004,9821
22,-2.099999999999999,-2.1999999999999993,43,20,-6.020000000000039,-0.03518346225209479,0.45,-0.0017313151595838405,1.7,-0.04541877459246779,-8.080000000000013,0.010235312340373004,9822
22,-2.099999999999999,-2.099999999999999,43,20,-6.020000000000039,-0.03518346225209479,0.45,-0.0017313151595838405,1.7,-0.04541877459246779,-8.080000000000013,0.010235312340373004,9823
22,-2.099999999999999,-1.9999999999999991,43,20,-6.020000000000039,-0.03518346225209479,0.45,-0.0017313151595838405,1.7,-0.04541877459246779,-8.080000000000013,0.010235312340373004,9824
22,-2.099999999999999,-1.899999999999999,43,20,-6.020000000000039,-0.03518346225209479,0.45,-0.0017313151595838405,1.7,-0.04541877459246779,-8.080000000000013,0.010235312340373004,9825
22,-2.099999999999999,-1.799999999999999,43,20,-6.020000000000039,-0.03518346225209479,0.45,-0.0017313151595838405,1.7,-0.04541877459246779,-8.080000000000013,0.010235312340373004,9826
22,-2.099999999999999,-1.6999999999999988,43,20,-6.020000000000039,-0.03518346225209479,0.45,-0.0017313151595838405,1.7,-0.04541877459246779,-8.080000000000013,0.010235312340373004,9827
22,-2.099999999999999,-1.5999999999999988,43,20,-6.020000000000039,-0.03518346225209479,0.45,-0.0017313151595838405,1.7,-0.04541877459246779,-8.080000000000013,0.010235312340373004,9828
22,-1.0999999999999983,-3.0,43,16,-6.03000000000003,-0.03520474034518162,0.4375,-0.00215763457292914,2.5,-0.04541877459246779,-8.080000000000013,0.010214034247286174,9829
22,-1.0999999999999983,-2.9,43,16,-6.03000000000003,-0.03520474034518162,0.4375,-0.00215763457292914,2.5,-0.04541877459246779,-8.080000000000013,0.010214034247286174,9830
22,-1.0999999999999983,-2.8,43,16,-6.03000000000003,-0.03520474034518162,0.4375,-0.00215763457292914,2.5,-0.04541877459246779,-8.080000000000013,0.010214034247286174,9831
22,-1.0999999999999983,-2.6999999999999997,43,16,-6.03000000000003,-0.03520474034518162,0.4375,-0.00215763457292914,2.5,-0.04541877459246779,-8.080000000000013,0.010214034247286174,9832
22,-1.0999999999999983,-2.5999999999999996,43,16,-6.03000000000003,-0.03520474034518162,0.4375,-0.00215763457292914,2.5,-0.04541877459246779,-8.080000000000013,0.010214034247286174,9833
22,-1.0999999999999983,-2.4999999999999996,43,16,-6.03000000000003,-0.03520474034518162,0.4375,-0.00215763457292914,2.5,-0.04541877459246779,-8.080000000000013,0.010214034247286174,9834
22,-1.0999999999999983,-2.3999999999999995,43,16,-6.03000000000003,-0.03520474034518162,0.4375,-0.00215763457292914,2.5,-0.04541877459246779,-8.080000000000013,0.010214034247286174,9835
22,-1.0999999999999983,-2.2999999999999994,43,16,-6.03000000000003,-0.03520474034518162,0.4375,-0.00215763457292914,2.5,-0.04541877459246779,-8.080000000000013,0.010214034247286174,9836
22,-1.0999999999999983,-2.1999999999999993,43,16,-6.03000000000003,-0.03520474034518162,0.4375,-0.00215763457292914,2.5,-0.04541877459246779,-8.080000000000013,0.010214034247286174,9837
22,-1.0999999999999983,-2.099999999999999,43,16,-6.03000000000003,-0.03520474034518162,0.4375,-0.00215763457292914,2.5,-0.04541877459246779,-8.080000000000013,0.010214034247286174,9838
22,-1.0999999999999983,-1.9999999999999991,43,16,-6.03000000000003,-0.03520474034518162,0.4375,-0.00215763457292914,2.5,-0.04541877459246779,-8.080000000000013,0.010214034247286174,9839
22,-1.0999999999999983,-1.899999999999999,43,16,-6.03000000000003,-0.03520474034518162,0.4375,-0.00215763457292914,2.5,-0.04541877459246779,-8.080000000000013,0.010214034247286174,9840
22,-1.0999999999999983,-1.799999999999999,43,16,-6.03000000000003,-0.03520474034518162,0.4375,-0.00215763457292914,2.5,-0.04541877459246779,-8.080000000000013,0.010214034247286174,9841
22,-1.0999999999999983,-1.6999999999999988,43,16,-6.03000000000003,-0.03520474034518162,0.4375,-0.00215763457292914,2.5,-0.04541877459246779,-8.080000000000013,0.010214034247286174,9842
22,-1.0999999999999983,-1.5999999999999988,43,16,-6.03000000000003,-0.03520474034518162,0.4375,-0.00215763457292914,2.5,-0.04541877459246779,-8.080000000000013,0.010214034247286174,9843
22,-0.9999999999999982,-3.0,43,16,-6.03000000000003,-0.03520474034518162,0.4375,-0.00215763457292914,2.5,-0.04541877459246779,-8.080000000000013,0.010214034247286174,9844
22,-0.9999999999999982,-2.9,43,16,-6.03000000000003,-0.03520474034518162,0.4375,-0.00215763457292914,2.5,-0.04541877459246779,-8.080000000000013,0.010214034247286174,9845
22,-0.9999999999999982,-2.8,43,16,-6.03000000000003,-0.03520474034518162,0.4375,-0.00215763457292914,2.5,-0.04541877459246779,-8.080000000000013,0.010214034247286174,9846
22,-0.9999999999999982,-2.6999999999999997,43,16,-6.03000000000003,-0.03520474034518162,0.4375,-0.00215763457292914,2.5,-0.04541877459246779,-8.080000000000013,0.010214034247286174,9847
22,-0.9999999999999982,-2.5999999999999996,43,16,-6.03000000000003,-0.03520474034518162,0.4375,-0.00215763457292914,2.5,-0.04541877459246779,-8.080000000000013,0.010214034247286174,9848
22,-0.9999999999999982,-2.4999999999999996,43,16,-6.03000000000003,-0.03520474034518162,0.4375,-0.00215763457292914,2.5,-0.04541877459246779,-8.080000000000013,0.010214034247286174,9849
22,-0.9999999999999982,-2.3999999999999995,43,16,-6.03000000000003,-0.03520474034518162,0.4375,-0.00215763457292914,2.5,-0.04541877459246779,-8.080000000000013,0.010214034247286174,9850
22,-0.9999999999999982,-2.2999999999999994,43,16,-6.03000000000003,-0.03520474034518162,0.4375,-0.00215763457292914,2.5,-0.04541877459246779,-8.080000000000013,0.010214034247286174,9851
22,-0.9999999999999982,-2.1999999999999993,43,16,-6.03000000000003,-0.03520474034518162,0.4375,-0.00215763457292914,2.5,-0.04541877459246779,-8.080000000000013,0.010214034247286174,9852
22,-0.9999999999999982,-2.099999999999999,43,16,-6.03000000000003,-0.03520474034518162,0.4375,-0.00215763457292914,2.5,-0.04541877459246779,-8.080000000000013,0.010214034247286174,9853
22,-0.9999999999999982,-1.9999999999999991,43,16,-6.03000000000003,-0.03520474034518162,0.4375,-0.00215763457292914,2.5,-0.04541877459246779,-8.080000000000013,0.010214034247286174,9854
22,-0.9999999999999982,-1.899999999999999,43,16,-6.03000000000003,-0.03520474034518162,0.4375,-0.00215763457292914,2.5,-0.04541877459246779,-8.080000000000013,0.010214034247286174,9855
22,-0.9999999999999982,-1.799999999999999,43,16,-6.03000000000003,-0.03520474034518162,0.4375,-0.00215763457292914,2.5,-0.04541877459246779,-8.080000000000013,0.010214034247286174,9856
22,-0.9999999999999982,-1.6999999999999988,43,16,-6.03000000000003,-0.03520474034518162,0.4375,-0.00215763457292914,2.5,-0.04541877459246779,-8.080000000000013,0.010214034247286174,9857
22,-0.9999999999999982,-1.5999999999999988,43,16,-6.03000000000003,-0.03520474034518162,0.4375,-0.00215763457292914,2.5,-0.04541877459246779,-8.080000000000013,0.010214034247286174,9858
10,-1.2999999999999985,-1.5999999999999988,55,22,-6.160000000000025,-0.03526610624708404,0.5909090909090909,-0.0015577433812941279,1.8636363636363635,-0.007654999123473449,-1.3100000000000023,-0.02761110712361059,9859
10,-1.1999999999999984,-1.5999999999999988,55,22,-6.160000000000025,-0.03526610624708404,0.5909090909090909,-0.0015577433812941279,1.8636363636363635,-0.007654999123473449,-1.3100000000000023,-0.02761110712361059,9860
5,1.0000000000000036,1.5000000000000036,60,2,-6.230000000000018,-0.03539614412986647,0.5,-0.01732808968422478,14.0,-0.0014112666117841455,-0.2400000000000091,-0.033984877518082324,9861
5,1.0000000000000036,1.600000000000004,60,2,-6.230000000000018,-0.03539614412986647,0.5,-0.01732808968422478,14.0,-0.0014112666117841455,-0.2400000000000091,-0.033984877518082324,9862
5,1.0000000000000036,1.7000000000000046,60,2,-6.230000000000018,-0.03539614412986647,0.5,-0.01732808968422478,14.0,-0.0014112666117841455,-0.2400000000000091,-0.033984877518082324,9863
5,1.0000000000000036,1.8000000000000043,60,2,-6.230000000000018,-0.03539614412986647,0.5,-0.01732808968422478,14.0,-0.0014112666117841455,-0.2400000000000091,-0.033984877518082324,9864
5,1.1000000000000032,1.5000000000000036,60,2,-6.230000000000018,-0.03539614412986647,0.5,-0.01732808968422478,14.0,-0.0014112666117841455,-0.2400000000000091,-0.033984877518082324,9865
5,1.1000000000000032,1.600000000000004,60,2,-6.230000000000018,-0.03539614412986647,0.5,-0.01732808968422478,14.0,-0.0014112666117841455,-0.2400000000000091,-0.033984877518082324,9866
5,1.1000000000000032,1.7000000000000046,60,2,-6.230000000000018,-0.03539614412986647,0.5,-0.01732808968422478,14.0,-0.0014112666117841455,-0.2400000000000091,-0.033984877518082324,9867
5,1.1000000000000032,1.8000000000000043,60,2,-6.230000000000018,-0.03539614412986647,0.5,-0.01732808968422478,14.0,-0.0014112666117841455,-0.2400000000000091,-0.033984877518082324,9868
10,-0.699999999999998,1.2000000000000037,55,3,-6.130000000000024,-0.03540502006279633,0.6666666666666666,-0.011520799298505099,5.666666666666667,-0.007654999123473449,-1.3100000000000023,-0.027750020939322884,9869
10,-0.699999999999998,1.3000000000000043,55,3,-6.130000000000024,-0.03540502006279633,0.6666666666666666,-0.011520799298505099,5.666666666666667,-0.007654999123473449,-1.3100000000000023,-0.027750020939322884,9870
10,-0.5999999999999979,1.2000000000000037,55,3,-6.130000000000024,-0.03540502006279633,0.6666666666666666,-0.011520799298505099,5.666666666666667,-0.007654999123473449,-1.3100000000000023,-0.027750020939322884,9871
10,-0.5999999999999979,1.3000000000000043,55,3,-6.130000000000024,-0.03540502006279633,0.6666666666666666,-0.011520799298505099,5.666666666666667,-0.007654999123473449,-1.3100000000000023,-0.027750020939322884,9872
10,-0.4999999999999978,1.2000000000000037,55,3,-6.130000000000024,-0.03540502006279633,0.6666666666666666,-0.011520799298505099,5.666666666666667,-0.007654999123473449,-1.3100000000000023,-0.027750020939322884,9873
10,-0.4999999999999978,1.3000000000000043,55,3,-6.130000000000024,-0.03540502006279633,0.6666666666666666,-0.011520799298505099,5.666666666666667,-0.007654999123473449,-1.3100000000000023,-0.027750020939322884,9874
10,-0.9999999999999982,0.6000000000000032,55,6,-6.150000000000034,-0.03541671182997852,0.6666666666666666,-0.005738887035627212,3.3333333333333335,-0.007654999123473449,-1.3100000000000023,-0.02776171270650507,9875
10,-0.9999999999999982,0.7000000000000033,55,6,-6.150000000000034,-0.03541671182997852,0.6666666666666666,-0.005738887035627212,3.3333333333333335,-0.007654999123473449,-1.3100000000000023,-0.02776171270650507,9876
5,-1.1999999999999984,0.6000000000000032,60,6,-6.1500000000000625,-0.035440118164751344,0.5,-0.005784017471564447,3.0,-0.0014112666117841455,-0.2400000000000091,-0.0340288515529672,9877
5,-1.1999999999999984,0.7000000000000033,60,6,-6.1500000000000625,-0.035440118164751344,0.5,-0.005784017471564447,3.0,-0.0014112666117841455,-0.2400000000000091,-0.0340288515529672,9878
5,-1.1999999999999984,0.8000000000000034,60,6,-6.1500000000000625,-0.035440118164751344,0.5,-0.005784017471564447,3.0,-0.0014112666117841455,-0.2400000000000091,-0.0340288515529672,9879
5,-1.1999999999999984,0.9000000000000035,60,6,-6.1500000000000625,-0.035440118164751344,0.5,-0.005784017471564447,3.0,-0.0014112666117841455,-0.2400000000000091,-0.0340288515529672,9880
10,-0.3999999999999977,1.2000000000000037,55,3,-6.140000000000015,-0.03546292239666604,0.6666666666666666,-0.011539766712487872,6.666666666666667,-0.007654999123473449,-1.3100000000000023,-0.027807923273192592,9881
10,-0.3999999999999977,1.3000000000000043,55,3,-6.140000000000015,-0.03546292239666604,0.6666666666666666,-0.011539766712487872,6.666666666666667,-0.007654999123473449,-1.3100000000000023,-0.027807923273192592,9882
10,0.400000000000003,-0.1999999999999975,55,2,-6.200000000000017,-0.03549989968838718,0.5,-0.017510729812648784,19.0,-0.007654999123473449,-1.3100000000000023,-0.027844900564913733,9883
10,0.400000000000003,-0.09999999999999742,55,2,-6.200000000000017,-0.03549989968838718,0.5,-0.017510729812648784,19.0,-0.007654999123473449,-1.3100000000000023,-0.027844900564913733,9884
10,0.400000000000003,2.6645352591003757e-15,55,2,-6.200000000000017,-0.03549989968838718,0.5,-0.017510729812648784,19.0,-0.007654999123473449,-1.3100000000000023,-0.027844900564913733,9885
10,0.400000000000003,0.10000000000000275,55,2,-6.200000000000017,-0.03549989968838718,0.5,-0.017510729812648784,19.0,-0.007654999123473449,-1.3100000000000023,-0.027844900564913733,9886
10,0.5000000000000031,-0.1999999999999975,55,2,-6.200000000000017,-0.03549989968838718,0.5,-0.017510729812648784,19.0,-0.007654999123473449,-1.3100000000000023,-0.027844900564913733,9887
10,0.5000000000000031,-0.09999999999999742,55,2,-6.200000000000017,-0.03549989968838718,0.5,-0.017510729812648784,19.0,-0.007654999123473449,-1.3100000000000023,-0.027844900564913733,9888
10,0.5000000000000031,2.6645352591003757e-15,55,2,-6.200000000000017,-0.03549989968838718,0.5,-0.017510729812648784,19.0,-0.007654999123473449,-1.3100000000000023,-0.027844900564913733,9889
10,0.5000000000000031,0.10000000000000275,55,2,-6.200000000000017,-0.03549989968838718,0.5,-0.017510729812648784,19.0,-0.007654999123473449,-1.3100000000000023,-0.027844900564913733,9890
10,0.6000000000000032,-0.1999999999999975,55,2,-6.200000000000017,-0.03549989968838718,0.5,-0.017510729812648784,19.0,-0.007654999123473449,-1.3100000000000023,-0.027844900564913733,9891
10,0.6000000000000032,-0.09999999999999742,55,2,-6.200000000000017,-0.03549989968838718,0.5,-0.017510729812648784,19.0,-0.007654999123473449,-1.3100000000000023,-0.027844900564913733,9892
10,0.6000000000000032,2.6645352591003757e-15,55,2,-6.200000000000017,-0.03549989968838718,0.5,-0.017510729812648784,19.0,-0.007654999123473449,-1.3100000000000023,-0.027844900564913733,9893
10,0.6000000000000032,0.10000000000000275,55,2,-6.200000000000017,-0.03549989968838718,0.5,-0.017510729812648784,19.0,-0.007654999123473449,-1.3100000000000023,-0.027844900564913733,9894
10,0.7000000000000033,-0.1999999999999975,55,2,-6.200000000000017,-0.03549989968838718,0.5,-0.017510729812648784,19.0,-0.007654999123473449,-1.3100000000000023,-0.027844900564913733,9895
10,0.7000000000000033,-0.09999999999999742,55,2,-6.200000000000017,-0.03549989968838718,0.5,-0.017510729812648784,19.0,-0.007654999123473449,-1.3100000000000023,-0.027844900564913733,9896
10,0.7000000000000033,2.6645352591003757e-15,55,2,-6.200000000000017,-0.03549989968838718,0.5,-0.017510729812648784,19.0,-0.007654999123473449,-1.3100000000000023,-0.027844900564913733,9897
10,0.7000000000000033,0.10000000000000275,55,2,-6.200000000000017,-0.03549989968838718,0.5,-0.017510729812648784,19.0,-0.007654999123473449,-1.3100000000000023,-0.027844900564913733,9898
10,0.8000000000000034,-0.1999999999999975,55,2,-6.200000000000017,-0.03549989968838718,0.5,-0.017510729812648784,19.0,-0.007654999123473449,-1.3100000000000023,-0.027844900564913733,9899
10,0.8000000000000034,-0.09999999999999742,55,2,-6.200000000000017,-0.03549989968838718,0.5,-0.017510729812648784,19.0,-0.007654999123473449,-1.3100000000000023,-0.027844900564913733,9900
10,0.8000000000000034,2.6645352591003757e-15,55,2,-6.200000000000017,-0.03549989968838718,0.5,-0.017510729812648784,19.0,-0.007654999123473449,-1.3100000000000023,-0.027844900564913733,9901
10,0.8000000000000034,0.10000000000000275,55,2,-6.200000000000017,-0.03549989968838718,0.5,-0.017510729812648784,19.0,-0.007654999123473449,-1.3100000000000023,-0.027844900564913733,9902
10,0.9000000000000035,-0.1999999999999975,55,2,-6.200000000000017,-0.03549989968838718,0.5,-0.017510729812648784,19.0,-0.007654999123473449,-1.3100000000000023,-0.027844900564913733,9903
10,0.9000000000000035,-0.09999999999999742,55,2,-6.200000000000017,-0.03549989968838718,0.5,-0.017510729812648784,19.0,-0.007654999123473449,-1.3100000000000023,-0.027844900564913733,9904
10,0.9000000000000035,2.6645352591003757e-15,55,2,-6.200000000000017,-0.03549989968838718,0.5,-0.017510729812648784,19.0,-0.007654999123473449,-1.3100000000000023,-0.027844900564913733,9905
10,0.9000000000000035,0.10000000000000275,55,2,-6.200000000000017,-0.03549989968838718,0.5,-0.017510729812648784,19.0,-0.007654999123473449,-1.3100000000000023,-0.027844900564913733,9906
10,1.0000000000000036,-0.1999999999999975,55,2,-6.200000000000017,-0.03549989968838718,0.5,-0.017510729812648784,19.0,-0.007654999123473449,-1.3100000000000023,-0.027844900564913733,9907
10,1.0000000000000036,-0.09999999999999742,55,2,-6.200000000000017,-0.03549989968838718,0.5,-0.017510729812648784,19.0,-0.007654999123473449,-1.3100000000000023,-0.027844900564913733,9908
10,1.0000000000000036,2.6645352591003757e-15,55,2,-6.200000000000017,-0.03549989968838718,0.5,-0.017510729812648784,19.0,-0.007654999123473449,-1.3100000000000023,-0.027844900564913733,9909
10,1.0000000000000036,0.10000000000000275,55,2,-6.200000000000017,-0.03549989968838718,0.5,-0.017510729812648784,19.0,-0.007654999123473449,-1.3100000000000023,-0.027844900564913733,9910
10,1.1000000000000032,-0.1999999999999975,55,2,-6.200000000000017,-0.03549989968838718,0.5,-0.017510729812648784,19.0,-0.007654999123473449,-1.3100000000000023,-0.027844900564913733,9911
10,1.1000000000000032,-0.09999999999999742,55,2,-6.200000000000017,-0.03549989968838718,0.5,-0.017510729812648784,19.0,-0.007654999123473449,-1.3100000000000023,-0.027844900564913733,9912
10,1.1000000000000032,2.6645352591003757e-15,55,2,-6.200000000000017,-0.03549989968838718,0.5,-0.017510729812648784,19.0,-0.007654999123473449,-1.3100000000000023,-0.027844900564913733,9913
10,1.1000000000000032,0.10000000000000275,55,2,-6.200000000000017,-0.03549989968838718,0.5,-0.017510729812648784,19.0,-0.007654999123473449,-1.3100000000000023,-0.027844900564913733,9914
10,1.2000000000000037,-0.1999999999999975,55,2,-6.200000000000017,-0.03549989968838718,0.5,-0.017510729812648784,19.0,-0.007654999123473449,-1.3100000000000023,-0.027844900564913733,9915
10,1.2000000000000037,-0.09999999999999742,55,2,-6.200000000000017,-0.03549989968838718,0.5,-0.017510729812648784,19.0,-0.007654999123473449,-1.3100000000000023,-0.027844900564913733,9916
10,1.2000000000000037,2.6645352591003757e-15,55,2,-6.200000000000017,-0.03549989968838718,0.5,-0.017510729812648784,19.0,-0.007654999123473449,-1.3100000000000023,-0.027844900564913733,9917
10,1.2000000000000037,0.10000000000000275,55,2,-6.200000000000017,-0.03549989968838718,0.5,-0.017510729812648784,19.0,-0.007654999123473449,-1.3100000000000023,-0.027844900564913733,9918
10,1.3000000000000043,-0.1999999999999975,55,2,-6.200000000000017,-0.03549989968838718,0.5,-0.017510729812648784,19.0,-0.007654999123473449,-1.3100000000000023,-0.027844900564913733,9919
10,1.3000000000000043,-0.09999999999999742,55,2,-6.200000000000017,-0.03549989968838718,0.5,-0.017510729812648784,19.0,-0.007654999123473449,-1.3100000000000023,-0.027844900564913733,9920
10,1.3000000000000043,2.6645352591003757e-15,55,2,-6.200000000000017,-0.03549989968838718,0.5,-0.017510729812648784,19.0,-0.007654999123473449,-1.3100000000000023,-0.027844900564913733,9921
10,1.3000000000000043,0.10000000000000275,55,2,-6.200000000000017,-0.03549989968838718,0.5,-0.017510729812648784,19.0,-0.007654999123473449,-1.3100000000000023,-0.027844900564913733,9922
10,1.400000000000004,-0.1999999999999975,55,2,-6.200000000000017,-0.03549989968838718,0.5,-0.017510729812648784,19.0,-0.007654999123473449,-1.3100000000000023,-0.027844900564913733,9923
10,1.400000000000004,-0.09999999999999742,55,2,-6.200000000000017,-0.03549989968838718,0.5,-0.017510729812648784,19.0,-0.007654999123473449,-1.3100000000000023,-0.027844900564913733,9924
10,1.400000000000004,2.6645352591003757e-15,55,2,-6.200000000000017,-0.03549989968838718,0.5,-0.017510729812648784,19.0,-0.007654999123473449,-1.3100000000000023,-0.027844900564913733,9925
10,1.400000000000004,0.10000000000000275,55,2,-6.200000000000017,-0.03549989968838718,0.5,-0.017510729812648784,19.0,-0.007654999123473449,-1.3100000000000023,-0.027844900564913733,9926
10,1.5000000000000036,-0.1999999999999975,55,2,-6.200000000000017,-0.03549989968838718,0.5,-0.017510729812648784,19.0,-0.007654999123473449,-1.3100000000000023,-0.027844900564913733,9927
10,1.5000000000000036,-0.09999999999999742,55,2,-6.200000000000017,-0.03549989968838718,0.5,-0.017510729812648784,19.0,-0.007654999123473449,-1.3100000000000023,-0.027844900564913733,9928
10,1.5000000000000036,2.6645352591003757e-15,55,2,-6.200000000000017,-0.03549989968838718,0.5,-0.017510729812648784,19.0,-0.007654999123473449,-1.3100000000000023,-0.027844900564913733,9929
10,1.5000000000000036,0.10000000000000275,55,2,-6.200000000000017,-0.03549989968838718,0.5,-0.017510729812648784,19.0,-0.007654999123473449,-1.3100000000000023,-0.027844900564913733,9930
10,-0.2999999999999976,-0.8999999999999981,55,6,-6.1200000000000045,-0.03550952972233212,0.5,-0.005754359302946321,6.0,-0.007654999123473449,-1.3100000000000023,-0.027854530598858673,9931
10,-0.2999999999999976,-0.799999999999998,55,6,-6.1200000000000045,-0.03550952972233212,0.5,-0.005754359302946321,6.0,-0.007654999123473449,-1.3100000000000023,-0.027854530598858673,9932
10,-0.1999999999999975,-0.8999999999999981,55,6,-6.1200000000000045,-0.03550952972233212,0.5,-0.005754359302946321,6.0,-0.007654999123473449,-1.3100000000000023,-0.027854530598858673,9933
10,-0.1999999999999975,-0.799999999999998,55,6,-6.1200000000000045,-0.03550952972233212,0.5,-0.005754359302946321,6.0,-0.007654999123473449,-1.3100000000000023,-0.027854530598858673,9934
22,-0.09999999999999742,2.6645352591003757e-15,43,2,-6.25,-0.03555395280005047,0.5,-0.01774604155845222,14.5,-0.04541877459246779,-8.080000000000013,0.009864821792417322,9935
22,2.6645352591003757e-15,2.6645352591003757e-15,43,2,-6.25,-0.03555395280005047,0.5,-0.01774604155845222,14.5,-0.04541877459246779,-8.080000000000013,0.009864821792417322,9936
10,-3.0,-1.5999999999999988,55,25,-6.310000000000031,-0.0356006676382139,0.56,-0.0014072143234584277,1.48,-0.007654999123473449,-1.3100000000000023,-0.02794566851474045,9937
10,-2.9,-1.5999999999999988,55,25,-6.310000000000031,-0.0356006676382139,0.56,-0.0014072143234584277,1.48,-0.007654999123473449,-1.3100000000000023,-0.02794566851474045,9938
10,-2.8,-1.5999999999999988,55,25,-6.310000000000031,-0.0356006676382139,0.56,-0.0014072143234584277,1.48,-0.007654999123473449,-1.3100000000000023,-0.02794566851474045,9939
10,-2.6999999999999997,-1.5999999999999988,55,25,-6.310000000000031,-0.0356006676382139,0.56,-0.0014072143234584277,1.48,-0.007654999123473449,-1.3100000000000023,-0.02794566851474045,9940
10,-2.5999999999999996,-1.5999999999999988,55,25,-6.310000000000031,-0.0356006676382139,0.56,-0.0014072143234584277,1.48,-0.007654999123473449,-1.3100000000000023,-0.02794566851474045,9941
10,-2.4999999999999996,-1.5999999999999988,55,25,-6.310000000000031,-0.0356006676382139,0.56,-0.0014072143234584277,1.48,-0.007654999123473449,-1.3100000000000023,-0.02794566851474045,9942
22,-1.2999999999999985,-0.799999999999998,43,12,-6.230000000000047,-0.03560771639733762,0.5833333333333334,-0.002912526346182285,2.0833333333333335,-0.04541877459246779,-8.080000000000013,0.009811058195130173,9943
10,0.400000000000003,-0.699999999999998,55,2,-6.220000000000027,-0.03561376546966477,0.5,-0.017570378493037664,21.0,-0.007654999123473449,-1.3100000000000023,-0.02795876634619132,9944
10,0.400000000000003,-0.5999999999999979,55,2,-6.220000000000027,-0.03561376546966477,0.5,-0.017570378493037664,21.0,-0.007654999123473449,-1.3100000000000023,-0.02795876634619132,9945
10,0.400000000000003,-0.4999999999999978,55,2,-6.220000000000027,-0.03561376546966477,0.5,-0.017570378493037664,21.0,-0.007654999123473449,-1.3100000000000023,-0.02795876634619132,9946
10,0.400000000000003,-0.3999999999999977,55,2,-6.220000000000027,-0.03561376546966477,0.5,-0.017570378493037664,21.0,-0.007654999123473449,-1.3100000000000023,-0.02795876634619132,9947
10,0.400000000000003,-0.2999999999999976,55,2,-6.220000000000027,-0.03561376546966477,0.5,-0.017570378493037664,21.0,-0.007654999123473449,-1.3100000000000023,-0.02795876634619132,9948
10,0.5000000000000031,-0.699999999999998,55,2,-6.220000000000027,-0.03561376546966477,0.5,-0.017570378493037664,21.0,-0.007654999123473449,-1.3100000000000023,-0.02795876634619132,9949
10,0.5000000000000031,-0.5999999999999979,55,2,-6.220000000000027,-0.03561376546966477,0.5,-0.017570378493037664,21.0,-0.007654999123473449,-1.3100000000000023,-0.02795876634619132,9950
10,0.5000000000000031,-0.4999999999999978,55,2,-6.220000000000027,-0.03561376546966477,0.5,-0.017570378493037664,21.0,-0.007654999123473449,-1.3100000000000023,-0.02795876634619132,9951
10,0.5000000000000031,-0.3999999999999977,55,2,-6.220000000000027,-0.03561376546966477,0.5,-0.017570378493037664,21.0,-0.007654999123473449,-1.3100000000000023,-0.02795876634619132,9952
10,0.5000000000000031,-0.2999999999999976,55,2,-6.220000000000027,-0.03561376546966477,0.5,-0.017570378493037664,21.0,-0.007654999123473449,-1.3100000000000023,-0.02795876634619132,9953
10,0.6000000000000032,-0.699999999999998,55,2,-6.220000000000027,-0.03561376546966477,0.5,-0.017570378493037664,21.0,-0.007654999123473449,-1.3100000000000023,-0.02795876634619132,9954
10,0.6000000000000032,-0.5999999999999979,55,2,-6.220000000000027,-0.03561376546966477,0.5,-0.017570378493037664,21.0,-0.007654999123473449,-1.3100000000000023,-0.02795876634619132,9955
10,0.6000000000000032,-0.4999999999999978,55,2,-6.220000000000027,-0.03561376546966477,0.5,-0.017570378493037664,21.0,-0.007654999123473449,-1.3100000000000023,-0.02795876634619132,9956
10,0.6000000000000032,-0.3999999999999977,55,2,-6.220000000000027,-0.03561376546966477,0.5,-0.017570378493037664,21.0,-0.007654999123473449,-1.3100000000000023,-0.02795876634619132,9957
10,0.6000000000000032,-0.2999999999999976,55,2,-6.220000000000027,-0.03561376546966477,0.5,-0.017570378493037664,21.0,-0.007654999123473449,-1.3100000000000023,-0.02795876634619132,9958
10,0.7000000000000033,-0.699999999999998,55,2,-6.220000000000027,-0.03561376546966477,0.5,-0.017570378493037664,21.0,-0.007654999123473449,-1.3100000000000023,-0.02795876634619132,9959
10,0.7000000000000033,-0.5999999999999979,55,2,-6.220000000000027,-0.03561376546966477,0.5,-0.017570378493037664,21.0,-0.007654999123473449,-1.3100000000000023,-0.02795876634619132,9960
10,0.7000000000000033,-0.4999999999999978,55,2,-6.220000000000027,-0.03561376546966477,0.5,-0.017570378493037664,21.0,-0.007654999123473449,-1.3100000000000023,-0.02795876634619132,9961
10,0.7000000000000033,-0.3999999999999977,55,2,-6.220000000000027,-0.03561376546966477,0.5,-0.017570378493037664,21.0,-0.007654999123473449,-1.3100000000000023,-0.02795876634619132,9962
10,0.7000000000000033,-0.2999999999999976,55,2,-6.220000000000027,-0.03561376546966477,0.5,-0.017570378493037664,21.0,-0.007654999123473449,-1.3100000000000023,-0.02795876634619132,9963
10,0.8000000000000034,-0.699999999999998,55,2,-6.220000000000027,-0.03561376546966477,0.5,-0.017570378493037664,21.0,-0.007654999123473449,-1.3100000000000023,-0.02795876634619132,9964
10,0.8000000000000034,-0.5999999999999979,55,2,-6.220000000000027,-0.03561376546966477,0.5,-0.017570378493037664,21.0,-0.007654999123473449,-1.3100000000000023,-0.02795876634619132,9965
10,0.8000000000000034,-0.4999999999999978,55,2,-6.220000000000027,-0.03561376546966477,0.5,-0.017570378493037664,21.0,-0.007654999123473449,-1.3100000000000023,-0.02795876634619132,9966
10,0.8000000000000034,-0.3999999999999977,55,2,-6.220000000000027,-0.03561376546966477,0.5,-0.017570378493037664,21.0,-0.007654999123473449,-1.3100000000000023,-0.02795876634619132,9967
10,0.8000000000000034,-0.2999999999999976,55,2,-6.220000000000027,-0.03561376546966477,0.5,-0.017570378493037664,21.0,-0.007654999123473449,-1.3100000000000023,-0.02795876634619132,9968
10,0.9000000000000035,-0.699999999999998,55,2,-6.220000000000027,-0.03561376546966477,0.5,-0.017570378493037664,21.0,-0.007654999123473449,-1.3100000000000023,-0.02795876634619132,9969
10,0.9000000000000035,-0.5999999999999979,55,2,-6.220000000000027,-0.03561376546966477,0.5,-0.017570378493037664,21.0,-0.007654999123473449,-1.3100000000000023,-0.02795876634619132,9970
10,0.9000000000000035,-0.4999999999999978,55,2,-6.220000000000027,-0.03561376546966477,0.5,-0.017570378493037664,21.0,-0.007654999123473449,-1.3100000000000023,-0.02795876634619132,9971
10,0.9000000000000035,-0.3999999999999977,55,2,-6.220000000000027,-0.03561376546966477,0.5,-0.017570378493037664,21.0,-0.007654999123473449,-1.3100000000000023,-0.02795876634619132,9972
10,0.9000000000000035,-0.2999999999999976,55,2,-6.220000000000027,-0.03561376546966477,0.5,-0.017570378493037664,21.0,-0.007654999123473449,-1.3100000000000023,-0.02795876634619132,9973
10,1.0000000000000036,-0.699999999999998,55,2,-6.220000000000027,-0.03561376546966477,0.5,-0.017570378493037664,21.0,-0.007654999123473449,-1.3100000000000023,-0.02795876634619132,9974
10,1.0000000000000036,-0.5999999999999979,55,2,-6.220000000000027,-0.03561376546966477,0.5,-0.017570378493037664,21.0,-0.007654999123473449,-1.3100000000000023,-0.02795876634619132,9975
10,1.0000000000000036,-0.4999999999999978,55,2,-6.220000000000027,-0.03561376546966477,0.5,-0.017570378493037664,21.0,-0.007654999123473449,-1.3100000000000023,-0.02795876634619132,9976
10,1.0000000000000036,-0.3999999999999977,55,2,-6.220000000000027,-0.03561376546966477,0.5,-0.017570378493037664,21.0,-0.007654999123473449,-1.3100000000000023,-0.02795876634619132,9977
10,1.0000000000000036,-0.2999999999999976,55,2,-6.220000000000027,-0.03561376546966477,0.5,-0.017570378493037664,21.0,-0.007654999123473449,-1.3100000000000023,-0.02795876634619132,9978
10,1.1000000000000032,-0.699999999999998,55,2,-6.220000000000027,-0.03561376546966477,0.5,-0.017570378493037664,21.0,-0.007654999123473449,-1.3100000000000023,-0.02795876634619132,9979
10,1.1000000000000032,-0.5999999999999979,55,2,-6.220000000000027,-0.03561376546966477,0.5,-0.017570378493037664,21.0,-0.007654999123473449,-1.3100000000000023,-0.02795876634619132,9980
10,1.1000000000000032,-0.4999999999999978,55,2,-6.220000000000027,-0.03561376546966477,0.5,-0.017570378493037664,21.0,-0.007654999123473449,-1.3100000000000023,-0.02795876634619132,9981
10,1.1000000000000032,-0.3999999999999977,55,2,-6.220000000000027,-0.03561376546966477,0.5,-0.017570378493037664,21.0,-0.007654999123473449,-1.3100000000000023,-0.02795876634619132,9982
10,1.1000000000000032,-0.2999999999999976,55,2,-6.220000000000027,-0.03561376546966477,0.5,-0.017570378493037664,21.0,-0.007654999123473449,-1.3100000000000023,-0.02795876634619132,9983
10,1.2000000000000037,-0.699999999999998,55,2,-6.220000000000027,-0.03561376546966477,0.5,-0.017570378493037664,21.0,-0.007654999123473449,-1.3100000000000023,-0.02795876634619132,9984
10,1.2000000000000037,-0.5999999999999979,55,2,-6.220000000000027,-0.03561376546966477,0.5,-0.017570378493037664,21.0,-0.007654999123473449,-1.3100000000000023,-0.02795876634619132,9985
10,1.2000000000000037,-0.4999999999999978,55,2,-6.220000000000027,-0.03561376546966477,0.5,-0.017570378493037664,21.0,-0.007654999123473449,-1.3100000000000023,-0.02795876634619132,9986
10,1.2000000000000037,-0.3999999999999977,55,2,-6.220000000000027,-0.03561376546966477,0.5,-0.017570378493037664,21.0,-0.007654999123473449,-1.3100000000000023,-0.02795876634619132,9987
10,1.2000000000000037,-0.2999999999999976,55,2,-6.220000000000027,-0.03561376546966477,0.5,-0.017570378493037664,21.0,-0.007654999123473449,-1.3100000000000023,-0.02795876634619132,9988
10,1.3000000000000043,-0.699999999999998,55,2,-6.220000000000027,-0.03561376546966477,0.5,-0.017570378493037664,21.0,-0.007654999123473449,-1.3100000000000023,-0.02795876634619132,9989
10,1.3000000000000043,-0.5999999999999979,55,2,-6.220000000000027,-0.03561376546966477,0.5,-0.017570378493037664,21.0,-0.007654999123473449,-1.3100000000000023,-0.02795876634619132,9990
10,1.3000000000000043,-0.4999999999999978,55,2,-6.220000000000027,-0.03561376546966477,0.5,-0.017570378493037664,21.0,-0.007654999123473449,-1.3100000000000023,-0.02795876634619132,9991
10,1.3000000000000043,-0.3999999999999977,55,2,-6.220000000000027,-0.03561376546966477,0.5,-0.017570378493037664,21.0,-0.007654999123473449,-1.3100000000000023,-0.02795876634619132,9992
10,1.3000000000000043,-0.2999999999999976,55,2,-6.220000000000027,-0.03561376546966477,0.5,-0.017570378493037664,21.0,-0.007654999123473449,-1.3100000000000023,-0.02795876634619132,9993
10,1.400000000000004,-0.699999999999998,55,2,-6.220000000000027,-0.03561376546966477,0.5,-0.017570378493037664,21.0,-0.007654999123473449,-1.3100000000000023,-0.02795876634619132,9994
10,1.400000000000004,-0.5999999999999979,55,2,-6.220000000000027,-0.03561376546966477,0.5,-0.017570378493037664,21.0,-0.007654999123473449,-1.3100000000000023,-0.02795876634619132,9995
10,1.400000000000004,-0.4999999999999978,55,2,-6.220000000000027,-0.03561376546966477,0.5,-0.017570378493037664,21.0,-0.007654999123473449,-1.3100000000000023,-0.02795876634619132,9996
10,1.400000000000004,-0.3999999999999977,55,2,-6.220000000000027,-0.03561376546966477,0.5,-0.017570378493037664,21.0,-0.007654999123473449,-1.3100000000000023,-0.02795876634619132,9997
10,1.400000000000004,-0.2999999999999976,55,2,-6.220000000000027,-0.03561376546966477,0.5,-0.017570378493037664,21.0,-0.007654999123473449,-1.3100000000000023,-0.02795876634619132,9998
10,1.5000000000000036,-0.699999999999998,55,2,-6.220000000000027,-0.03561376546966477,0.5,-0.017570378493037664,21.0,-0.007654999123473449,-1.3100000000000023,-0.02795876634619132,9999
10,1.5000000000000036,-0.5999999999999979,55,2,-6.220000000000027,-0.03561376546966477,0.5,-0.017570378493037664,21.0,-0.007654999123473449,-1.3100000000000023,-0.02795876634619132,10000
10,1.5000000000000036,-0.4999999999999978,55,2,-6.220000000000027,-0.03561376546966477,0.5,-0.017570378493037664,21.0,-0.007654999123473449,-1.3100000000000023,-0.02795876634619132,10001
10,1.5000000000000036,-0.3999999999999977,55,2,-6.220000000000027,-0.03561376546966477,0.5,-0.017570378493037664,21.0,-0.007654999123473449,-1.3100000000000023,-0.02795876634619132,10002
10,1.5000000000000036,-0.2999999999999976,55,2,-6.220000000000027,-0.03561376546966477,0.5,-0.017570378493037664,21.0,-0.007654999123473449,-1.3100000000000023,-0.02795876634619132,10003
22,-1.1999999999999984,0.5000000000000031,43,3,-6.240000000000009,-0.03562310015219006,0.6666666666666666,-0.011707469313860094,5.333333333333333,-0.04541877459246779,-8.080000000000013,0.009795674440277735,10004
22,-1.1999999999999984,0.6000000000000032,43,3,-6.240000000000009,-0.03562310015219006,0.6666666666666666,-0.011707469313860094,5.333333333333333,-0.04541877459246779,-8.080000000000013,0.009795674440277735,10005
22,-1.1999999999999984,0.7000000000000033,43,3,-6.240000000000009,-0.03562310015219006,0.6666666666666666,-0.011707469313860094,5.333333333333333,-0.04541877459246779,-8.080000000000013,0.009795674440277735,10006
22,-1.1999999999999984,0.8000000000000034,43,3,-6.240000000000009,-0.03562310015219006,0.6666666666666666,-0.011707469313860094,5.333333333333333,-0.04541877459246779,-8.080000000000013,0.009795674440277735,10007
5,-0.1999999999999975,-1.5999999999999988,60,17,-6.159999999999997,-0.03563083470477657,0.5882352941176471,-0.001985604853997053,3.411764705882353,-0.0014112666117841455,-0.2400000000000091,-0.034219568092992425,10008
5,-0.09999999999999742,-1.5999999999999988,60,17,-6.159999999999997,-0.03563083470477657,0.5882352941176471,-0.001985604853997053,3.411764705882353,-0.0014112666117841455,-0.2400000000000091,-0.034219568092992425,10009
22,-1.4999999999999987,-0.9999999999999982,43,15,-6.219999999999999,-0.035795561917113305,0.4666666666666667,-0.0023337695392161204,2.1333333333333333,-0.04541877459246779,-8.080000000000013,0.009623212675354487,10010
22,-1.4999999999999987,-0.8999999999999981,43,15,-6.219999999999999,-0.035795561917113305,0.4666666666666667,-0.0023337695392161204,2.1333333333333333,-0.04541877459246779,-8.080000000000013,0.009623212675354487,10011
22,-1.3999999999999986,-0.9999999999999982,43,15,-6.219999999999999,-0.035795561917113305,0.4666666666666667,-0.0023337695392161204,2.1333333333333333,-0.04541877459246779,-8.080000000000013,0.009623212675354487,10012
22,-1.3999999999999986,-0.8999999999999981,43,15,-6.219999999999999,-0.035795561917113305,0.4666666666666667,-0.0023337695392161204,2.1333333333333333,-0.04541877459246779,-8.080000000000013,0.009623212675354487,10013
5,-1.1999999999999984,1.2000000000000037,60,4,-6.220000000000056,-0.03579952819649357,0.5,-0.008773033780939687,4.0,-0.0014112666117841455,-0.2400000000000091,-0.03438826158470942,10014
5,-1.1999999999999984,1.3000000000000043,60,4,-6.220000000000056,-0.03579952819649357,0.5,-0.008773033780939687,4.0,-0.0014112666117841455,-0.2400000000000091,-0.03438826158470942,10015
5,-1.0999999999999983,1.2000000000000037,60,4,-6.220000000000056,-0.03579952819649357,0.5,-0.008773033780939687,4.0,-0.0014112666117841455,-0.2400000000000091,-0.03438826158470942,10016
5,-1.0999999999999983,1.3000000000000043,60,4,-6.220000000000056,-0.03579952819649357,0.5,-0.008773033780939687,4.0,-0.0014112666117841455,-0.2400000000000091,-0.03438826158470942,10017
5,-0.9999999999999982,1.2000000000000037,60,4,-6.220000000000056,-0.03579952819649357,0.5,-0.008773033780939687,4.0,-0.0014112666117841455,-0.2400000000000091,-0.03438826158470942,10018
5,-0.9999999999999982,1.3000000000000043,60,4,-6.220000000000056,-0.03579952819649357,0.5,-0.008773033780939687,4.0,-0.0014112666117841455,-0.2400000000000091,-0.03438826158470942,10019
5,-0.8999999999999981,1.2000000000000037,60,4,-6.220000000000056,-0.03579952819649357,0.5,-0.008773033780939687,4.0,-0.0014112666117841455,-0.2400000000000091,-0.03438826158470942,10020
5,-0.8999999999999981,1.3000000000000043,60,4,-6.220000000000056,-0.03579952819649357,0.5,-0.008773033780939687,4.0,-0.0014112666117841455,-0.2400000000000091,-0.03438826158470942,10021
5,-0.799999999999998,1.2000000000000037,60,4,-6.220000000000056,-0.03579952819649357,0.5,-0.008773033780939687,4.0,-0.0014112666117841455,-0.2400000000000091,-0.03438826158470942,10022
5,-0.799999999999998,1.3000000000000043,60,4,-6.220000000000056,-0.03579952819649357,0.5,-0.008773033780939687,4.0,-0.0014112666117841455,-0.2400000000000091,-0.03438826158470942,10023
5,-0.699999999999998,1.2000000000000037,60,4,-6.220000000000056,-0.03579952819649357,0.5,-0.008773033780939687,4.0,-0.0014112666117841455,-0.2400000000000091,-0.03438826158470942,10024
5,-0.699999999999998,1.3000000000000043,60,4,-6.220000000000056,-0.03579952819649357,0.5,-0.008773033780939687,4.0,-0.0014112666117841455,-0.2400000000000091,-0.03438826158470942,10025
5,-0.5999999999999979,1.2000000000000037,60,4,-6.220000000000056,-0.03579952819649357,0.5,-0.008773033780939687,4.0,-0.0014112666117841455,-0.2400000000000091,-0.03438826158470942,10026
5,-0.5999999999999979,1.3000000000000043,60,4,-6.220000000000056,-0.03579952819649357,0.5,-0.008773033780939687,4.0,-0.0014112666117841455,-0.2400000000000091,-0.03438826158470942,10027
5,-0.3999999999999977,1.5000000000000036,60,3,-6.230000000000047,-0.03585161597885078,0.6666666666666666,-0.011635090344678209,4.666666666666667,-0.0014112666117841455,-0.2400000000000091,-0.034440349367066636,10028
5,-0.3999999999999977,1.600000000000004,60,3,-6.230000000000047,-0.03585161597885078,0.6666666666666666,-0.011635090344678209,4.666666666666667,-0.0014112666117841455,-0.2400000000000091,-0.034440349367066636,10029
5,-0.3999999999999977,1.7000000000000046,60,3,-6.230000000000047,-0.03585161597885078,0.6666666666666666,-0.011635090344678209,4.666666666666667,-0.0014112666117841455,-0.2400000000000091,-0.034440349367066636,10030
5,-0.3999999999999977,1.8000000000000043,60,3,-6.230000000000047,-0.03585161597885078,0.6666666666666666,-0.011635090344678209,4.666666666666667,-0.0014112666117841455,-0.2400000000000091,-0.034440349367066636,10031
10,-0.8999999999999981,-1.5999999999999988,55,19,-6.310000000000031,-0.035869937357436044,0.631578947368421,-0.001826700742860346,2.1578947368421053,-0.007654999123473449,-1.3100000000000023,-0.028214938233962594,10032
10,-0.799999999999998,-1.5999999999999988,55,19,-6.310000000000031,-0.035869937357436044,0.631578947368421,-0.001826700742860346,2.1578947368421053,-0.007654999123473449,-1.3100000000000023,-0.028214938233962594,10033
22,-0.8999999999999981,2.6645352591003757e-15,43,5,-6.310000000000031,-0.036047920470117845,0.6,-0.007181594625887677,4.6,-0.04541877459246779,-8.080000000000013,0.009370854122349948,10034
10,-0.09999999999999742,1.0000000000000036,55,3,-6.210000000000036,-0.036099294423600714,0.6666666666666666,-0.011706560336895247,9.666666666666666,-0.007654999123473449,-1.3100000000000023,-0.028444295300127265,10035
10,-0.09999999999999742,1.1000000000000032,55,3,-6.210000000000036,-0.036099294423600714,0.6666666666666666,-0.011706560336895247,9.666666666666666,-0.007654999123473449,-1.3100000000000023,-0.028444295300127265,10036
10,2.6645352591003757e-15,1.0000000000000036,55,3,-6.210000000000036,-0.036099294423600714,0.6666666666666666,-0.011706560336895247,9.666666666666666,-0.007654999123473449,-1.3100000000000023,-0.028444295300127265,10037
10,2.6645352591003757e-15,1.1000000000000032,55,3,-6.210000000000036,-0.036099294423600714,0.6666666666666666,-0.011706560336895247,9.666666666666666,-0.007654999123473449,-1.3100000000000023,-0.028444295300127265,10038
10,0.10000000000000275,1.0000000000000036,55,3,-6.210000000000036,-0.036099294423600714,0.6666666666666666,-0.011706560336895247,9.666666666666666,-0.007654999123473449,-1.3100000000000023,-0.028444295300127265,10039
10,0.10000000000000275,1.1000000000000032,55,3,-6.210000000000036,-0.036099294423600714,0.6666666666666666,-0.011706560336895247,9.666666666666666,-0.007654999123473449,-1.3100000000000023,-0.028444295300127265,10040
22,-3.0,2.100000000000005,43,1,-6.180000000000007,-0.03611711764362113,0.0,-0.03611711764362113,2.0,-0.04541877459246779,-8.080000000000013,0.00930165694884666,10041
22,-3.0,2.2000000000000046,43,1,-6.180000000000007,-0.03611711764362113,0.0,-0.03611711764362113,2.0,-0.04541877459246779,-8.080000000000013,0.00930165694884666,10042
22,-3.0,2.3000000000000043,43,1,-6.180000000000007,-0.03611711764362113,0.0,-0.03611711764362113,2.0,-0.04541877459246779,-8.080000000000013,0.00930165694884666,10043
22,-3.0,2.400000000000005,43,1,-6.180000000000007,-0.03611711764362113,0.0,-0.03611711764362113,2.0,-0.04541877459246779,-8.080000000000013,0.00930165694884666,10044
22,-3.0,2.5000000000000053,43,1,-6.180000000000007,-0.03611711764362113,0.0,-0.03611711764362113,2.0,-0.04541877459246779,-8.080000000000013,0.00930165694884666,10045
22,-3.0,2.600000000000005,43,1,-6.180000000000007,-0.03611711764362113,0.0,-0.03611711764362113,2.0,-0.04541877459246779,-8.080000000000013,0.00930165694884666,10046
22,-3.0,2.7000000000000046,43,1,-6.180000000000007,-0.03611711764362113,0.0,-0.03611711764362113,2.0,-0.04541877459246779,-8.080000000000013,0.00930165694884666,10047
22,-3.0,2.800000000000005,43,1,-6.180000000000007,-0.03611711764362113,0.0,-0.03611711764362113,2.0,-0.04541877459246779,-8.080000000000013,0.00930165694884666,10048
22,-3.0,2.9000000000000057,43,1,-6.180000000000007,-0.03611711764362113,0.0,-0.03611711764362113,2.0,-0.04541877459246779,-8.080000000000013,0.00930165694884666,10049
10,-2.3999999999999995,1.900000000000004,55,1,-6.180000000000007,-0.03611711764362113,0.0,-0.03611711764362113,2.0,-0.007654999123473449,-1.3100000000000023,-0.028462118520147683,10050
10,-2.3999999999999995,2.0000000000000044,55,1,-6.180000000000007,-0.03611711764362113,0.0,-0.03611711764362113,2.0,-0.007654999123473449,-1.3100000000000023,-0.028462118520147683,10051
10,-2.3999999999999995,2.100000000000005,55,1,-6.180000000000007,-0.03611711764362113,0.0,-0.03611711764362113,2.0,-0.007654999123473449,-1.3100000000000023,-0.028462118520147683,10052
10,-2.3999999999999995,2.2000000000000046,55,1,-6.180000000000007,-0.03611711764362113,0.0,-0.03611711764362113,2.0,-0.007654999123473449,-1.3100000000000023,-0.028462118520147683,10053
10,-2.3999999999999995,2.3000000000000043,55,1,-6.180000000000007,-0.03611711764362113,0.0,-0.03611711764362113,2.0,-0.007654999123473449,-1.3100000000000023,-0.028462118520147683,10054
10,-2.2999999999999994,1.900000000000004,55,1,-6.180000000000007,-0.03611711764362113,0.0,-0.03611711764362113,2.0,-0.007654999123473449,-1.3100000000000023,-0.028462118520147683,10055
10,-2.2999999999999994,2.0000000000000044,55,1,-6.180000000000007,-0.03611711764362113,0.0,-0.03611711764362113,2.0,-0.007654999123473449,-1.3100000000000023,-0.028462118520147683,10056
10,-2.2999999999999994,2.100000000000005,55,1,-6.180000000000007,-0.03611711764362113,0.0,-0.03611711764362113,2.0,-0.007654999123473449,-1.3100000000000023,-0.028462118520147683,10057
10,-2.2999999999999994,2.2000000000000046,55,1,-6.180000000000007,-0.03611711764362113,0.0,-0.03611711764362113,2.0,-0.007654999123473449,-1.3100000000000023,-0.028462118520147683,10058
10,-2.2999999999999994,2.3000000000000043,55,1,-6.180000000000007,-0.03611711764362113,0.0,-0.03611711764362113,2.0,-0.007654999123473449,-1.3100000000000023,-0.028462118520147683,10059
10,-2.1999999999999993,1.900000000000004,55,1,-6.180000000000007,-0.03611711764362113,0.0,-0.03611711764362113,2.0,-0.007654999123473449,-1.3100000000000023,-0.028462118520147683,10060
10,-2.1999999999999993,2.0000000000000044,55,1,-6.180000000000007,-0.03611711764362113,0.0,-0.03611711764362113,2.0,-0.007654999123473449,-1.3100000000000023,-0.028462118520147683,10061
10,-2.1999999999999993,2.100000000000005,55,1,-6.180000000000007,-0.03611711764362113,0.0,-0.03611711764362113,2.0,-0.007654999123473449,-1.3100000000000023,-0.028462118520147683,10062
10,-2.1999999999999993,2.2000000000000046,55,1,-6.180000000000007,-0.03611711764362113,0.0,-0.03611711764362113,2.0,-0.007654999123473449,-1.3100000000000023,-0.028462118520147683,10063
10,-2.1999999999999993,2.3000000000000043,55,1,-6.180000000000007,-0.03611711764362113,0.0,-0.03611711764362113,2.0,-0.007654999123473449,-1.3100000000000023,-0.028462118520147683,10064
10,-2.099999999999999,1.900000000000004,55,1,-6.180000000000007,-0.03611711764362113,0.0,-0.03611711764362113,2.0,-0.007654999123473449,-1.3100000000000023,-0.028462118520147683,10065
10,-2.099999999999999,2.0000000000000044,55,1,-6.180000000000007,-0.03611711764362113,0.0,-0.03611711764362113,2.0,-0.007654999123473449,-1.3100000000000023,-0.028462118520147683,10066
10,-2.099999999999999,2.100000000000005,55,1,-6.180000000000007,-0.03611711764362113,0.0,-0.03611711764362113,2.0,-0.007654999123473449,-1.3100000000000023,-0.028462118520147683,10067
10,-2.099999999999999,2.2000000000000046,55,1,-6.180000000000007,-0.03611711764362113,0.0,-0.03611711764362113,2.0,-0.007654999123473449,-1.3100000000000023,-0.028462118520147683,10068
10,-2.099999999999999,2.3000000000000043,55,1,-6.180000000000007,-0.03611711764362113,0.0,-0.03611711764362113,2.0,-0.007654999123473449,-1.3100000000000023,-0.028462118520147683,10069
10,-1.9999999999999991,1.900000000000004,55,1,-6.180000000000007,-0.03611711764362113,0.0,-0.03611711764362113,2.0,-0.007654999123473449,-1.3100000000000023,-0.028462118520147683,10070
10,-1.9999999999999991,2.0000000000000044,55,1,-6.180000000000007,-0.03611711764362113,0.0,-0.03611711764362113,2.0,-0.007654999123473449,-1.3100000000000023,-0.028462118520147683,10071
10,-1.9999999999999991,2.100000000000005,55,1,-6.180000000000007,-0.03611711764362113,0.0,-0.03611711764362113,2.0,-0.007654999123473449,-1.3100000000000023,-0.028462118520147683,10072
10,-1.9999999999999991,2.2000000000000046,55,1,-6.180000000000007,-0.03611711764362113,0.0,-0.03611711764362113,2.0,-0.007654999123473449,-1.3100000000000023,-0.028462118520147683,10073
10,-1.9999999999999991,2.3000000000000043,55,1,-6.180000000000007,-0.03611711764362113,0.0,-0.03611711764362113,2.0,-0.007654999123473449,-1.3100000000000023,-0.028462118520147683,10074
10,-1.899999999999999,1.400000000000004,55,3,-6.2400000000000375,-0.03613186628388321,0.3333333333333333,-0.011956814573157707,3.3333333333333335,-0.007654999123473449,-1.3100000000000023,-0.028476867160409758,10075
10,-1.899999999999999,1.5000000000000036,55,3,-6.2400000000000375,-0.03613186628388321,0.3333333333333333,-0.011956814573157707,3.3333333333333335,-0.007654999123473449,-1.3100000000000023,-0.028476867160409758,10076
10,-1.6999999999999988,-0.699999999999998,55,13,-6.230000000000018,-0.03618495429827262,0.5384615384615384,-0.002719049256135061,1.8461538461538463,-0.007654999123473449,-1.3100000000000023,-0.02852995517479917,10077
10,-1.6999999999999988,-0.5999999999999979,55,13,-6.230000000000018,-0.03618495429827262,0.5384615384615384,-0.002719049256135061,1.8461538461538463,-0.007654999123473449,-1.3100000000000023,-0.02852995517479917,10078
10,-1.6999999999999988,-0.4999999999999978,55,13,-6.230000000000018,-0.03618495429827262,0.5384615384615384,-0.002719049256135061,1.8461538461538463,-0.007654999123473449,-1.3100000000000023,-0.02852995517479917,10079
10,-1.6999999999999988,-0.3999999999999977,55,13,-6.230000000000018,-0.03618495429827262,0.5384615384615384,-0.002719049256135061,1.8461538461538463,-0.007654999123473449,-1.3100000000000023,-0.02852995517479917,10080
10,-1.5999999999999988,-0.699999999999998,55,13,-6.230000000000018,-0.03618495429827262,0.5384615384615384,-0.002719049256135061,1.8461538461538463,-0.007654999123473449,-1.3100000000000023,-0.02852995517479917,10081
10,-1.5999999999999988,-0.5999999999999979,55,13,-6.230000000000018,-0.03618495429827262,0.5384615384615384,-0.002719049256135061,1.8461538461538463,-0.007654999123473449,-1.3100000000000023,-0.02852995517479917,10082
10,-1.5999999999999988,-0.4999999999999978,55,13,-6.230000000000018,-0.03618495429827262,0.5384615384615384,-0.002719049256135061,1.8461538461538463,-0.007654999123473449,-1.3100000000000023,-0.02852995517479917,10083
10,-1.5999999999999988,-0.3999999999999977,55,13,-6.230000000000018,-0.03618495429827262,0.5384615384615384,-0.002719049256135061,1.8461538461538463,-0.007654999123473449,-1.3100000000000023,-0.02852995517479917,10084
10,-1.4999999999999987,-0.699999999999998,55,13,-6.230000000000018,-0.03618495429827262,0.5384615384615384,-0.002719049256135061,1.8461538461538463,-0.007654999123473449,-1.3100000000000023,-0.02852995517479917,10085
10,-1.4999999999999987,-0.5999999999999979,55,13,-6.230000000000018,-0.03618495429827262,0.5384615384615384,-0.002719049256135061,1.8461538461538463,-0.007654999123473449,-1.3100000000000023,-0.02852995517479917,10086
10,-1.4999999999999987,-0.4999999999999978,55,13,-6.230000000000018,-0.03618495429827262,0.5384615384615384,-0.002719049256135061,1.8461538461538463,-0.007654999123473449,-1.3100000000000023,-0.02852995517479917,10087
10,-1.4999999999999987,-0.3999999999999977,55,13,-6.230000000000018,-0.03618495429827262,0.5384615384615384,-0.002719049256135061,1.8461538461538463,-0.007654999123473449,-1.3100000000000023,-0.02852995517479917,10088
10,-1.3999999999999986,-0.699999999999998,55,13,-6.230000000000018,-0.03618495429827262,0.5384615384615384,-0.002719049256135061,1.8461538461538463,-0.007654999123473449,-1.3100000000000023,-0.02852995517479917,10089
10,-1.3999999999999986,-0.5999999999999979,55,13,-6.230000000000018,-0.03618495429827262,0.5384615384615384,-0.002719049256135061,1.8461538461538463,-0.007654999123473449,-1.3100000000000023,-0.02852995517479917,10090
10,-1.3999999999999986,-0.4999999999999978,55,13,-6.230000000000018,-0.03618495429827262,0.5384615384615384,-0.002719049256135061,1.8461538461538463,-0.007654999123473449,-1.3100000000000023,-0.02852995517479917,10091
10,-1.3999999999999986,-0.3999999999999977,55,13,-6.230000000000018,-0.03618495429827262,0.5384615384615384,-0.002719049256135061,1.8461538461538463,-0.007654999123473449,-1.3100000000000023,-0.02852995517479917,10092
10,-1.2999999999999985,-0.699999999999998,55,13,-6.230000000000018,-0.03618495429827262,0.5384615384615384,-0.002719049256135061,1.8461538461538463,-0.007654999123473449,-1.3100000000000023,-0.02852995517479917,10093
10,-1.2999999999999985,-0.5999999999999979,55,13,-6.230000000000018,-0.03618495429827262,0.5384615384615384,-0.002719049256135061,1.8461538461538463,-0.007654999123473449,-1.3100000000000023,-0.02852995517479917,10094
10,-1.2999999999999985,-0.4999999999999978,55,13,-6.230000000000018,-0.03618495429827262,0.5384615384615384,-0.002719049256135061,1.8461538461538463,-0.007654999123473449,-1.3100000000000023,-0.02852995517479917,10095
10,-1.2999999999999985,-0.3999999999999977,55,13,-6.230000000000018,-0.03618495429827262,0.5384615384615384,-0.002719049256135061,1.8461538461538463,-0.007654999123473449,-1.3100000000000023,-0.02852995517479917,10096
10,-1.1999999999999984,-0.699999999999998,55,13,-6.230000000000018,-0.03618495429827262,0.5384615384615384,-0.002719049256135061,1.8461538461538463,-0.007654999123473449,-1.3100000000000023,-0.02852995517479917,10097
10,-1.1999999999999984,-0.5999999999999979,55,13,-6.230000000000018,-0.03618495429827262,0.5384615384615384,-0.002719049256135061,1.8461538461538463,-0.007654999123473449,-1.3100000000000023,-0.02852995517479917,10098
10,-1.1999999999999984,-0.4999999999999978,55,13,-6.230000000000018,-0.03618495429827262,0.5384615384615384,-0.002719049256135061,1.8461538461538463,-0.007654999123473449,-1.3100000000000023,-0.02852995517479917,10099
10,-1.1999999999999984,-0.3999999999999977,55,13,-6.230000000000018,-0.03618495429827262,0.5384615384615384,-0.002719049256135061,1.8461538461538463,-0.007654999123473449,-1.3100000000000023,-0.02852995517479917,10100
10,-0.699999999999998,1.600000000000004,55,2,-6.230000000000018,-0.036194834807425025,0.5,-0.017846828124247427,6.0,-0.007654999123473449,-1.3100000000000023,-0.028539835683951575,10101
10,-0.699999999999998,1.7000000000000046,55,2,-6.230000000000018,-0.036194834807425025,0.5,-0.017846828124247427,6.0,-0.007654999123473449,-1.3100000000000023,-0.028539835683951575,10102
10,-0.5999999999999979,1.600000000000004,55,2,-6.230000000000018,-0.036194834807425025,0.5,-0.017846828124247427,6.0,-0.007654999123473449,-1.3100000000000023,-0.028539835683951575,10103
10,-0.5999999999999979,1.7000000000000046,55,2,-6.230000000000018,-0.036194834807425025,0.5,-0.017846828124247427,6.0,-0.007654999123473449,-1.3100000000000023,-0.028539835683951575,10104
10,-0.4999999999999978,1.600000000000004,55,2,-6.230000000000018,-0.036194834807425025,0.5,-0.017846828124247427,6.0,-0.007654999123473449,-1.3100000000000023,-0.028539835683951575,10105
10,-0.4999999999999978,1.7000000000000046,55,2,-6.230000000000018,-0.036194834807425025,0.5,-0.017846828124247427,6.0,-0.007654999123473449,-1.3100000000000023,-0.028539835683951575,10106
10,-0.8999999999999981,1.0000000000000036,55,4,-6.280000000000058,-0.0362159977550256,0.75,-0.008806881095183572,5.0,-0.007654999123473449,-1.3100000000000023,-0.028560998631552148,10107
10,-0.799999999999998,1.0000000000000036,55,4,-6.280000000000058,-0.0362159977550256,0.75,-0.008806881095183572,5.0,-0.007654999123473449,-1.3100000000000023,-0.028560998631552148,10108
10,-0.8999999999999981,0.20000000000000284,55,7,-6.30000000000004,-0.036240841047217254,0.5714285714285714,-0.005035649959585069,3.5714285714285716,-0.007654999123473449,-1.3100000000000023,-0.028585841923743804,10109
10,-0.8999999999999981,0.30000000000000293,55,7,-6.30000000000004,-0.036240841047217254,0.5714285714285714,-0.005035649959585069,3.5714285714285716,-0.007654999123473449,-1.3100000000000023,-0.028585841923743804,10110
10,-0.799999999999998,0.20000000000000284,55,7,-6.30000000000004,-0.036240841047217254,0.5714285714285714,-0.005035649959585069,3.5714285714285716,-0.007654999123473449,-1.3100000000000023,-0.028585841923743804,10111
10,-0.799999999999998,0.30000000000000293,55,7,-6.30000000000004,-0.036240841047217254,0.5714285714285714,-0.005035649959585069,3.5714285714285716,-0.007654999123473449,-1.3100000000000023,-0.028585841923743804,10112
10,-0.3999999999999977,1.600000000000004,55,2,-6.240000000000009,-0.03625268973060125,0.5,-0.017875446978348475,7.5,-0.007654999123473449,-1.3100000000000023,-0.0285976906071278,10113
10,-0.3999999999999977,1.7000000000000046,55,2,-6.240000000000009,-0.03625268973060125,0.5,-0.017875446978348475,7.5,-0.007654999123473449,-1.3100000000000023,-0.0285976906071278,10114
10,-0.699999999999998,-0.699999999999998,55,9,-6.280000000000001,-0.03633330496953113,0.5555555555555556,-0.00394270633665154,3.3333333333333335,-0.007654999123473449,-1.3100000000000023,-0.028678305846057683,10115
10,-0.699999999999998,-0.5999999999999979,55,9,-6.280000000000001,-0.03633330496953113,0.5555555555555556,-0.00394270633665154,3.3333333333333335,-0.007654999123473449,-1.3100000000000023,-0.028678305846057683,10116
10,-0.699999999999998,-0.4999999999999978,55,9,-6.280000000000001,-0.03633330496953113,0.5555555555555556,-0.00394270633665154,3.3333333333333335,-0.007654999123473449,-1.3100000000000023,-0.028678305846057683,10117
10,-0.699999999999998,-0.3999999999999977,55,9,-6.280000000000001,-0.03633330496953113,0.5555555555555556,-0.00394270633665154,3.3333333333333335,-0.007654999123473449,-1.3100000000000023,-0.028678305846057683,10118
22,-1.899999999999999,0.7000000000000033,43,5,-6.260000000000019,-0.036400201093947815,0.4,-0.0073149868725822745,2.2,-0.04541877459246779,-8.080000000000013,0.009018573498519977,10119
22,-1.899999999999999,0.8000000000000034,43,5,-6.260000000000019,-0.036400201093947815,0.4,-0.0073149868725822745,2.2,-0.04541877459246779,-8.080000000000013,0.009018573498519977,10120
22,-1.799999999999999,0.7000000000000033,43,5,-6.260000000000019,-0.036400201093947815,0.4,-0.0073149868725822745,2.2,-0.04541877459246779,-8.080000000000013,0.009018573498519977,10121
22,-1.799999999999999,0.8000000000000034,43,5,-6.260000000000019,-0.036400201093947815,0.4,-0.0073149868725822745,2.2,-0.04541877459246779,-8.080000000000013,0.009018573498519977,10122
22,-1.6999999999999988,0.7000000000000033,43,5,-6.260000000000019,-0.036400201093947815,0.4,-0.0073149868725822745,2.2,-0.04541877459246779,-8.080000000000013,0.009018573498519977,10123
22,-1.6999999999999988,0.8000000000000034,43,5,-6.260000000000019,-0.036400201093947815,0.4,-0.0073149868725822745,2.2,-0.04541877459246779,-8.080000000000013,0.009018573498519977,10124
10,-0.9999999999999982,-1.5999999999999988,55,20,-6.370000000000033,-0.03643047834108626,0.6,-0.0017629885437976944,1.95,-0.007654999123473449,-1.3100000000000023,-0.02877547921761281,10125
10,-1.2999999999999985,1.0000000000000036,55,5,-6.330000000000069,-0.03643749542595753,0.4,-0.007150757851819445,3.4,-0.007654999123473449,-1.3100000000000023,-0.028782496302484084,10126
10,-1.1999999999999984,1.0000000000000036,55,5,-6.330000000000069,-0.03643749542595753,0.4,-0.007150757851819445,3.4,-0.007654999123473449,-1.3100000000000023,-0.028782496302484084,10127
5,-0.2999999999999976,1.5000000000000036,60,3,-6.34000000000006,-0.03648954874421817,0.6666666666666666,-0.011843731898488788,5.0,-0.0014112666117841455,-0.2400000000000091,-0.035078282132434024,10128
5,-0.2999999999999976,1.600000000000004,60,3,-6.34000000000006,-0.03648954874421817,0.6666666666666666,-0.011843731898488788,5.0,-0.0014112666117841455,-0.2400000000000091,-0.035078282132434024,10129
5,-0.2999999999999976,1.7000000000000046,60,3,-6.34000000000006,-0.03648954874421817,0.6666666666666666,-0.011843731898488788,5.0,-0.0014112666117841455,-0.2400000000000091,-0.035078282132434024,10130
5,-0.2999999999999976,1.8000000000000043,60,3,-6.34000000000006,-0.03648954874421817,0.6666666666666666,-0.011843731898488788,5.0,-0.0014112666117841455,-0.2400000000000091,-0.035078282132434024,10131
22,-0.3999999999999977,0.10000000000000275,43,2,-6.420000000000016,-0.0365291609566204,0.5,-0.0181986393329418,13.5,-0.04541877459246779,-8.080000000000013,0.008889613635847393,10132
22,-0.2999999999999976,0.10000000000000275,43,2,-6.420000000000016,-0.0365291609566204,0.5,-0.0181986393329418,13.5,-0.04541877459246779,-8.080000000000013,0.008889613635847393,10133
22,2.6645352591003757e-15,-0.2999999999999976,43,3,-6.430000000000007,-0.03659011144794122,0.3333333333333333,-0.01218910050545933,11.0,-0.04541877459246779,-8.080000000000013,0.008828663144526572,10134
10,-1.899999999999999,-0.1999999999999975,55,12,-6.32000000000005,-0.03666909892713821,0.4166666666666667,-0.003023708836042268,1.5833333333333333,-0.007654999123473449,-1.3100000000000023,-0.02901409980366476,10135
5,-1.2999999999999985,-0.799999999999998,60,16,-6.25,-0.03672108463054924,0.5625,-0.0022051217005891535,1.875,-0.0014112666117841455,-0.2400000000000091,-0.03530981801876509,10136
10,-0.2999999999999976,0.400000000000003,55,4,-6.360000000000014,-0.0369668083120378,0.75,-0.00901663770855099,7.25,-0.007654999123473449,-1.3100000000000023,-0.029311809188564353,10137
10,-0.2999999999999976,0.5000000000000031,55,4,-6.360000000000014,-0.0369668083120378,0.75,-0.00901663770855099,7.25,-0.007654999123473449,-1.3100000000000023,-0.029311809188564353,10138
10,-0.1999999999999975,0.400000000000003,55,4,-6.360000000000014,-0.0369668083120378,0.75,-0.00901663770855099,7.25,-0.007654999123473449,-1.3100000000000023,-0.029311809188564353,10139
10,-0.1999999999999975,0.5000000000000031,55,4,-6.360000000000014,-0.0369668083120378,0.75,-0.00901663770855099,7.25,-0.007654999123473449,-1.3100000000000023,-0.029311809188564353,10140
5,-1.5999999999999988,-1.6999999999999988,60,26,-6.459999999999951,-0.037034173112149404,0.5384615384615384,-0.0014128154154826728,1.6153846153846154,-0.0014112666117841455,-0.2400000000000091,-0.03562290650036526,10141
5,-1.4999999999999987,-1.6999999999999988,60,26,-6.459999999999951,-0.037034173112149404,0.5384615384615384,-0.0014128154154826728,1.6153846153846154,-0.0014112666117841455,-0.2400000000000091,-0.03562290650036526,10142
22,-1.2999999999999985,-0.2999999999999976,43,9,-6.480000000000047,-0.037088889561471716,0.5555555555555556,-0.004084938748640638,2.5555555555555554,-0.04541877459246779,-8.080000000000013,0.008329885030996076,10143
22,0.10000000000000275,0.10000000000000275,43,1,-6.52000000000001,-0.037100261750313,0.0,-0.037100261750313,32.0,-0.04541877459246779,-8.080000000000013,0.00831851284215479,10144
22,0.20000000000000284,0.10000000000000275,43,1,-6.52000000000001,-0.037100261750313,0.0,-0.037100261750313,32.0,-0.04541877459246779,-8.080000000000013,0.00831851284215479,10145
22,0.30000000000000293,0.10000000000000275,43,1,-6.52000000000001,-0.037100261750313,0.0,-0.037100261750313,32.0,-0.04541877459246779,-8.080000000000013,0.00831851284215479,10146
22,-0.09999999999999742,0.10000000000000275,43,1,-6.530000000000001,-0.03715716399226132,0.0,-0.03715716399226132,28.0,-0.04541877459246779,-8.080000000000013,0.00826161060020647,10147
22,2.6645352591003757e-15,0.10000000000000275,43,1,-6.530000000000001,-0.03715716399226132,0.0,-0.03715716399226132,28.0,-0.04541877459246779,-8.080000000000013,0.00826161060020647,10148
5,-1.2999999999999985,-1.0999999999999983,60,19,-6.339999999999918,-0.03720741042947995,0.5789473684210527,-0.0018787103324431926,1.736842105263158,-0.0014112666117841455,-0.2400000000000091,-0.0357961438176958,10149
10,-0.09999999999999742,0.6000000000000032,55,3,-6.410000000000025,-0.03724162756602345,0.6666666666666666,-0.012103309488387781,10.333333333333334,-0.007654999123473449,-1.3100000000000023,-0.02958662844255,10150
10,-0.09999999999999742,0.7000000000000033,55,3,-6.410000000000025,-0.03724162756602345,0.6666666666666666,-0.012103309488387781,10.333333333333334,-0.007654999123473449,-1.3100000000000023,-0.02958662844255,10151
10,-0.09999999999999742,0.8000000000000034,55,3,-6.410000000000025,-0.03724162756602345,0.6666666666666666,-0.012103309488387781,10.333333333333334,-0.007654999123473449,-1.3100000000000023,-0.02958662844255,10152
10,-0.09999999999999742,0.9000000000000035,55,3,-6.410000000000025,-0.03724162756602345,0.6666666666666666,-0.012103309488387781,10.333333333333334,-0.007654999123473449,-1.3100000000000023,-0.02958662844255,10153
10,2.6645352591003757e-15,0.6000000000000032,55,3,-6.410000000000025,-0.03724162756602345,0.6666666666666666,-0.012103309488387781,10.333333333333334,-0.007654999123473449,-1.3100000000000023,-0.02958662844255,10154
10,2.6645352591003757e-15,0.7000000000000033,55,3,-6.410000000000025,-0.03724162756602345,0.6666666666666666,-0.012103309488387781,10.333333333333334,-0.007654999123473449,-1.3100000000000023,-0.02958662844255,10155
10,2.6645352591003757e-15,0.8000000000000034,55,3,-6.410000000000025,-0.03724162756602345,0.6666666666666666,-0.012103309488387781,10.333333333333334,-0.007654999123473449,-1.3100000000000023,-0.02958662844255,10156
10,2.6645352591003757e-15,0.9000000000000035,55,3,-6.410000000000025,-0.03724162756602345,0.6666666666666666,-0.012103309488387781,10.333333333333334,-0.007654999123473449,-1.3100000000000023,-0.02958662844255,10157
10,0.10000000000000275,0.6000000000000032,55,3,-6.410000000000025,-0.03724162756602345,0.6666666666666666,-0.012103309488387781,10.333333333333334,-0.007654999123473449,-1.3100000000000023,-0.02958662844255,10158
10,0.10000000000000275,0.7000000000000033,55,3,-6.410000000000025,-0.03724162756602345,0.6666666666666666,-0.012103309488387781,10.333333333333334,-0.007654999123473449,-1.3100000000000023,-0.02958662844255,10159
10,0.10000000000000275,0.8000000000000034,55,3,-6.410000000000025,-0.03724162756602345,0.6666666666666666,-0.012103309488387781,10.333333333333334,-0.007654999123473449,-1.3100000000000023,-0.02958662844255,10160
10,0.10000000000000275,0.9000000000000035,55,3,-6.410000000000025,-0.03724162756602345,0.6666666666666666,-0.012103309488387781,10.333333333333334,-0.007654999123473449,-1.3100000000000023,-0.02958662844255,10161
5,-1.1999999999999984,-1.6999999999999988,60,24,-6.569999999999993,-0.037266046211310466,0.5833333333333334,-0.0015144790455384055,1.875,-0.0014112666117841455,-0.2400000000000091,-0.03585477959952632,10162
5,-1.0999999999999983,-1.6999999999999988,60,24,-6.569999999999993,-0.037266046211310466,0.5833333333333334,-0.0015144790455384055,1.875,-0.0014112666117841455,-0.2400000000000091,-0.03585477959952632,10163
5,-0.9999999999999982,-1.6999999999999988,60,24,-6.569999999999993,-0.037266046211310466,0.5833333333333334,-0.0015144790455384055,1.875,-0.0014112666117841455,-0.2400000000000091,-0.03585477959952632,10164
5,-1.1999999999999984,0.400000000000003,60,7,-6.480000000000047,-0.037328300080513355,0.5714285714285714,-0.00523653299899277,3.142857142857143,-0.0014112666117841455,-0.2400000000000091,-0.03591703346872921,10165
5,-1.1999999999999984,0.5000000000000031,60,7,-6.480000000000047,-0.037328300080513355,0.5714285714285714,-0.00523653299899277,3.142857142857143,-0.0014112666117841455,-0.2400000000000091,-0.03591703346872921,10166
10,-0.09999999999999742,-0.699999999999998,55,5,-6.4199999999999875,-0.03741538147012413,0.6,-0.007298333944970414,7.4,-0.007654999123473449,-1.3100000000000023,-0.029760382346650682,10167
10,-0.09999999999999742,-0.5999999999999979,55,5,-6.4199999999999875,-0.03741538147012413,0.6,-0.007298333944970414,7.4,-0.007654999123473449,-1.3100000000000023,-0.029760382346650682,10168
10,-0.09999999999999742,-0.4999999999999978,55,5,-6.4199999999999875,-0.03741538147012413,0.6,-0.007298333944970414,7.4,-0.007654999123473449,-1.3100000000000023,-0.029760382346650682,10169
10,-0.09999999999999742,-0.3999999999999977,55,5,-6.4199999999999875,-0.03741538147012413,0.6,-0.007298333944970414,7.4,-0.007654999123473449,-1.3100000000000023,-0.029760382346650682,10170
10,-0.09999999999999742,-0.2999999999999976,55,5,-6.4199999999999875,-0.03741538147012413,0.6,-0.007298333944970414,7.4,-0.007654999123473449,-1.3100000000000023,-0.029760382346650682,10171
10,2.6645352591003757e-15,-0.699999999999998,55,5,-6.4199999999999875,-0.03741538147012413,0.6,-0.007298333944970414,7.4,-0.007654999123473449,-1.3100000000000023,-0.029760382346650682,10172
10,2.6645352591003757e-15,-0.5999999999999979,55,5,-6.4199999999999875,-0.03741538147012413,0.6,-0.007298333944970414,7.4,-0.007654999123473449,-1.3100000000000023,-0.029760382346650682,10173
10,2.6645352591003757e-15,-0.4999999999999978,55,5,-6.4199999999999875,-0.03741538147012413,0.6,-0.007298333944970414,7.4,-0.007654999123473449,-1.3100000000000023,-0.029760382346650682,10174
10,2.6645352591003757e-15,-0.3999999999999977,55,5,-6.4199999999999875,-0.03741538147012413,0.6,-0.007298333944970414,7.4,-0.007654999123473449,-1.3100000000000023,-0.029760382346650682,10175
10,2.6645352591003757e-15,-0.2999999999999976,55,5,-6.4199999999999875,-0.03741538147012413,0.6,-0.007298333944970414,7.4,-0.007654999123473449,-1.3100000000000023,-0.029760382346650682,10176
10,0.10000000000000275,-0.699999999999998,55,5,-6.4199999999999875,-0.03741538147012413,0.6,-0.007298333944970414,7.4,-0.007654999123473449,-1.3100000000000023,-0.029760382346650682,10177
10,0.10000000000000275,-0.5999999999999979,55,5,-6.4199999999999875,-0.03741538147012413,0.6,-0.007298333944970414,7.4,-0.007654999123473449,-1.3100000000000023,-0.029760382346650682,10178
10,0.10000000000000275,-0.4999999999999978,55,5,-6.4199999999999875,-0.03741538147012413,0.6,-0.007298333944970414,7.4,-0.007654999123473449,-1.3100000000000023,-0.029760382346650682,10179
10,0.10000000000000275,-0.3999999999999977,55,5,-6.4199999999999875,-0.03741538147012413,0.6,-0.007298333944970414,7.4,-0.007654999123473449,-1.3100000000000023,-0.029760382346650682,10180
10,0.10000000000000275,-0.2999999999999976,55,5,-6.4199999999999875,-0.03741538147012413,0.6,-0.007298333944970414,7.4,-0.007654999123473449,-1.3100000000000023,-0.029760382346650682,10181
22,-0.799999999999998,-0.2999999999999976,43,6,-6.580000000000041,-0.03748299983875636,0.6666666666666666,-0.006163343895124314,4.666666666666667,-0.04541877459246779,-8.080000000000013,0.007935774753711433,10182
22,-0.699999999999998,-0.2999999999999976,43,6,-6.580000000000041,-0.03748299983875636,0.6666666666666666,-0.006163343895124314,4.666666666666667,-0.04541877459246779,-8.080000000000013,0.007935774753711433,10183
5,-0.1999999999999975,-1.2999999999999985,60,15,-6.490000000000066,-0.03756281348220625,0.6666666666666666,-0.002383166046273074,3.2,-0.0014112666117841455,-0.2400000000000091,-0.0361515468704221,10184
5,-0.09999999999999742,-1.2999999999999985,60,15,-6.490000000000066,-0.03756281348220625,0.6666666666666666,-0.002383166046273074,3.2,-0.0014112666117841455,-0.2400000000000091,-0.0361515468704221,10185
22,-1.899999999999999,1.2000000000000037,43,3,-6.560000000000031,-0.03763653929308097,0.6666666666666666,-0.012426923491980268,3.3333333333333335,-0.04541877459246779,-8.080000000000013,0.007782235299386819,10186
22,-1.899999999999999,1.3000000000000043,43,3,-6.560000000000031,-0.03763653929308097,0.6666666666666666,-0.012426923491980268,3.3333333333333335,-0.04541877459246779,-8.080000000000013,0.007782235299386819,10187
22,-1.799999999999999,1.2000000000000037,43,3,-6.560000000000031,-0.03763653929308097,0.6666666666666666,-0.012426923491980268,3.3333333333333335,-0.04541877459246779,-8.080000000000013,0.007782235299386819,10188
22,-1.799999999999999,1.3000000000000043,43,3,-6.560000000000031,-0.03763653929308097,0.6666666666666666,-0.012426923491980268,3.3333333333333335,-0.04541877459246779,-8.080000000000013,0.007782235299386819,10189
22,-1.6999999999999988,1.2000000000000037,43,3,-6.560000000000031,-0.03763653929308097,0.6666666666666666,-0.012426923491980268,3.3333333333333335,-0.04541877459246779,-8.080000000000013,0.007782235299386819,10190
22,-1.6999999999999988,1.3000000000000043,43,3,-6.560000000000031,-0.03763653929308097,0.6666666666666666,-0.012426923491980268,3.3333333333333335,-0.04541877459246779,-8.080000000000013,0.007782235299386819,10191
22,-0.8999999999999981,0.10000000000000275,43,4,-6.590000000000032,-0.037650310533454245,0.5,-0.009393263501198817,5.5,-0.04541877459246779,-8.080000000000013,0.007768464059013547,10192
10,-0.2999999999999976,1.2000000000000037,55,3,-6.520000000000039,-0.03766321108371906,0.6666666666666666,-0.012260528443833444,7.666666666666667,-0.007654999123473449,-1.3100000000000023,-0.030008211960245612,10193
10,-0.2999999999999976,1.3000000000000043,55,3,-6.520000000000039,-0.03766321108371906,0.6666666666666666,-0.012260528443833444,7.666666666666667,-0.007654999123473449,-1.3100000000000023,-0.030008211960245612,10194
10,-0.1999999999999975,1.2000000000000037,55,3,-6.520000000000039,-0.03766321108371906,0.6666666666666666,-0.012260528443833444,7.666666666666667,-0.007654999123473449,-1.3100000000000023,-0.030008211960245612,10195
10,-0.1999999999999975,1.3000000000000043,55,3,-6.520000000000039,-0.03766321108371906,0.6666666666666666,-0.012260528443833444,7.666666666666667,-0.007654999123473449,-1.3100000000000023,-0.030008211960245612,10196
10,-0.699999999999998,1.1000000000000032,55,3,-6.53000000000003,-0.037694044694825846,0.6666666666666666,-0.012317128827595133,6.666666666666667,-0.007654999123473449,-1.3100000000000023,-0.030039045571352396,10197
10,-0.5999999999999979,1.1000000000000032,55,3,-6.53000000000003,-0.037694044694825846,0.6666666666666666,-0.012317128827595133,6.666666666666667,-0.007654999123473449,-1.3100000000000023,-0.030039045571352396,10198
10,-0.4999999999999978,1.1000000000000032,55,3,-6.53000000000003,-0.037694044694825846,0.6666666666666666,-0.012317128827595133,6.666666666666667,-0.007654999123473449,-1.3100000000000023,-0.030039045571352396,10199
22,-0.5999999999999979,0.30000000000000293,43,1,-6.590000000000003,-0.03771964970522579,0.0,-0.03771964970522579,22.0,-0.04541877459246779,-8.080000000000013,0.007699124887242004,10200
22,-0.5999999999999979,0.400000000000003,43,1,-6.590000000000003,-0.03771964970522579,0.0,-0.03771964970522579,22.0,-0.04541877459246779,-8.080000000000013,0.007699124887242004,10201
22,-0.5999999999999979,0.5000000000000031,43,1,-6.590000000000003,-0.03771964970522579,0.0,-0.03771964970522579,22.0,-0.04541877459246779,-8.080000000000013,0.007699124887242004,10202
22,-0.5999999999999979,0.6000000000000032,43,1,-6.590000000000003,-0.03771964970522579,0.0,-0.03771964970522579,22.0,-0.04541877459246779,-8.080000000000013,0.007699124887242004,10203
22,-0.5999999999999979,0.7000000000000033,43,1,-6.590000000000003,-0.03771964970522579,0.0,-0.03771964970522579,22.0,-0.04541877459246779,-8.080000000000013,0.007699124887242004,10204
22,-0.5999999999999979,0.8000000000000034,43,1,-6.590000000000003,-0.03771964970522579,0.0,-0.03771964970522579,22.0,-0.04541877459246779,-8.080000000000013,0.007699124887242004,10205
22,-0.4999999999999978,0.30000000000000293,43,1,-6.590000000000003,-0.03771964970522579,0.0,-0.03771964970522579,22.0,-0.04541877459246779,-8.080000000000013,0.007699124887242004,10206
22,-0.4999999999999978,0.400000000000003,43,1,-6.590000000000003,-0.03771964970522579,0.0,-0.03771964970522579,22.0,-0.04541877459246779,-8.080000000000013,0.007699124887242004,10207
22,-0.4999999999999978,0.5000000000000031,43,1,-6.590000000000003,-0.03771964970522579,0.0,-0.03771964970522579,22.0,-0.04541877459246779,-8.080000000000013,0.007699124887242004,10208
22,-0.4999999999999978,0.6000000000000032,43,1,-6.590000000000003,-0.03771964970522579,0.0,-0.03771964970522579,22.0,-0.04541877459246779,-8.080000000000013,0.007699124887242004,10209
22,-0.4999999999999978,0.7000000000000033,43,1,-6.590000000000003,-0.03771964970522579,0.0,-0.03771964970522579,22.0,-0.04541877459246779,-8.080000000000013,0.007699124887242004,10210
22,-0.4999999999999978,0.8000000000000034,43,1,-6.590000000000003,-0.03771964970522579,0.0,-0.03771964970522579,22.0,-0.04541877459246779,-8.080000000000013,0.007699124887242004,10211
10,1.600000000000004,1.8000000000000043,55,1,-6.590000000000003,-0.03771964970522579,0.0,-0.03771964970522579,22.0,-0.007654999123473449,-1.3100000000000023,-0.03006465058175234,10212
10,1.7000000000000046,1.8000000000000043,55,1,-6.590000000000003,-0.03771964970522579,0.0,-0.03771964970522579,22.0,-0.007654999123473449,-1.3100000000000023,-0.03006465058175234,10213
10,1.8000000000000043,1.8000000000000043,55,1,-6.590000000000003,-0.03771964970522579,0.0,-0.03771964970522579,22.0,-0.007654999123473449,-1.3100000000000023,-0.03006465058175234,10214
10,1.900000000000004,1.8000000000000043,55,1,-6.590000000000003,-0.03771964970522579,0.0,-0.03771964970522579,22.0,-0.007654999123473449,-1.3100000000000023,-0.03006465058175234,10215
10,2.0000000000000044,1.8000000000000043,55,1,-6.590000000000003,-0.03771964970522579,0.0,-0.03771964970522579,22.0,-0.007654999123473449,-1.3100000000000023,-0.03006465058175234,10216
10,-0.3999999999999977,1.1000000000000032,55,3,-6.5400000000000205,-0.03775180962401159,0.6666666666666666,-0.012336096241577907,7.666666666666667,-0.007654999123473449,-1.3100000000000023,-0.03009681050053814,10217
22,1.400000000000004,-3.0,43,1,-6.730000000000018,-0.03783024170882532,0.0,-0.03783024170882532,58.0,-0.04541877459246779,-8.080000000000013,0.007588532883642474,10218
22,1.400000000000004,-2.9,43,1,-6.730000000000018,-0.03783024170882532,0.0,-0.03783024170882532,58.0,-0.04541877459246779,-8.080000000000013,0.007588532883642474,10219
22,1.400000000000004,-2.8,43,1,-6.730000000000018,-0.03783024170882532,0.0,-0.03783024170882532,58.0,-0.04541877459246779,-8.080000000000013,0.007588532883642474,10220
22,1.400000000000004,-2.6999999999999997,43,1,-6.730000000000018,-0.03783024170882532,0.0,-0.03783024170882532,58.0,-0.04541877459246779,-8.080000000000013,0.007588532883642474,10221
22,1.400000000000004,-2.5999999999999996,43,1,-6.730000000000018,-0.03783024170882532,0.0,-0.03783024170882532,58.0,-0.04541877459246779,-8.080000000000013,0.007588532883642474,10222
22,1.400000000000004,-2.4999999999999996,43,1,-6.730000000000018,-0.03783024170882532,0.0,-0.03783024170882532,58.0,-0.04541877459246779,-8.080000000000013,0.007588532883642474,10223
22,1.400000000000004,-2.3999999999999995,43,1,-6.730000000000018,-0.03783024170882532,0.0,-0.03783024170882532,58.0,-0.04541877459246779,-8.080000000000013,0.007588532883642474,10224
22,1.400000000000004,-2.2999999999999994,43,1,-6.730000000000018,-0.03783024170882532,0.0,-0.03783024170882532,58.0,-0.04541877459246779,-8.080000000000013,0.007588532883642474,10225
22,1.400000000000004,-2.1999999999999993,43,1,-6.730000000000018,-0.03783024170882532,0.0,-0.03783024170882532,58.0,-0.04541877459246779,-8.080000000000013,0.007588532883642474,10226
22,1.400000000000004,-2.099999999999999,43,1,-6.730000000000018,-0.03783024170882532,0.0,-0.03783024170882532,58.0,-0.04541877459246779,-8.080000000000013,0.007588532883642474,10227
22,1.400000000000004,-1.9999999999999991,43,1,-6.730000000000018,-0.03783024170882532,0.0,-0.03783024170882532,58.0,-0.04541877459246779,-8.080000000000013,0.007588532883642474,10228
22,1.400000000000004,-1.899999999999999,43,1,-6.730000000000018,-0.03783024170882532,0.0,-0.03783024170882532,58.0,-0.04541877459246779,-8.080000000000013,0.007588532883642474,10229
22,1.400000000000004,-1.799999999999999,43,1,-6.730000000000018,-0.03783024170882532,0.0,-0.03783024170882532,58.0,-0.04541877459246779,-8.080000000000013,0.007588532883642474,10230
22,1.400000000000004,-1.6999999999999988,43,1,-6.730000000000018,-0.03783024170882532,0.0,-0.03783024170882532,58.0,-0.04541877459246779,-8.080000000000013,0.007588532883642474,10231
22,1.400000000000004,-1.5999999999999988,43,1,-6.730000000000018,-0.03783024170882532,0.0,-0.03783024170882532,58.0,-0.04541877459246779,-8.080000000000013,0.007588532883642474,10232
22,1.400000000000004,-1.4999999999999987,43,1,-6.730000000000018,-0.03783024170882532,0.0,-0.03783024170882532,58.0,-0.04541877459246779,-8.080000000000013,0.007588532883642474,10233
22,1.400000000000004,-1.3999999999999986,43,1,-6.730000000000018,-0.03783024170882532,0.0,-0.03783024170882532,58.0,-0.04541877459246779,-8.080000000000013,0.007588532883642474,10234
22,1.400000000000004,-1.2999999999999985,43,1,-6.730000000000018,-0.03783024170882532,0.0,-0.03783024170882532,58.0,-0.04541877459246779,-8.080000000000013,0.007588532883642474,10235
22,1.400000000000004,-1.1999999999999984,43,1,-6.730000000000018,-0.03783024170882532,0.0,-0.03783024170882532,58.0,-0.04541877459246779,-8.080000000000013,0.007588532883642474,10236
22,1.5000000000000036,-3.0,43,1,-6.730000000000018,-0.03783024170882532,0.0,-0.03783024170882532,58.0,-0.04541877459246779,-8.080000000000013,0.007588532883642474,10237
22,1.5000000000000036,-2.9,43,1,-6.730000000000018,-0.03783024170882532,0.0,-0.03783024170882532,58.0,-0.04541877459246779,-8.080000000000013,0.007588532883642474,10238
22,1.5000000000000036,-2.8,43,1,-6.730000000000018,-0.03783024170882532,0.0,-0.03783024170882532,58.0,-0.04541877459246779,-8.080000000000013,0.007588532883642474,10239
22,1.5000000000000036,-2.6999999999999997,43,1,-6.730000000000018,-0.03783024170882532,0.0,-0.03783024170882532,58.0,-0.04541877459246779,-8.080000000000013,0.007588532883642474,10240
22,1.5000000000000036,-2.5999999999999996,43,1,-6.730000000000018,-0.03783024170882532,0.0,-0.03783024170882532,58.0,-0.04541877459246779,-8.080000000000013,0.007588532883642474,10241
22,1.5000000000000036,-2.4999999999999996,43,1,-6.730000000000018,-0.03783024170882532,0.0,-0.03783024170882532,58.0,-0.04541877459246779,-8.080000000000013,0.007588532883642474,10242
22,1.5000000000000036,-2.3999999999999995,43,1,-6.730000000000018,-0.03783024170882532,0.0,-0.03783024170882532,58.0,-0.04541877459246779,-8.080000000000013,0.007588532883642474,10243
22,1.5000000000000036,-2.2999999999999994,43,1,-6.730000000000018,-0.03783024170882532,0.0,-0.03783024170882532,58.0,-0.04541877459246779,-8.080000000000013,0.007588532883642474,10244
22,1.5000000000000036,-2.1999999999999993,43,1,-6.730000000000018,-0.03783024170882532,0.0,-0.03783024170882532,58.0,-0.04541877459246779,-8.080000000000013,0.007588532883642474,10245
22,1.5000000000000036,-2.099999999999999,43,1,-6.730000000000018,-0.03783024170882532,0.0,-0.03783024170882532,58.0,-0.04541877459246779,-8.080000000000013,0.007588532883642474,10246
22,1.5000000000000036,-1.9999999999999991,43,1,-6.730000000000018,-0.03783024170882532,0.0,-0.03783024170882532,58.0,-0.04541877459246779,-8.080000000000013,0.007588532883642474,10247
22,1.5000000000000036,-1.899999999999999,43,1,-6.730000000000018,-0.03783024170882532,0.0,-0.03783024170882532,58.0,-0.04541877459246779,-8.080000000000013,0.007588532883642474,10248
22,1.5000000000000036,-1.799999999999999,43,1,-6.730000000000018,-0.03783024170882532,0.0,-0.03783024170882532,58.0,-0.04541877459246779,-8.080000000000013,0.007588532883642474,10249
22,1.5000000000000036,-1.6999999999999988,43,1,-6.730000000000018,-0.03783024170882532,0.0,-0.03783024170882532,58.0,-0.04541877459246779,-8.080000000000013,0.007588532883642474,10250
22,1.5000000000000036,-1.5999999999999988,43,1,-6.730000000000018,-0.03783024170882532,0.0,-0.03783024170882532,58.0,-0.04541877459246779,-8.080000000000013,0.007588532883642474,10251
22,1.5000000000000036,-1.4999999999999987,43,1,-6.730000000000018,-0.03783024170882532,0.0,-0.03783024170882532,58.0,-0.04541877459246779,-8.080000000000013,0.007588532883642474,10252
22,1.5000000000000036,-1.3999999999999986,43,1,-6.730000000000018,-0.03783024170882532,0.0,-0.03783024170882532,58.0,-0.04541877459246779,-8.080000000000013,0.007588532883642474,10253
22,1.5000000000000036,-1.2999999999999985,43,1,-6.730000000000018,-0.03783024170882532,0.0,-0.03783024170882532,58.0,-0.04541877459246779,-8.080000000000013,0.007588532883642474,10254
22,1.5000000000000036,-1.1999999999999984,43,1,-6.730000000000018,-0.03783024170882532,0.0,-0.03783024170882532,58.0,-0.04541877459246779,-8.080000000000013,0.007588532883642474,10255
10,-1.899999999999999,0.20000000000000284,55,11,-6.540000000000049,-0.03785412916740738,0.45454545454545453,-0.003415675726930417,1.8181818181818181,-0.007654999123473449,-1.3100000000000023,-0.03019913004393393,10256
10,-1.899999999999999,0.30000000000000293,55,11,-6.540000000000049,-0.03785412916740738,0.45454545454545453,-0.003415675726930417,1.8181818181818181,-0.007654999123473449,-1.3100000000000023,-0.03019913004393393,10257
5,-1.1999999999999984,0.10000000000000275,60,8,-6.59000000000006,-0.037965255791738484,0.5,-0.004664673141035983,2.875,-0.0014112666117841455,-0.2400000000000091,-0.03655398917995434,10258
5,-1.1999999999999984,0.20000000000000284,60,8,-6.59000000000006,-0.037965255791738484,0.5,-0.004664673141035983,2.875,-0.0014112666117841455,-0.2400000000000091,-0.03655398917995434,10259
5,-1.1999999999999984,0.30000000000000293,60,8,-6.59000000000006,-0.037965255791738484,0.5,-0.004664673141035983,2.875,-0.0014112666117841455,-0.2400000000000091,-0.03655398917995434,10260
10,-1.6999999999999988,1.0000000000000036,55,5,-6.6100000000000705,-0.03803923789378427,0.4,-0.007482983765440698,3.2,-0.007654999123473449,-1.3100000000000023,-0.030384238770310823,10261
10,-1.5999999999999988,1.0000000000000036,55,5,-6.6100000000000705,-0.03803923789378427,0.4,-0.007482983765440698,3.2,-0.007654999123473449,-1.3100000000000023,-0.030384238770310823,10262
10,-1.4999999999999987,1.0000000000000036,55,5,-6.6100000000000705,-0.03803923789378427,0.4,-0.007482983765440698,3.2,-0.007654999123473449,-1.3100000000000023,-0.030384238770310823,10263
10,-1.3999999999999986,1.0000000000000036,55,5,-6.6100000000000705,-0.03803923789378427,0.4,-0.007482983765440698,3.2,-0.007654999123473449,-1.3100000000000023,-0.030384238770310823,10264
22,-1.2999999999999985,-0.1999999999999975,43,8,-6.650000000000034,-0.038045604252497034,0.625,-0.004721579114085855,2.5,-0.04541877459246779,-8.080000000000013,0.007373170339970758,10265
22,-1.2999999999999985,-0.09999999999999742,43,8,-6.650000000000034,-0.038045604252497034,0.625,-0.004721579114085855,2.5,-0.04541877459246779,-8.080000000000013,0.007373170339970758,10266
22,-1.4999999999999987,-0.799999999999998,43,13,-6.640000000000015,-0.03811723460003602,0.46153846153846156,-0.0028826952234697334,2.3076923076923075,-0.04541877459246779,-8.080000000000013,0.007301539992431771,10267
22,-1.3999999999999986,-0.799999999999998,43,13,-6.640000000000015,-0.03811723460003602,0.46153846153846156,-0.0028826952234697334,2.3076923076923075,-0.04541877459246779,-8.080000000000013,0.007301539992431771,10268
10,-1.0999999999999983,1.600000000000004,55,2,-6.570000000000022,-0.038161902195416375,0.5,-0.018819869163684222,4.5,-0.007654999123473449,-1.3100000000000023,-0.030506903071942926,10269
10,-1.0999999999999983,1.7000000000000046,55,2,-6.570000000000022,-0.038161902195416375,0.5,-0.018819869163684222,4.5,-0.007654999123473449,-1.3100000000000023,-0.030506903071942926,10270
10,-1.6999999999999988,1.2000000000000037,55,3,-6.620000000000033,-0.038174204567099634,0.6666666666666666,-0.012522875661855245,4.0,-0.007654999123473449,-1.3100000000000023,-0.030519205443626185,10271
10,-1.6999999999999988,1.3000000000000043,55,3,-6.620000000000033,-0.038174204567099634,0.6666666666666666,-0.012522875661855245,4.0,-0.007654999123473449,-1.3100000000000023,-0.030519205443626185,10272
10,-1.5999999999999988,1.2000000000000037,55,3,-6.620000000000033,-0.038174204567099634,0.6666666666666666,-0.012522875661855245,4.0,-0.007654999123473449,-1.3100000000000023,-0.030519205443626185,10273
10,-1.5999999999999988,1.3000000000000043,55,3,-6.620000000000033,-0.038174204567099634,0.6666666666666666,-0.012522875661855245,4.0,-0.007654999123473449,-1.3100000000000023,-0.030519205443626185,10274
10,-1.4999999999999987,1.2000000000000037,55,3,-6.620000000000033,-0.038174204567099634,0.6666666666666666,-0.012522875661855245,4.0,-0.007654999123473449,-1.3100000000000023,-0.030519205443626185,10275
10,-1.4999999999999987,1.3000000000000043,55,3,-6.620000000000033,-0.038174204567099634,0.6666666666666666,-0.012522875661855245,4.0,-0.007654999123473449,-1.3100000000000023,-0.030519205443626185,10276
10,-1.3999999999999986,1.2000000000000037,55,3,-6.620000000000033,-0.038174204567099634,0.6666666666666666,-0.012522875661855245,4.0,-0.007654999123473449,-1.3100000000000023,-0.030519205443626185,10277
10,-1.3999999999999986,1.3000000000000043,55,3,-6.620000000000033,-0.038174204567099634,0.6666666666666666,-0.012522875661855245,4.0,-0.007654999123473449,-1.3100000000000023,-0.030519205443626185,10278
10,-1.2999999999999985,1.2000000000000037,55,3,-6.620000000000033,-0.038174204567099634,0.6666666666666666,-0.012522875661855245,4.0,-0.007654999123473449,-1.3100000000000023,-0.030519205443626185,10279
10,-1.2999999999999985,1.3000000000000043,55,3,-6.620000000000033,-0.038174204567099634,0.6666666666666666,-0.012522875661855245,4.0,-0.007654999123473449,-1.3100000000000023,-0.030519205443626185,10280
10,-1.1999999999999984,1.2000000000000037,55,3,-6.620000000000033,-0.038174204567099634,0.6666666666666666,-0.012522875661855245,4.0,-0.007654999123473449,-1.3100000000000023,-0.030519205443626185,10281
10,-1.1999999999999984,1.3000000000000043,55,3,-6.620000000000033,-0.038174204567099634,0.6666666666666666,-0.012522875661855245,4.0,-0.007654999123473449,-1.3100000000000023,-0.030519205443626185,10282
22,-1.4999999999999987,1.2000000000000037,43,2,-6.660000000000025,-0.03821578779477053,0.5,-0.019003880679480334,5.5,-0.04541877459246779,-8.080000000000013,0.007202986797697264,10283
22,-1.4999999999999987,1.3000000000000043,43,2,-6.660000000000025,-0.03821578779477053,0.5,-0.019003880679480334,5.5,-0.04541877459246779,-8.080000000000013,0.007202986797697264,10284
22,-1.3999999999999986,1.2000000000000037,43,2,-6.660000000000025,-0.03821578779477053,0.5,-0.019003880679480334,5.5,-0.04541877459246779,-8.080000000000013,0.007202986797697264,10285
22,-1.3999999999999986,1.3000000000000043,43,2,-6.660000000000025,-0.03821578779477053,0.5,-0.019003880679480334,5.5,-0.04541877459246779,-8.080000000000013,0.007202986797697264,10286
22,-1.2999999999999985,1.2000000000000037,43,2,-6.660000000000025,-0.03821578779477053,0.5,-0.019003880679480334,5.5,-0.04541877459246779,-8.080000000000013,0.007202986797697264,10287
22,-1.2999999999999985,1.3000000000000043,43,2,-6.660000000000025,-0.03821578779477053,0.5,-0.019003880679480334,5.5,-0.04541877459246779,-8.080000000000013,0.007202986797697264,10288
22,-2.9,1.400000000000004,43,3,-6.660000000000025,-0.03825231099235982,0.3333333333333333,-0.012714024971877938,2.6666666666666665,-0.04541877459246779,-8.080000000000013,0.007166463600107975,10289
22,-2.9,1.5000000000000036,43,3,-6.660000000000025,-0.03825231099235982,0.3333333333333333,-0.012714024971877938,2.6666666666666665,-0.04541877459246779,-8.080000000000013,0.007166463600107975,10290
22,-2.8,1.400000000000004,43,3,-6.660000000000025,-0.03825231099235982,0.3333333333333333,-0.012714024971877938,2.6666666666666665,-0.04541877459246779,-8.080000000000013,0.007166463600107975,10291
22,-2.8,1.5000000000000036,43,3,-6.660000000000025,-0.03825231099235982,0.3333333333333333,-0.012714024971877938,2.6666666666666665,-0.04541877459246779,-8.080000000000013,0.007166463600107975,10292
22,-2.6999999999999997,1.400000000000004,43,3,-6.660000000000025,-0.03825231099235982,0.3333333333333333,-0.012714024971877938,2.6666666666666665,-0.04541877459246779,-8.080000000000013,0.007166463600107975,10293
22,-2.6999999999999997,1.5000000000000036,43,3,-6.660000000000025,-0.03825231099235982,0.3333333333333333,-0.012714024971877938,2.6666666666666665,-0.04541877459246779,-8.080000000000013,0.007166463600107975,10294
22,-2.5999999999999996,1.400000000000004,43,3,-6.660000000000025,-0.03825231099235982,0.3333333333333333,-0.012714024971877938,2.6666666666666665,-0.04541877459246779,-8.080000000000013,0.007166463600107975,10295
22,-2.5999999999999996,1.5000000000000036,43,3,-6.660000000000025,-0.03825231099235982,0.3333333333333333,-0.012714024971877938,2.6666666666666665,-0.04541877459246779,-8.080000000000013,0.007166463600107975,10296
22,-2.4999999999999996,1.400000000000004,43,3,-6.660000000000025,-0.03825231099235982,0.3333333333333333,-0.012714024971877938,2.6666666666666665,-0.04541877459246779,-8.080000000000013,0.007166463600107975,10297
22,-2.4999999999999996,1.5000000000000036,43,3,-6.660000000000025,-0.03825231099235982,0.3333333333333333,-0.012714024971877938,2.6666666666666665,-0.04541877459246779,-8.080000000000013,0.007166463600107975,10298
22,-2.3999999999999995,1.400000000000004,43,3,-6.660000000000025,-0.03825231099235982,0.3333333333333333,-0.012714024971877938,2.6666666666666665,-0.04541877459246779,-8.080000000000013,0.007166463600107975,10299
22,-2.3999999999999995,1.5000000000000036,43,3,-6.660000000000025,-0.03825231099235982,0.3333333333333333,-0.012714024971877938,2.6666666666666665,-0.04541877459246779,-8.080000000000013,0.007166463600107975,10300
22,-2.2999999999999994,1.400000000000004,43,3,-6.660000000000025,-0.03825231099235982,0.3333333333333333,-0.012714024971877938,2.6666666666666665,-0.04541877459246779,-8.080000000000013,0.007166463600107975,10301
22,-2.2999999999999994,1.5000000000000036,43,3,-6.660000000000025,-0.03825231099235982,0.3333333333333333,-0.012714024971877938,2.6666666666666665,-0.04541877459246779,-8.080000000000013,0.007166463600107975,10302
22,-2.1999999999999993,1.400000000000004,43,3,-6.660000000000025,-0.03825231099235982,0.3333333333333333,-0.012714024971877938,2.6666666666666665,-0.04541877459246779,-8.080000000000013,0.007166463600107975,10303
22,-2.1999999999999993,1.5000000000000036,43,3,-6.660000000000025,-0.03825231099235982,0.3333333333333333,-0.012714024971877938,2.6666666666666665,-0.04541877459246779,-8.080000000000013,0.007166463600107975,10304
22,-2.099999999999999,1.400000000000004,43,3,-6.660000000000025,-0.03825231099235982,0.3333333333333333,-0.012714024971877938,2.6666666666666665,-0.04541877459246779,-8.080000000000013,0.007166463600107975,10305
22,-2.099999999999999,1.5000000000000036,43,3,-6.660000000000025,-0.03825231099235982,0.3333333333333333,-0.012714024971877938,2.6666666666666665,-0.04541877459246779,-8.080000000000013,0.007166463600107975,10306
22,-1.1999999999999984,1.0000000000000036,43,2,-6.670000000000016,-0.03827352140496343,0.5,-0.01903260805667073,7.0,-0.04541877459246779,-8.080000000000013,0.0071452531875043634,10307
22,-1.1999999999999984,1.1000000000000032,43,2,-6.670000000000016,-0.03827352140496343,0.5,-0.01903260805667073,7.0,-0.04541877459246779,-8.080000000000013,0.0071452531875043634,10308
22,-1.1999999999999984,1.2000000000000037,43,2,-6.670000000000016,-0.03827352140496343,0.5,-0.01903260805667073,7.0,-0.04541877459246779,-8.080000000000013,0.0071452531875043634,10309
22,-1.1999999999999984,1.3000000000000043,43,2,-6.670000000000016,-0.03827352140496343,0.5,-0.01903260805667073,7.0,-0.04541877459246779,-8.080000000000013,0.0071452531875043634,10310
10,-1.0999999999999983,-0.1999999999999975,55,9,-6.650000000000034,-0.03830761018649598,0.3333333333333333,-0.0041556529812230136,2.7777777777777777,-0.007654999123473449,-1.3100000000000023,-0.030652611063022528,10311
22,-0.5999999999999979,0.20000000000000284,43,2,-6.699999999999989,-0.03834687676455506,0.0,-0.0191857314655543,11.5,-0.04541877459246779,-8.080000000000013,0.007071897827912732,10312
22,-0.4999999999999978,0.20000000000000284,43,2,-6.699999999999989,-0.03834687676455506,0.0,-0.0191857314655543,11.5,-0.04541877459246779,-8.080000000000013,0.007071897827912732,10313
10,-1.899999999999999,1.1000000000000032,55,4,-6.640000000000043,-0.038419166079127876,0.25,-0.009560871489906253,3.25,-0.007654999123473449,-1.3100000000000023,-0.030764166955654426,10314
22,-0.799999999999998,-0.1999999999999975,43,5,-6.750000000000028,-0.038439322955639454,0.8,-0.0075976495091333975,5.0,-0.04541877459246779,-8.080000000000013,0.006979451636828338,10315
22,-0.799999999999998,-0.09999999999999742,43,5,-6.750000000000028,-0.038439322955639454,0.8,-0.0075976495091333975,5.0,-0.04541877459246779,-8.080000000000013,0.006979451636828338,10316
22,-0.699999999999998,-0.1999999999999975,43,5,-6.750000000000028,-0.038439322955639454,0.8,-0.0075976495091333975,5.0,-0.04541877459246779,-8.080000000000013,0.006979451636828338,10317
22,-0.699999999999998,-0.09999999999999742,43,5,-6.750000000000028,-0.038439322955639454,0.8,-0.0075976495091333975,5.0,-0.04541877459246779,-8.080000000000013,0.006979451636828338,10318
10,-0.2999999999999976,1.600000000000004,55,2,-6.620000000000033,-0.038451176811297505,0.5,-0.018962963434189628,9.0,-0.007654999123473449,-1.3100000000000023,-0.030796177687824056,10319
10,-0.2999999999999976,1.7000000000000046,55,2,-6.620000000000033,-0.038451176811297505,0.5,-0.018962963434189628,9.0,-0.007654999123473449,-1.3100000000000023,-0.030796177687824056,10320
10,-0.1999999999999975,1.600000000000004,55,2,-6.620000000000033,-0.038451176811297505,0.5,-0.018962963434189628,9.0,-0.007654999123473449,-1.3100000000000023,-0.030796177687824056,10321
10,-0.1999999999999975,1.7000000000000046,55,2,-6.620000000000033,-0.038451176811297505,0.5,-0.018962963434189628,9.0,-0.007654999123473449,-1.3100000000000023,-0.030796177687824056,10322
22,0.10000000000000275,-0.9999999999999982,43,7,-6.800000000000011,-0.03854174384083464,0.42857142857142855,-0.005431793651342561,6.0,-0.04541877459246779,-8.080000000000013,0.006877030751633151,10323
22,0.10000000000000275,-0.8999999999999981,43,7,-6.800000000000011,-0.03854174384083464,0.42857142857142855,-0.005431793651342561,6.0,-0.04541877459246779,-8.080000000000013,0.006877030751633151,10324
22,0.20000000000000284,-0.9999999999999982,43,7,-6.800000000000011,-0.03854174384083464,0.42857142857142855,-0.005431793651342561,6.0,-0.04541877459246779,-8.080000000000013,0.006877030751633151,10325
22,0.20000000000000284,-0.8999999999999981,43,7,-6.800000000000011,-0.03854174384083464,0.42857142857142855,-0.005431793651342561,6.0,-0.04541877459246779,-8.080000000000013,0.006877030751633151,10326
10,-1.0999999999999983,0.6000000000000032,55,6,-6.690000000000026,-0.03854381794274753,0.5,-0.006286959065474292,3.1666666666666665,-0.007654999123473449,-1.3100000000000023,-0.030888818819274078,10327
10,-1.0999999999999983,0.7000000000000033,55,6,-6.690000000000026,-0.03854381794274753,0.5,-0.006286959065474292,3.1666666666666665,-0.007654999123473449,-1.3100000000000023,-0.030888818819274078,10328
10,-1.0999999999999983,0.8000000000000034,55,6,-6.690000000000026,-0.03854381794274753,0.5,-0.006286959065474292,3.1666666666666665,-0.007654999123473449,-1.3100000000000023,-0.030888818819274078,10329
10,-1.0999999999999983,0.9000000000000035,55,6,-6.690000000000026,-0.03854381794274753,0.5,-0.006286959065474292,3.1666666666666665,-0.007654999123473449,-1.3100000000000023,-0.030888818819274078,10330
10,-0.09999999999999742,-0.1999999999999975,55,4,-6.6200000000000045,-0.03855043791553403,0.5,-0.009418059394497358,8.5,-0.007654999123473449,-1.3100000000000023,-0.03089543879206058,10331
10,-0.09999999999999742,-0.09999999999999742,55,4,-6.6200000000000045,-0.03855043791553403,0.5,-0.009418059394497358,8.5,-0.007654999123473449,-1.3100000000000023,-0.03089543879206058,10332
10,-0.09999999999999742,2.6645352591003757e-15,55,4,-6.6200000000000045,-0.03855043791553403,0.5,-0.009418059394497358,8.5,-0.007654999123473449,-1.3100000000000023,-0.03089543879206058,10333
10,-0.09999999999999742,0.10000000000000275,55,4,-6.6200000000000045,-0.03855043791553403,0.5,-0.009418059394497358,8.5,-0.007654999123473449,-1.3100000000000023,-0.03089543879206058,10334
10,2.6645352591003757e-15,-0.1999999999999975,55,4,-6.6200000000000045,-0.03855043791553403,0.5,-0.009418059394497358,8.5,-0.007654999123473449,-1.3100000000000023,-0.03089543879206058,10335
10,2.6645352591003757e-15,-0.09999999999999742,55,4,-6.6200000000000045,-0.03855043791553403,0.5,-0.009418059394497358,8.5,-0.007654999123473449,-1.3100000000000023,-0.03089543879206058,10336
10,2.6645352591003757e-15,2.6645352591003757e-15,55,4,-6.6200000000000045,-0.03855043791553403,0.5,-0.009418059394497358,8.5,-0.007654999123473449,-1.3100000000000023,-0.03089543879206058,10337
10,2.6645352591003757e-15,0.10000000000000275,55,4,-6.6200000000000045,-0.03855043791553403,0.5,-0.009418059394497358,8.5,-0.007654999123473449,-1.3100000000000023,-0.03089543879206058,10338
10,0.10000000000000275,-0.1999999999999975,55,4,-6.6200000000000045,-0.03855043791553403,0.5,-0.009418059394497358,8.5,-0.007654999123473449,-1.3100000000000023,-0.03089543879206058,10339
10,0.10000000000000275,-0.09999999999999742,55,4,-6.6200000000000045,-0.03855043791553403,0.5,-0.009418059394497358,8.5,-0.007654999123473449,-1.3100000000000023,-0.03089543879206058,10340
10,0.10000000000000275,2.6645352591003757e-15,55,4,-6.6200000000000045,-0.03855043791553403,0.5,-0.009418059394497358,8.5,-0.007654999123473449,-1.3100000000000023,-0.03089543879206058,10341
10,0.10000000000000275,0.10000000000000275,55,4,-6.6200000000000045,-0.03855043791553403,0.5,-0.009418059394497358,8.5,-0.007654999123473449,-1.3100000000000023,-0.03089543879206058,10342
10,-0.8999999999999981,1.2000000000000037,55,3,-6.680000000000035,-0.03858964842563606,0.6666666666666666,-0.012564007067557892,5.333333333333333,-0.007654999123473449,-1.3100000000000023,-0.03093464930216261,10343
10,-0.8999999999999981,1.3000000000000043,55,3,-6.680000000000035,-0.03858964842563606,0.6666666666666666,-0.012564007067557892,5.333333333333333,-0.007654999123473449,-1.3100000000000023,-0.03093464930216261,10344
10,-0.799999999999998,1.2000000000000037,55,3,-6.680000000000035,-0.03858964842563606,0.6666666666666666,-0.012564007067557892,5.333333333333333,-0.007654999123473449,-1.3100000000000023,-0.03093464930216261,10345
10,-0.799999999999998,1.3000000000000043,55,3,-6.680000000000035,-0.03858964842563606,0.6666666666666666,-0.012564007067557892,5.333333333333333,-0.007654999123473449,-1.3100000000000023,-0.03093464930216261,10346
10,-0.9999999999999982,0.8000000000000034,55,5,-6.7000000000000455,-0.0386013015922303,0.6,-0.007549155408784957,3.8,-0.007654999123473449,-1.3100000000000023,-0.030946302468756848,10347
10,-0.9999999999999982,0.9000000000000035,55,5,-6.7000000000000455,-0.0386013015922303,0.6,-0.007549155408784957,3.8,-0.007654999123473449,-1.3100000000000023,-0.030946302468756848,10348
22,-0.1999999999999975,2.6645352591003757e-15,43,2,-6.810000000000002,-0.03874578417190766,0.5,-0.019339304333005514,14.0,-0.04541877459246779,-8.080000000000013,0.006672990420560132,10349
10,-0.4999999999999978,0.20000000000000284,55,5,-6.690000000000026,-0.03875566296970667,0.6,-0.007610844202260614,5.4,-0.007654999123473449,-1.3100000000000023,-0.031100663846233223,10350
10,-0.4999999999999978,0.30000000000000293,55,5,-6.690000000000026,-0.03875566296970667,0.6,-0.007610844202260614,5.4,-0.007654999123473449,-1.3100000000000023,-0.031100663846233223,10351
10,-0.9999999999999982,1.600000000000004,55,2,-6.680000000000035,-0.03879830635035486,0.5,-0.019134676558796138,5.0,-0.007654999123473449,-1.3100000000000023,-0.03114330722688141,10352
10,-0.9999999999999982,1.7000000000000046,55,2,-6.680000000000035,-0.03879830635035486,0.5,-0.019134676558796138,5.0,-0.007654999123473449,-1.3100000000000023,-0.03114330722688141,10353
10,-0.2999999999999976,0.20000000000000284,55,4,-6.700000000000017,-0.03881336417248171,0.75,-0.009498055557613794,7.5,-0.007654999123473449,-1.3100000000000023,-0.031158365049008263,10354
10,-0.2999999999999976,0.30000000000000293,55,4,-6.700000000000017,-0.03881336417248171,0.75,-0.009498055557613794,7.5,-0.007654999123473449,-1.3100000000000023,-0.031158365049008263,10355
10,-0.1999999999999975,0.20000000000000284,55,4,-6.700000000000017,-0.03881336417248171,0.75,-0.009498055557613794,7.5,-0.007654999123473449,-1.3100000000000023,-0.031158365049008263,10356
10,-0.1999999999999975,0.30000000000000293,55,4,-6.700000000000017,-0.03881336417248171,0.75,-0.009498055557613794,7.5,-0.007654999123473449,-1.3100000000000023,-0.031158365049008263,10357
22,-0.8999999999999981,0.20000000000000284,43,2,-6.78000000000003,-0.038825251261350724,0.5,-0.0193317874113349,9.5,-0.04541877459246779,-8.080000000000013,0.006593523331117068,10358
22,-0.8999999999999981,0.30000000000000293,43,2,-6.78000000000003,-0.038825251261350724,0.5,-0.0193317874113349,9.5,-0.04541877459246779,-8.080000000000013,0.006593523331117068,10359
22,-0.8999999999999981,0.400000000000003,43,2,-6.78000000000003,-0.038825251261350724,0.5,-0.0193317874113349,9.5,-0.04541877459246779,-8.080000000000013,0.006593523331117068,10360
22,-0.799999999999998,0.20000000000000284,43,2,-6.78000000000003,-0.038825251261350724,0.5,-0.0193317874113349,9.5,-0.04541877459246779,-8.080000000000013,0.006593523331117068,10361
22,-0.799999999999998,0.30000000000000293,43,2,-6.78000000000003,-0.038825251261350724,0.5,-0.0193317874113349,9.5,-0.04541877459246779,-8.080000000000013,0.006593523331117068,10362
22,-0.799999999999998,0.400000000000003,43,2,-6.78000000000003,-0.038825251261350724,0.5,-0.0193317874113349,9.5,-0.04541877459246779,-8.080000000000013,0.006593523331117068,10363
22,-0.699999999999998,0.20000000000000284,43,2,-6.78000000000003,-0.038825251261350724,0.5,-0.0193317874113349,9.5,-0.04541877459246779,-8.080000000000013,0.006593523331117068,10364
22,-0.699999999999998,0.30000000000000293,43,2,-6.78000000000003,-0.038825251261350724,0.5,-0.0193317874113349,9.5,-0.04541877459246779,-8.080000000000013,0.006593523331117068,10365
22,-0.699999999999998,0.400000000000003,43,2,-6.78000000000003,-0.038825251261350724,0.5,-0.0193317874113349,9.5,-0.04541877459246779,-8.080000000000013,0.006593523331117068,10366
22,-0.8999999999999981,0.9000000000000035,43,1,-6.760000000000019,-0.038839413961505476,0.0,-0.038839413961505476,17.0,-0.04541877459246779,-8.080000000000013,0.0065793606309623165,10367
22,-0.8999999999999981,1.0000000000000036,43,1,-6.760000000000019,-0.038839413961505476,0.0,-0.038839413961505476,17.0,-0.04541877459246779,-8.080000000000013,0.0065793606309623165,10368
22,-0.8999999999999981,1.1000000000000032,43,1,-6.760000000000019,-0.038839413961505476,0.0,-0.038839413961505476,17.0,-0.04541877459246779,-8.080000000000013,0.0065793606309623165,10369
22,-0.8999999999999981,1.2000000000000037,43,1,-6.760000000000019,-0.038839413961505476,0.0,-0.038839413961505476,17.0,-0.04541877459246779,-8.080000000000013,0.0065793606309623165,10370
22,-0.8999999999999981,1.3000000000000043,43,1,-6.760000000000019,-0.038839413961505476,0.0,-0.038839413961505476,17.0,-0.04541877459246779,-8.080000000000013,0.0065793606309623165,10371
22,-0.8999999999999981,1.400000000000004,43,1,-6.760000000000019,-0.038839413961505476,0.0,-0.038839413961505476,17.0,-0.04541877459246779,-8.080000000000013,0.0065793606309623165,10372
22,-0.8999999999999981,1.5000000000000036,43,1,-6.760000000000019,-0.038839413961505476,0.0,-0.038839413961505476,17.0,-0.04541877459246779,-8.080000000000013,0.0065793606309623165,10373
22,-0.799999999999998,0.9000000000000035,43,1,-6.760000000000019,-0.038839413961505476,0.0,-0.038839413961505476,17.0,-0.04541877459246779,-8.080000000000013,0.0065793606309623165,10374
22,-0.799999999999998,1.0000000000000036,43,1,-6.760000000000019,-0.038839413961505476,0.0,-0.038839413961505476,17.0,-0.04541877459246779,-8.080000000000013,0.0065793606309623165,10375
22,-0.799999999999998,1.1000000000000032,43,1,-6.760000000000019,-0.038839413961505476,0.0,-0.038839413961505476,17.0,-0.04541877459246779,-8.080000000000013,0.0065793606309623165,10376
22,-0.799999999999998,1.2000000000000037,43,1,-6.760000000000019,-0.038839413961505476,0.0,-0.038839413961505476,17.0,-0.04541877459246779,-8.080000000000013,0.0065793606309623165,10377
22,-0.799999999999998,1.3000000000000043,43,1,-6.760000000000019,-0.038839413961505476,0.0,-0.038839413961505476,17.0,-0.04541877459246779,-8.080000000000013,0.0065793606309623165,10378
22,-0.799999999999998,1.400000000000004,43,1,-6.760000000000019,-0.038839413961505476,0.0,-0.038839413961505476,17.0,-0.04541877459246779,-8.080000000000013,0.0065793606309623165,10379
22,-0.799999999999998,1.5000000000000036,43,1,-6.760000000000019,-0.038839413961505476,0.0,-0.038839413961505476,17.0,-0.04541877459246779,-8.080000000000013,0.0065793606309623165,10380
22,-0.699999999999998,0.9000000000000035,43,1,-6.760000000000019,-0.038839413961505476,0.0,-0.038839413961505476,17.0,-0.04541877459246779,-8.080000000000013,0.0065793606309623165,10381
22,-0.699999999999998,1.0000000000000036,43,1,-6.760000000000019,-0.038839413961505476,0.0,-0.038839413961505476,17.0,-0.04541877459246779,-8.080000000000013,0.0065793606309623165,10382
22,-0.699999999999998,1.1000000000000032,43,1,-6.760000000000019,-0.038839413961505476,0.0,-0.038839413961505476,17.0,-0.04541877459246779,-8.080000000000013,0.0065793606309623165,10383
22,-0.699999999999998,1.2000000000000037,43,1,-6.760000000000019,-0.038839413961505476,0.0,-0.038839413961505476,17.0,-0.04541877459246779,-8.080000000000013,0.0065793606309623165,10384
22,-0.699999999999998,1.3000000000000043,43,1,-6.760000000000019,-0.038839413961505476,0.0,-0.038839413961505476,17.0,-0.04541877459246779,-8.080000000000013,0.0065793606309623165,10385
22,-0.699999999999998,1.400000000000004,43,1,-6.760000000000019,-0.038839413961505476,0.0,-0.038839413961505476,17.0,-0.04541877459246779,-8.080000000000013,0.0065793606309623165,10386
22,-0.699999999999998,1.5000000000000036,43,1,-6.760000000000019,-0.038839413961505476,0.0,-0.038839413961505476,17.0,-0.04541877459246779,-8.080000000000013,0.0065793606309623165,10387
22,-0.1999999999999975,-0.2999999999999976,43,4,-6.850000000000023,-0.03898392783013571,0.25,-0.009727871473520083,8.5,-0.04541877459246779,-8.080000000000013,0.00643484676233208,10388
5,1.2000000000000037,1.400000000000004,60,2,-6.850000000000023,-0.03911591383515556,0.5,-0.01940498170906846,15.5,-0.0014112666117841455,-0.2400000000000091,-0.03770464722337141,10389
5,1.3000000000000043,1.400000000000004,60,2,-6.850000000000023,-0.03911591383515556,0.5,-0.01940498170906846,15.5,-0.0014112666117841455,-0.2400000000000091,-0.03770464722337141,10390
22,-1.899999999999999,-3.0,43,19,-6.720000000000027,-0.039228814611624974,0.47368421052631576,-0.0020325517979575417,1.8421052631578947,-0.04541877459246779,-8.080000000000013,0.0061899599808428185,10391
22,-1.899999999999999,-2.9,43,19,-6.720000000000027,-0.039228814611624974,0.47368421052631576,-0.0020325517979575417,1.8421052631578947,-0.04541877459246779,-8.080000000000013,0.0061899599808428185,10392
22,-1.899999999999999,-2.8,43,19,-6.720000000000027,-0.039228814611624974,0.47368421052631576,-0.0020325517979575417,1.8421052631578947,-0.04541877459246779,-8.080000000000013,0.0061899599808428185,10393
22,-1.899999999999999,-2.6999999999999997,43,19,-6.720000000000027,-0.039228814611624974,0.47368421052631576,-0.0020325517979575417,1.8421052631578947,-0.04541877459246779,-8.080000000000013,0.0061899599808428185,10394
22,-1.899999999999999,-2.5999999999999996,43,19,-6.720000000000027,-0.039228814611624974,0.47368421052631576,-0.0020325517979575417,1.8421052631578947,-0.04541877459246779,-8.080000000000013,0.0061899599808428185,10395
22,-1.899999999999999,-2.4999999999999996,43,19,-6.720000000000027,-0.039228814611624974,0.47368421052631576,-0.0020325517979575417,1.8421052631578947,-0.04541877459246779,-8.080000000000013,0.0061899599808428185,10396
22,-1.899999999999999,-2.3999999999999995,43,19,-6.720000000000027,-0.039228814611624974,0.47368421052631576,-0.0020325517979575417,1.8421052631578947,-0.04541877459246779,-8.080000000000013,0.0061899599808428185,10397
22,-1.899999999999999,-2.2999999999999994,43,19,-6.720000000000027,-0.039228814611624974,0.47368421052631576,-0.0020325517979575417,1.8421052631578947,-0.04541877459246779,-8.080000000000013,0.0061899599808428185,10398
22,-1.899999999999999,-2.1999999999999993,43,19,-6.720000000000027,-0.039228814611624974,0.47368421052631576,-0.0020325517979575417,1.8421052631578947,-0.04541877459246779,-8.080000000000013,0.0061899599808428185,10399
22,-1.899999999999999,-2.099999999999999,43,19,-6.720000000000027,-0.039228814611624974,0.47368421052631576,-0.0020325517979575417,1.8421052631578947,-0.04541877459246779,-8.080000000000013,0.0061899599808428185,10400
22,-1.899999999999999,-1.9999999999999991,43,19,-6.720000000000027,-0.039228814611624974,0.47368421052631576,-0.0020325517979575417,1.8421052631578947,-0.04541877459246779,-8.080000000000013,0.0061899599808428185,10401
22,-1.899999999999999,-1.899999999999999,43,19,-6.720000000000027,-0.039228814611624974,0.47368421052631576,-0.0020325517979575417,1.8421052631578947,-0.04541877459246779,-8.080000000000013,0.0061899599808428185,10402
22,-1.899999999999999,-1.799999999999999,43,19,-6.720000000000027,-0.039228814611624974,0.47368421052631576,-0.0020325517979575417,1.8421052631578947,-0.04541877459246779,-8.080000000000013,0.0061899599808428185,10403
22,-1.899999999999999,-1.6999999999999988,43,19,-6.720000000000027,-0.039228814611624974,0.47368421052631576,-0.0020325517979575417,1.8421052631578947,-0.04541877459246779,-8.080000000000013,0.0061899599808428185,10404
22,-1.899999999999999,-1.5999999999999988,43,19,-6.720000000000027,-0.039228814611624974,0.47368421052631576,-0.0020325517979575417,1.8421052631578947,-0.04541877459246779,-8.080000000000013,0.0061899599808428185,10405
22,-1.799999999999999,-3.0,43,19,-6.720000000000027,-0.039228814611624974,0.47368421052631576,-0.0020325517979575417,1.8421052631578947,-0.04541877459246779,-8.080000000000013,0.0061899599808428185,10406
22,-1.799999999999999,-2.9,43,19,-6.720000000000027,-0.039228814611624974,0.47368421052631576,-0.0020325517979575417,1.8421052631578947,-0.04541877459246779,-8.080000000000013,0.0061899599808428185,10407
22,-1.799999999999999,-2.8,43,19,-6.720000000000027,-0.039228814611624974,0.47368421052631576,-0.0020325517979575417,1.8421052631578947,-0.04541877459246779,-8.080000000000013,0.0061899599808428185,10408
22,-1.799999999999999,-2.6999999999999997,43,19,-6.720000000000027,-0.039228814611624974,0.47368421052631576,-0.0020325517979575417,1.8421052631578947,-0.04541877459246779,-8.080000000000013,0.0061899599808428185,10409
22,-1.799999999999999,-2.5999999999999996,43,19,-6.720000000000027,-0.039228814611624974,0.47368421052631576,-0.0020325517979575417,1.8421052631578947,-0.04541877459246779,-8.080000000000013,0.0061899599808428185,10410
22,-1.799999999999999,-2.4999999999999996,43,19,-6.720000000000027,-0.039228814611624974,0.47368421052631576,-0.0020325517979575417,1.8421052631578947,-0.04541877459246779,-8.080000000000013,0.0061899599808428185,10411
22,-1.799999999999999,-2.3999999999999995,43,19,-6.720000000000027,-0.039228814611624974,0.47368421052631576,-0.0020325517979575417,1.8421052631578947,-0.04541877459246779,-8.080000000000013,0.0061899599808428185,10412
22,-1.799999999999999,-2.2999999999999994,43,19,-6.720000000000027,-0.039228814611624974,0.47368421052631576,-0.0020325517979575417,1.8421052631578947,-0.04541877459246779,-8.080000000000013,0.0061899599808428185,10413
22,-1.799999999999999,-2.1999999999999993,43,19,-6.720000000000027,-0.039228814611624974,0.47368421052631576,-0.0020325517979575417,1.8421052631578947,-0.04541877459246779,-8.080000000000013,0.0061899599808428185,10414
22,-1.799999999999999,-2.099999999999999,43,19,-6.720000000000027,-0.039228814611624974,0.47368421052631576,-0.0020325517979575417,1.8421052631578947,-0.04541877459246779,-8.080000000000013,0.0061899599808428185,10415
22,-1.799999999999999,-1.9999999999999991,43,19,-6.720000000000027,-0.039228814611624974,0.47368421052631576,-0.0020325517979575417,1.8421052631578947,-0.04541877459246779,-8.080000000000013,0.0061899599808428185,10416
22,-1.799999999999999,-1.899999999999999,43,19,-6.720000000000027,-0.039228814611624974,0.47368421052631576,-0.0020325517979575417,1.8421052631578947,-0.04541877459246779,-8.080000000000013,0.0061899599808428185,10417
22,-1.799999999999999,-1.799999999999999,43,19,-6.720000000000027,-0.039228814611624974,0.47368421052631576,-0.0020325517979575417,1.8421052631578947,-0.04541877459246779,-8.080000000000013,0.0061899599808428185,10418
22,-1.799999999999999,-1.6999999999999988,43,19,-6.720000000000027,-0.039228814611624974,0.47368421052631576,-0.0020325517979575417,1.8421052631578947,-0.04541877459246779,-8.080000000000013,0.0061899599808428185,10419
22,-1.799999999999999,-1.5999999999999988,43,19,-6.720000000000027,-0.039228814611624974,0.47368421052631576,-0.0020325517979575417,1.8421052631578947,-0.04541877459246779,-8.080000000000013,0.0061899599808428185,10420
22,-1.6999999999999988,-3.0,43,19,-6.720000000000027,-0.039228814611624974,0.47368421052631576,-0.0020325517979575417,1.8421052631578947,-0.04541877459246779,-8.080000000000013,0.0061899599808428185,10421
22,-1.6999999999999988,-2.9,43,19,-6.720000000000027,-0.039228814611624974,0.47368421052631576,-0.0020325517979575417,1.8421052631578947,-0.04541877459246779,-8.080000000000013,0.0061899599808428185,10422
22,-1.6999999999999988,-2.8,43,19,-6.720000000000027,-0.039228814611624974,0.47368421052631576,-0.0020325517979575417,1.8421052631578947,-0.04541877459246779,-8.080000000000013,0.0061899599808428185,10423
22,-1.6999999999999988,-2.6999999999999997,43,19,-6.720000000000027,-0.039228814611624974,0.47368421052631576,-0.0020325517979575417,1.8421052631578947,-0.04541877459246779,-8.080000000000013,0.0061899599808428185,10424
22,-1.6999999999999988,-2.5999999999999996,43,19,-6.720000000000027,-0.039228814611624974,0.47368421052631576,-0.0020325517979575417,1.8421052631578947,-0.04541877459246779,-8.080000000000013,0.0061899599808428185,10425
22,-1.6999999999999988,-2.4999999999999996,43,19,-6.720000000000027,-0.039228814611624974,0.47368421052631576,-0.0020325517979575417,1.8421052631578947,-0.04541877459246779,-8.080000000000013,0.0061899599808428185,10426
22,-1.6999999999999988,-2.3999999999999995,43,19,-6.720000000000027,-0.039228814611624974,0.47368421052631576,-0.0020325517979575417,1.8421052631578947,-0.04541877459246779,-8.080000000000013,0.0061899599808428185,10427
22,-1.6999999999999988,-2.2999999999999994,43,19,-6.720000000000027,-0.039228814611624974,0.47368421052631576,-0.0020325517979575417,1.8421052631578947,-0.04541877459246779,-8.080000000000013,0.0061899599808428185,10428
22,-1.6999999999999988,-2.1999999999999993,43,19,-6.720000000000027,-0.039228814611624974,0.47368421052631576,-0.0020325517979575417,1.8421052631578947,-0.04541877459246779,-8.080000000000013,0.0061899599808428185,10429
22,-1.6999999999999988,-2.099999999999999,43,19,-6.720000000000027,-0.039228814611624974,0.47368421052631576,-0.0020325517979575417,1.8421052631578947,-0.04541877459246779,-8.080000000000013,0.0061899599808428185,10430
22,-1.6999999999999988,-1.9999999999999991,43,19,-6.720000000000027,-0.039228814611624974,0.47368421052631576,-0.0020325517979575417,1.8421052631578947,-0.04541877459246779,-8.080000000000013,0.0061899599808428185,10431
22,-1.6999999999999988,-1.899999999999999,43,19,-6.720000000000027,-0.039228814611624974,0.47368421052631576,-0.0020325517979575417,1.8421052631578947,-0.04541877459246779,-8.080000000000013,0.0061899599808428185,10432
22,-1.6999999999999988,-1.799999999999999,43,19,-6.720000000000027,-0.039228814611624974,0.47368421052631576,-0.0020325517979575417,1.8421052631578947,-0.04541877459246779,-8.080000000000013,0.0061899599808428185,10433
22,-1.6999999999999988,-1.6999999999999988,43,19,-6.720000000000027,-0.039228814611624974,0.47368421052631576,-0.0020325517979575417,1.8421052631578947,-0.04541877459246779,-8.080000000000013,0.0061899599808428185,10434
22,-1.6999999999999988,-1.5999999999999988,43,19,-6.720000000000027,-0.039228814611624974,0.47368421052631576,-0.0020325517979575417,1.8421052631578947,-0.04541877459246779,-8.080000000000013,0.0061899599808428185,10435
10,-2.2999999999999994,0.5000000000000031,55,10,-6.719999999999999,-0.03924867702439516,0.5,-0.0038494617555992596,1.6,-0.007654999123473449,-1.3100000000000023,-0.03159367790092171,10436
10,-2.1999999999999993,0.5000000000000031,55,10,-6.719999999999999,-0.03924867702439516,0.5,-0.0038494617555992596,1.6,-0.007654999123473449,-1.3100000000000023,-0.03159367790092171,10437
10,-2.099999999999999,0.5000000000000031,55,10,-6.719999999999999,-0.03924867702439516,0.5,-0.0038494617555992596,1.6,-0.007654999123473449,-1.3100000000000023,-0.03159367790092171,10438
10,-1.9999999999999991,0.5000000000000031,55,10,-6.719999999999999,-0.03924867702439516,0.5,-0.0038494617555992596,1.6,-0.007654999123473449,-1.3100000000000023,-0.03159367790092171,10439
22,-1.2999999999999985,2.6645352591003757e-15,43,7,-6.870000000000033,-0.03929622455189685,0.5714285714285714,-0.005582058294373685,2.7142857142857144,-0.04541877459246779,-8.080000000000013,0.00612255004057094,10440
10,-2.2999999999999994,0.400000000000003,55,11,-6.72999999999999,-0.03930634863271343,0.45454545454545453,-0.003504967742608576,1.7272727272727273,-0.007654999123473449,-1.3100000000000023,-0.03165134950923998,10441
10,-2.1999999999999993,0.400000000000003,55,11,-6.72999999999999,-0.03930634863271343,0.45454545454545453,-0.003504967742608576,1.7272727272727273,-0.007654999123473449,-1.3100000000000023,-0.03165134950923998,10442
10,-2.099999999999999,0.400000000000003,55,11,-6.72999999999999,-0.03930634863271343,0.45454545454545453,-0.003504967742608576,1.7272727272727273,-0.007654999123473449,-1.3100000000000023,-0.03165134950923998,10443
10,-1.9999999999999991,0.400000000000003,55,11,-6.72999999999999,-0.03930634863271343,0.45454545454545453,-0.003504967742608576,1.7272727272727273,-0.007654999123473449,-1.3100000000000023,-0.03165134950923998,10444
10,-0.5999999999999979,-0.699999999999998,55,8,-6.810000000000002,-0.039353846387510605,0.5,-0.004829306484312762,3.875,-0.007654999123473449,-1.3100000000000023,-0.031698847264037155,10445
10,-0.5999999999999979,-0.5999999999999979,55,8,-6.810000000000002,-0.039353846387510605,0.5,-0.004829306484312762,3.875,-0.007654999123473449,-1.3100000000000023,-0.031698847264037155,10446
10,-0.5999999999999979,-0.4999999999999978,55,8,-6.810000000000002,-0.039353846387510605,0.5,-0.004829306484312762,3.875,-0.007654999123473449,-1.3100000000000023,-0.031698847264037155,10447
10,-0.5999999999999979,-0.3999999999999977,55,8,-6.810000000000002,-0.039353846387510605,0.5,-0.004829306484312762,3.875,-0.007654999123473449,-1.3100000000000023,-0.031698847264037155,10448
10,-0.8999999999999981,1.600000000000004,55,2,-6.78000000000003,-0.03937685558211701,0.5,-0.01942086509980695,5.5,-0.007654999123473449,-1.3100000000000023,-0.03172185645864356,10449
10,-0.8999999999999981,1.7000000000000046,55,2,-6.78000000000003,-0.03937685558211701,0.5,-0.01942086509980695,5.5,-0.007654999123473449,-1.3100000000000023,-0.03172185645864356,10450
10,-0.799999999999998,1.600000000000004,55,2,-6.78000000000003,-0.03937685558211701,0.5,-0.01942086509980695,5.5,-0.007654999123473449,-1.3100000000000023,-0.03172185645864356,10451
10,-0.799999999999998,1.7000000000000046,55,2,-6.78000000000003,-0.03937685558211701,0.5,-0.01942086509980695,5.5,-0.007654999123473449,-1.3100000000000023,-0.03172185645864356,10452
5,-0.3999999999999977,-1.6999999999999988,60,19,-6.969999999999942,-0.03948630253071672,0.5263157894736842,-0.0020280309600506116,3.1052631578947367,-0.0014112666117841455,-0.2400000000000091,-0.038075035918932576,10453
5,-1.2999999999999985,-1.1999999999999984,60,19,-6.809999999999974,-0.03950667461684687,0.5789473684210527,-0.0020093318708657567,1.894736842105263,-0.0014112666117841455,-0.2400000000000091,-0.038095408005062725,10454
22,-0.799999999999998,2.6645352591003757e-15,43,4,-6.970000000000027,-0.03968943138815184,0.75,-0.009822505673398985,6.0,-0.04541877459246779,-8.080000000000013,0.005729343204315951,10455
22,-0.699999999999998,2.6645352591003757e-15,43,4,-6.970000000000027,-0.03968943138815184,0.75,-0.009822505673398985,6.0,-0.04541877459246779,-8.080000000000013,0.005729343204315951,10456
10,-2.3999999999999995,1.8000000000000043,55,2,-6.840000000000003,-0.03975836715627179,0.0,-0.01994740319248195,1.5,-0.007654999123473449,-1.3100000000000023,-0.03210336803279834,10457
10,-2.2999999999999994,1.8000000000000043,55,2,-6.840000000000003,-0.03975836715627179,0.0,-0.01994740319248195,1.5,-0.007654999123473449,-1.3100000000000023,-0.03210336803279834,10458
10,-2.1999999999999993,1.8000000000000043,55,2,-6.840000000000003,-0.03975836715627179,0.0,-0.01994740319248195,1.5,-0.007654999123473449,-1.3100000000000023,-0.03210336803279834,10459
10,-2.099999999999999,1.8000000000000043,55,2,-6.840000000000003,-0.03975836715627179,0.0,-0.01994740319248195,1.5,-0.007654999123473449,-1.3100000000000023,-0.03210336803279834,10460
10,-1.9999999999999991,1.8000000000000043,55,2,-6.840000000000003,-0.03975836715627179,0.0,-0.01994740319248195,1.5,-0.007654999123473449,-1.3100000000000023,-0.03210336803279834,10461
10,-1.6999999999999988,1.400000000000004,55,2,-6.900000000000034,-0.039773060080761646,0.5,-0.01961685393046131,5.5,-0.007654999123473449,-1.3100000000000023,-0.0321180609572882,10462
10,-1.6999999999999988,1.5000000000000036,55,2,-6.900000000000034,-0.039773060080761646,0.5,-0.01961685393046131,5.5,-0.007654999123473449,-1.3100000000000023,-0.0321180609572882,10463
10,-1.5999999999999988,1.400000000000004,55,2,-6.900000000000034,-0.039773060080761646,0.5,-0.01961685393046131,5.5,-0.007654999123473449,-1.3100000000000023,-0.0321180609572882,10464
10,-1.5999999999999988,1.5000000000000036,55,2,-6.900000000000034,-0.039773060080761646,0.5,-0.01961685393046131,5.5,-0.007654999123473449,-1.3100000000000023,-0.0321180609572882,10465
10,-1.4999999999999987,1.400000000000004,55,2,-6.900000000000034,-0.039773060080761646,0.5,-0.01961685393046131,5.5,-0.007654999123473449,-1.3100000000000023,-0.0321180609572882,10466
10,-1.4999999999999987,1.5000000000000036,55,2,-6.900000000000034,-0.039773060080761646,0.5,-0.01961685393046131,5.5,-0.007654999123473449,-1.3100000000000023,-0.0321180609572882,10467
10,-1.3999999999999986,1.400000000000004,55,2,-6.900000000000034,-0.039773060080761646,0.5,-0.01961685393046131,5.5,-0.007654999123473449,-1.3100000000000023,-0.0321180609572882,10468
10,-1.3999999999999986,1.5000000000000036,55,2,-6.900000000000034,-0.039773060080761646,0.5,-0.01961685393046131,5.5,-0.007654999123473449,-1.3100000000000023,-0.0321180609572882,10469
10,-1.2999999999999985,1.400000000000004,55,2,-6.900000000000034,-0.039773060080761646,0.5,-0.01961685393046131,5.5,-0.007654999123473449,-1.3100000000000023,-0.0321180609572882,10470
10,-1.2999999999999985,1.5000000000000036,55,2,-6.900000000000034,-0.039773060080761646,0.5,-0.01961685393046131,5.5,-0.007654999123473449,-1.3100000000000023,-0.0321180609572882,10471
10,-1.1999999999999984,1.400000000000004,55,2,-6.900000000000034,-0.039773060080761646,0.5,-0.01961685393046131,5.5,-0.007654999123473449,-1.3100000000000023,-0.0321180609572882,10472
10,-1.1999999999999984,1.5000000000000036,55,2,-6.900000000000034,-0.039773060080761646,0.5,-0.01961685393046131,5.5,-0.007654999123473449,-1.3100000000000023,-0.0321180609572882,10473
22,-1.4999999999999987,-3.0,43,18,-6.820000000000022,-0.03980710471959914,0.4444444444444444,-0.0021858597246785082,2.0,-0.04541877459246779,-8.080000000000013,0.005611669872868652,10474
22,-1.4999999999999987,-2.9,43,18,-6.820000000000022,-0.03980710471959914,0.4444444444444444,-0.0021858597246785082,2.0,-0.04541877459246779,-8.080000000000013,0.005611669872868652,10475
22,-1.4999999999999987,-2.8,43,18,-6.820000000000022,-0.03980710471959914,0.4444444444444444,-0.0021858597246785082,2.0,-0.04541877459246779,-8.080000000000013,0.005611669872868652,10476
22,-1.4999999999999987,-2.6999999999999997,43,18,-6.820000000000022,-0.03980710471959914,0.4444444444444444,-0.0021858597246785082,2.0,-0.04541877459246779,-8.080000000000013,0.005611669872868652,10477
22,-1.4999999999999987,-2.5999999999999996,43,18,-6.820000000000022,-0.03980710471959914,0.4444444444444444,-0.0021858597246785082,2.0,-0.04541877459246779,-8.080000000000013,0.005611669872868652,10478
22,-1.4999999999999987,-2.4999999999999996,43,18,-6.820000000000022,-0.03980710471959914,0.4444444444444444,-0.0021858597246785082,2.0,-0.04541877459246779,-8.080000000000013,0.005611669872868652,10479
22,-1.4999999999999987,-2.3999999999999995,43,18,-6.820000000000022,-0.03980710471959914,0.4444444444444444,-0.0021858597246785082,2.0,-0.04541877459246779,-8.080000000000013,0.005611669872868652,10480
22,-1.4999999999999987,-2.2999999999999994,43,18,-6.820000000000022,-0.03980710471959914,0.4444444444444444,-0.0021858597246785082,2.0,-0.04541877459246779,-8.080000000000013,0.005611669872868652,10481
22,-1.4999999999999987,-2.1999999999999993,43,18,-6.820000000000022,-0.03980710471959914,0.4444444444444444,-0.0021858597246785082,2.0,-0.04541877459246779,-8.080000000000013,0.005611669872868652,10482
22,-1.4999999999999987,-2.099999999999999,43,18,-6.820000000000022,-0.03980710471959914,0.4444444444444444,-0.0021858597246785082,2.0,-0.04541877459246779,-8.080000000000013,0.005611669872868652,10483
22,-1.4999999999999987,-1.9999999999999991,43,18,-6.820000000000022,-0.03980710471959914,0.4444444444444444,-0.0021858597246785082,2.0,-0.04541877459246779,-8.080000000000013,0.005611669872868652,10484
22,-1.4999999999999987,-1.899999999999999,43,18,-6.820000000000022,-0.03980710471959914,0.4444444444444444,-0.0021858597246785082,2.0,-0.04541877459246779,-8.080000000000013,0.005611669872868652,10485
22,-1.4999999999999987,-1.799999999999999,43,18,-6.820000000000022,-0.03980710471959914,0.4444444444444444,-0.0021858597246785082,2.0,-0.04541877459246779,-8.080000000000013,0.005611669872868652,10486
22,-1.4999999999999987,-1.6999999999999988,43,18,-6.820000000000022,-0.03980710471959914,0.4444444444444444,-0.0021858597246785082,2.0,-0.04541877459246779,-8.080000000000013,0.005611669872868652,10487
22,-1.4999999999999987,-1.5999999999999988,43,18,-6.820000000000022,-0.03980710471959914,0.4444444444444444,-0.0021858597246785082,2.0,-0.04541877459246779,-8.080000000000013,0.005611669872868652,10488
22,-1.3999999999999986,-3.0,43,18,-6.820000000000022,-0.03980710471959914,0.4444444444444444,-0.0021858597246785082,2.0,-0.04541877459246779,-8.080000000000013,0.005611669872868652,10489
22,-1.3999999999999986,-2.9,43,18,-6.820000000000022,-0.03980710471959914,0.4444444444444444,-0.0021858597246785082,2.0,-0.04541877459246779,-8.080000000000013,0.005611669872868652,10490
22,-1.3999999999999986,-2.8,43,18,-6.820000000000022,-0.03980710471959914,0.4444444444444444,-0.0021858597246785082,2.0,-0.04541877459246779,-8.080000000000013,0.005611669872868652,10491
22,-1.3999999999999986,-2.6999999999999997,43,18,-6.820000000000022,-0.03980710471959914,0.4444444444444444,-0.0021858597246785082,2.0,-0.04541877459246779,-8.080000000000013,0.005611669872868652,10492
22,-1.3999999999999986,-2.5999999999999996,43,18,-6.820000000000022,-0.03980710471959914,0.4444444444444444,-0.0021858597246785082,2.0,-0.04541877459246779,-8.080000000000013,0.005611669872868652,10493
22,-1.3999999999999986,-2.4999999999999996,43,18,-6.820000000000022,-0.03980710471959914,0.4444444444444444,-0.0021858597246785082,2.0,-0.04541877459246779,-8.080000000000013,0.005611669872868652,10494
22,-1.3999999999999986,-2.3999999999999995,43,18,-6.820000000000022,-0.03980710471959914,0.4444444444444444,-0.0021858597246785082,2.0,-0.04541877459246779,-8.080000000000013,0.005611669872868652,10495
22,-1.3999999999999986,-2.2999999999999994,43,18,-6.820000000000022,-0.03980710471959914,0.4444444444444444,-0.0021858597246785082,2.0,-0.04541877459246779,-8.080000000000013,0.005611669872868652,10496
22,-1.3999999999999986,-2.1999999999999993,43,18,-6.820000000000022,-0.03980710471959914,0.4444444444444444,-0.0021858597246785082,2.0,-0.04541877459246779,-8.080000000000013,0.005611669872868652,10497
22,-1.3999999999999986,-2.099999999999999,43,18,-6.820000000000022,-0.03980710471959914,0.4444444444444444,-0.0021858597246785082,2.0,-0.04541877459246779,-8.080000000000013,0.005611669872868652,10498
22,-1.3999999999999986,-1.9999999999999991,43,18,-6.820000000000022,-0.03980710471959914,0.4444444444444444,-0.0021858597246785082,2.0,-0.04541877459246779,-8.080000000000013,0.005611669872868652,10499
22,-1.3999999999999986,-1.899999999999999,43,18,-6.820000000000022,-0.03980710471959914,0.4444444444444444,-0.0021858597246785082,2.0,-0.04541877459246779,-8.080000000000013,0.005611669872868652,10500
22,-1.3999999999999986,-1.799999999999999,43,18,-6.820000000000022,-0.03980710471959914,0.4444444444444444,-0.0021858597246785082,2.0,-0.04541877459246779,-8.080000000000013,0.005611669872868652,10501
22,-1.3999999999999986,-1.6999999999999988,43,18,-6.820000000000022,-0.03980710471959914,0.4444444444444444,-0.0021858597246785082,2.0,-0.04541877459246779,-8.080000000000013,0.005611669872868652,10502
22,-1.3999999999999986,-1.5999999999999988,43,18,-6.820000000000022,-0.03980710471959914,0.4444444444444444,-0.0021858597246785082,2.0,-0.04541877459246779,-8.080000000000013,0.005611669872868652,10503
10,-0.8999999999999981,-0.1999999999999975,55,7,-6.930000000000035,-0.03982528092052895,0.42857142857142855,-0.005568007180028954,3.7142857142857144,-0.007654999123473449,-1.3100000000000023,-0.0321702817970555,10504
10,-0.8999999999999981,-0.09999999999999742,55,7,-6.930000000000035,-0.03982528092052895,0.42857142857142855,-0.005568007180028954,3.7142857142857144,-0.007654999123473449,-1.3100000000000023,-0.0321702817970555,10505
10,-0.8999999999999981,2.6645352591003757e-15,55,7,-6.930000000000035,-0.03982528092052895,0.42857142857142855,-0.005568007180028954,3.7142857142857144,-0.007654999123473449,-1.3100000000000023,-0.0321702817970555,10506
10,-0.8999999999999981,0.10000000000000275,55,7,-6.930000000000035,-0.03982528092052895,0.42857142857142855,-0.005568007180028954,3.7142857142857144,-0.007654999123473449,-1.3100000000000023,-0.0321702817970555,10507
10,-0.799999999999998,-0.1999999999999975,55,7,-6.930000000000035,-0.03982528092052895,0.42857142857142855,-0.005568007180028954,3.7142857142857144,-0.007654999123473449,-1.3100000000000023,-0.0321702817970555,10508
10,-0.799999999999998,-0.09999999999999742,55,7,-6.930000000000035,-0.03982528092052895,0.42857142857142855,-0.005568007180028954,3.7142857142857144,-0.007654999123473449,-1.3100000000000023,-0.0321702817970555,10509
10,-0.799999999999998,2.6645352591003757e-15,55,7,-6.930000000000035,-0.03982528092052895,0.42857142857142855,-0.005568007180028954,3.7142857142857144,-0.007654999123473449,-1.3100000000000023,-0.0321702817970555,10510
10,-0.799999999999998,0.10000000000000275,55,7,-6.930000000000035,-0.03982528092052895,0.42857142857142855,-0.005568007180028954,3.7142857142857144,-0.007654999123473449,-1.3100000000000023,-0.0321702817970555,10511
10,-1.0999999999999983,1.0000000000000036,55,4,-6.920000000000044,-0.03984229747030266,0.5,-0.009768823015035483,4.25,-0.007654999123473449,-1.3100000000000023,-0.03218729834682921,10512
22,-0.1999999999999975,-0.1999999999999975,43,3,-7.02000000000001,-0.03993875967763372,0.3333333333333333,-0.013306556689667145,10.333333333333334,-0.04541877459246779,-8.080000000000013,0.005480014914834075,10513
22,-0.1999999999999975,-0.09999999999999742,43,3,-7.02000000000001,-0.03993875967763372,0.3333333333333333,-0.013306556689667145,10.333333333333334,-0.04541877459246779,-8.080000000000013,0.005480014914834075,10514
10,-0.2999999999999976,1.0000000000000036,55,3,-6.920000000000044,-0.03994687693306964,0.6666666666666666,-0.013056857972923478,8.666666666666666,-0.007654999123473449,-1.3100000000000023,-0.03229187780959619,10515
10,-0.2999999999999976,1.1000000000000032,55,3,-6.920000000000044,-0.03994687693306964,0.6666666666666666,-0.013056857972923478,8.666666666666666,-0.007654999123473449,-1.3100000000000023,-0.03229187780959619,10516
10,-0.1999999999999975,1.0000000000000036,55,3,-6.920000000000044,-0.03994687693306964,0.6666666666666666,-0.013056857972923478,8.666666666666666,-0.007654999123473449,-1.3100000000000023,-0.03229187780959619,10517
10,-0.1999999999999975,1.1000000000000032,55,3,-6.920000000000044,-0.03994687693306964,0.6666666666666666,-0.013056857972923478,8.666666666666666,-0.007654999123473449,-1.3100000000000023,-0.03229187780959619,10518
5,-3.0,-1.6999999999999988,60,28,-7.129999999999967,-0.04010424819483993,0.5,-0.0014207936622082401,1.6428571428571428,-0.0014112666117841455,-0.2400000000000091,-0.038692981583055785,10519
5,-2.9,-1.6999999999999988,60,28,-7.129999999999967,-0.04010424819483993,0.5,-0.0014207936622082401,1.6428571428571428,-0.0014112666117841455,-0.2400000000000091,-0.038692981583055785,10520
5,-2.8,-1.6999999999999988,60,28,-7.129999999999967,-0.04010424819483993,0.5,-0.0014207936622082401,1.6428571428571428,-0.0014112666117841455,-0.2400000000000091,-0.038692981583055785,10521
5,-2.6999999999999997,-1.6999999999999988,60,28,-7.129999999999967,-0.04010424819483993,0.5,-0.0014207936622082401,1.6428571428571428,-0.0014112666117841455,-0.2400000000000091,-0.038692981583055785,10522
5,-2.5999999999999996,-1.6999999999999988,60,28,-7.129999999999967,-0.04010424819483993,0.5,-0.0014207936622082401,1.6428571428571428,-0.0014112666117841455,-0.2400000000000091,-0.038692981583055785,10523
5,-2.4999999999999996,-1.6999999999999988,60,28,-7.129999999999967,-0.04010424819483993,0.5,-0.0014207936622082401,1.6428571428571428,-0.0014112666117841455,-0.2400000000000091,-0.038692981583055785,10524
5,-2.3999999999999995,-1.6999999999999988,60,28,-7.129999999999967,-0.04010424819483993,0.5,-0.0014207936622082401,1.6428571428571428,-0.0014112666117841455,-0.2400000000000091,-0.038692981583055785,10525
5,-2.2999999999999994,-1.6999999999999988,60,28,-7.129999999999967,-0.04010424819483993,0.5,-0.0014207936622082401,1.6428571428571428,-0.0014112666117841455,-0.2400000000000091,-0.038692981583055785,10526
5,-2.1999999999999993,-1.6999999999999988,60,28,-7.129999999999967,-0.04010424819483993,0.5,-0.0014207936622082401,1.6428571428571428,-0.0014112666117841455,-0.2400000000000091,-0.038692981583055785,10527
5,-2.099999999999999,-1.6999999999999988,60,28,-7.129999999999967,-0.04010424819483993,0.5,-0.0014207936622082401,1.6428571428571428,-0.0014112666117841455,-0.2400000000000091,-0.038692981583055785,10528
5,-1.9999999999999991,-1.6999999999999988,60,28,-7.129999999999967,-0.04010424819483993,0.5,-0.0014207936622082401,1.6428571428571428,-0.0014112666117841455,-0.2400000000000091,-0.038692981583055785,10529
22,-3.0,1.7000000000000046,43,2,-6.8799999999999955,-0.04015855530549273,0.0,-0.020154994880510757,1.5,-0.04541877459246779,-8.080000000000013,0.005260219286975065,10530
22,-3.0,1.8000000000000043,43,2,-6.8799999999999955,-0.04015855530549273,0.0,-0.020154994880510757,1.5,-0.04541877459246779,-8.080000000000013,0.005260219286975065,10531
22,-3.0,1.900000000000004,43,2,-6.8799999999999955,-0.04015855530549273,0.0,-0.020154994880510757,1.5,-0.04541877459246779,-8.080000000000013,0.005260219286975065,10532
22,-3.0,2.0000000000000044,43,2,-6.8799999999999955,-0.04015855530549273,0.0,-0.020154994880510757,1.5,-0.04541877459246779,-8.080000000000013,0.005260219286975065,10533
10,-0.09999999999999742,1.400000000000004,55,2,-6.940000000000026,-0.04025575679627924,0.5,-0.01972524154948141,12.0,-0.007654999123473449,-1.3100000000000023,-0.03260075767280579,10534
10,-0.09999999999999742,1.5000000000000036,55,2,-6.940000000000026,-0.04025575679627924,0.5,-0.01972524154948141,12.0,-0.007654999123473449,-1.3100000000000023,-0.03260075767280579,10535
10,2.6645352591003757e-15,1.400000000000004,55,2,-6.940000000000026,-0.04025575679627924,0.5,-0.01972524154948141,12.0,-0.007654999123473449,-1.3100000000000023,-0.03260075767280579,10536
10,2.6645352591003757e-15,1.5000000000000036,55,2,-6.940000000000026,-0.04025575679627924,0.5,-0.01972524154948141,12.0,-0.007654999123473449,-1.3100000000000023,-0.03260075767280579,10537
10,0.10000000000000275,1.400000000000004,55,2,-6.940000000000026,-0.04025575679627924,0.5,-0.01972524154948141,12.0,-0.007654999123473449,-1.3100000000000023,-0.03260075767280579,10538
10,0.10000000000000275,1.5000000000000036,55,2,-6.940000000000026,-0.04025575679627924,0.5,-0.01972524154948141,12.0,-0.007654999123473449,-1.3100000000000023,-0.03260075767280579,10539
10,0.20000000000000284,1.400000000000004,55,2,-6.940000000000026,-0.04025575679627924,0.5,-0.01972524154948141,12.0,-0.007654999123473449,-1.3100000000000023,-0.03260075767280579,10540
10,0.20000000000000284,1.5000000000000036,55,2,-6.940000000000026,-0.04025575679627924,0.5,-0.01972524154948141,12.0,-0.007654999123473449,-1.3100000000000023,-0.03260075767280579,10541
10,0.30000000000000293,-1.5999999999999988,55,11,-7.099999999999994,-0.04029384175295969,0.7272727272727273,-0.00357816975267089,4.909090909090909,-0.007654999123473449,-1.3100000000000023,-0.03263884262948624,10542
10,-1.6999999999999988,-0.1999999999999975,55,11,-6.980000000000047,-0.04030826322630887,0.45454545454545453,-0.0036043427430869734,1.8181818181818181,-0.007654999123473449,-1.3100000000000023,-0.03265326410283542,10543
10,-1.5999999999999988,-0.1999999999999975,55,11,-6.980000000000047,-0.04030826322630887,0.45454545454545453,-0.0036043427430869734,1.8181818181818181,-0.007654999123473449,-1.3100000000000023,-0.03265326410283542,10544
10,-1.4999999999999987,-0.1999999999999975,55,11,-6.980000000000047,-0.04030826322630887,0.45454545454545453,-0.0036043427430869734,1.8181818181818181,-0.007654999123473449,-1.3100000000000023,-0.03265326410283542,10545
10,-1.3999999999999986,-0.1999999999999975,55,11,-6.980000000000047,-0.04030826322630887,0.45454545454545453,-0.0036043427430869734,1.8181818181818181,-0.007654999123473449,-1.3100000000000023,-0.03265326410283542,10546
10,-1.2999999999999985,-0.1999999999999975,55,11,-6.980000000000047,-0.04030826322630887,0.45454545454545453,-0.0036043427430869734,1.8181818181818181,-0.007654999123473449,-1.3100000000000023,-0.03265326410283542,10547
10,-1.1999999999999984,-0.1999999999999975,55,11,-6.980000000000047,-0.04030826322630887,0.45454545454545453,-0.0036043427430869734,1.8181818181818181,-0.007654999123473449,-1.3100000000000023,-0.03265326410283542,10548
5,-1.2999999999999985,-0.699999999999998,60,15,-6.9199999999999875,-0.04033918572538908,0.5333333333333333,-0.002603475639557762,1.9333333333333333,-0.0014112666117841455,-0.2400000000000091,-0.038927919113604936,10549
22,-0.1999999999999975,0.10000000000000275,43,1,-7.090000000000003,-0.04034368954136791,0.0,-0.04034368954136791,27.0,-0.04541877459246779,-8.080000000000013,0.005075085051099881,10550
10,-1.0999999999999983,0.20000000000000284,55,8,-7.0400000000000205,-0.04044495324244202,0.375,-0.004962402425856979,2.875,-0.007654999123473449,-1.3100000000000023,-0.03278995411896857,10551
10,-1.0999999999999983,0.30000000000000293,55,8,-7.0400000000000205,-0.04044495324244202,0.375,-0.004962402425856979,2.875,-0.007654999123473449,-1.3100000000000023,-0.03278995411896857,10552
10,-1.2999999999999985,1.1000000000000032,55,3,-7.020000000000039,-0.040456657807329766,0.3333333333333333,-0.013315206844322747,5.0,-0.007654999123473449,-1.3100000000000023,-0.032801658683856316,10553
10,-1.1999999999999984,1.1000000000000032,55,3,-7.020000000000039,-0.040456657807329766,0.3333333333333333,-0.013315206844322747,5.0,-0.007654999123473449,-1.3100000000000023,-0.032801658683856316,10554
10,-0.9999999999999982,1.0000000000000036,55,4,-7.030000000000058,-0.04047758978475835,0.5,-0.009925304180393418,4.5,-0.007654999123473449,-1.3100000000000023,-0.0328225906612849,10555
22,-3.0,1.600000000000004,43,3,-6.97999999999999,-0.04073628580067423,0.0,-0.01363729725712474,1.3333333333333333,-0.04541877459246779,-8.080000000000013,0.00468248879179356,10556
22,-1.9999999999999991,1.3000000000000043,43,3,-7.100000000000023,-0.04075644889299901,0.3333333333333333,-0.013521041672754919,3.0,-0.04541877459246779,-8.080000000000013,0.004662325699468783,10557
10,1.600000000000004,1.400000000000004,55,1,-7.150000000000006,-0.04079420322930338,0.0,-0.04079420322930338,33.0,-0.007654999123473449,-1.3100000000000023,-0.033139204105829934,10558
10,1.600000000000004,1.5000000000000036,55,1,-7.150000000000006,-0.04079420322930338,0.0,-0.04079420322930338,33.0,-0.007654999123473449,-1.3100000000000023,-0.033139204105829934,10559
10,1.600000000000004,1.600000000000004,55,1,-7.150000000000006,-0.04079420322930338,0.0,-0.04079420322930338,33.0,-0.007654999123473449,-1.3100000000000023,-0.033139204105829934,10560
10,1.600000000000004,1.7000000000000046,55,1,-7.150000000000006,-0.04079420322930338,0.0,-0.04079420322930338,33.0,-0.007654999123473449,-1.3100000000000023,-0.033139204105829934,10561
10,1.7000000000000046,1.400000000000004,55,1,-7.150000000000006,-0.04079420322930338,0.0,-0.04079420322930338,33.0,-0.007654999123473449,-1.3100000000000023,-0.033139204105829934,10562
10,1.7000000000000046,1.5000000000000036,55,1,-7.150000000000006,-0.04079420322930338,0.0,-0.04079420322930338,33.0,-0.007654999123473449,-1.3100000000000023,-0.033139204105829934,10563
10,1.7000000000000046,1.600000000000004,55,1,-7.150000000000006,-0.04079420322930338,0.0,-0.04079420322930338,33.0,-0.007654999123473449,-1.3100000000000023,-0.033139204105829934,10564
10,1.7000000000000046,1.7000000000000046,55,1,-7.150000000000006,-0.04079420322930338,0.0,-0.04079420322930338,33.0,-0.007654999123473449,-1.3100000000000023,-0.033139204105829934,10565
10,1.8000000000000043,1.400000000000004,55,1,-7.150000000000006,-0.04079420322930338,0.0,-0.04079420322930338,33.0,-0.007654999123473449,-1.3100000000000023,-0.033139204105829934,10566
10,1.8000000000000043,1.5000000000000036,55,1,-7.150000000000006,-0.04079420322930338,0.0,-0.04079420322930338,33.0,-0.007654999123473449,-1.3100000000000023,-0.033139204105829934,10567
10,1.8000000000000043,1.600000000000004,55,1,-7.150000000000006,-0.04079420322930338,0.0,-0.04079420322930338,33.0,-0.007654999123473449,-1.3100000000000023,-0.033139204105829934,10568
10,1.8000000000000043,1.7000000000000046,55,1,-7.150000000000006,-0.04079420322930338,0.0,-0.04079420322930338,33.0,-0.007654999123473449,-1.3100000000000023,-0.033139204105829934,10569
10,1.900000000000004,1.400000000000004,55,1,-7.150000000000006,-0.04079420322930338,0.0,-0.04079420322930338,33.0,-0.007654999123473449,-1.3100000000000023,-0.033139204105829934,10570
10,1.900000000000004,1.5000000000000036,55,1,-7.150000000000006,-0.04079420322930338,0.0,-0.04079420322930338,33.0,-0.007654999123473449,-1.3100000000000023,-0.033139204105829934,10571
10,1.900000000000004,1.600000000000004,55,1,-7.150000000000006,-0.04079420322930338,0.0,-0.04079420322930338,33.0,-0.007654999123473449,-1.3100000000000023,-0.033139204105829934,10572
10,1.900000000000004,1.7000000000000046,55,1,-7.150000000000006,-0.04079420322930338,0.0,-0.04079420322930338,33.0,-0.007654999123473449,-1.3100000000000023,-0.033139204105829934,10573
10,2.0000000000000044,1.400000000000004,55,1,-7.150000000000006,-0.04079420322930338,0.0,-0.04079420322930338,33.0,-0.007654999123473449,-1.3100000000000023,-0.033139204105829934,10574
10,2.0000000000000044,1.5000000000000036,55,1,-7.150000000000006,-0.04079420322930338,0.0,-0.04079420322930338,33.0,-0.007654999123473449,-1.3100000000000023,-0.033139204105829934,10575
10,2.0000000000000044,1.600000000000004,55,1,-7.150000000000006,-0.04079420322930338,0.0,-0.04079420322930338,33.0,-0.007654999123473449,-1.3100000000000023,-0.033139204105829934,10576
10,2.0000000000000044,1.7000000000000046,55,1,-7.150000000000006,-0.04079420322930338,0.0,-0.04079420322930338,33.0,-0.007654999123473449,-1.3100000000000023,-0.033139204105829934,10577
22,-1.9999999999999991,1.0000000000000036,43,4,-7.110000000000014,-0.04081402999337147,0.25,-0.010155788157741624,3.0,-0.04541877459246779,-8.080000000000013,0.004604744599096322,10578
22,-1.9999999999999991,1.1000000000000032,43,4,-7.110000000000014,-0.04081402999337147,0.25,-0.010155788157741624,3.0,-0.04541877459246779,-8.080000000000013,0.004604744599096322,10579
22,-1.9999999999999991,1.2000000000000037,43,4,-7.110000000000014,-0.04081402999337147,0.25,-0.010155788157741624,3.0,-0.04541877459246779,-8.080000000000013,0.004604744599096322,10580
22,0.30000000000000293,-0.9999999999999982,43,6,-7.200000000000017,-0.040823324894843194,0.5,-0.006737519787161546,7.5,-0.04541877459246779,-8.080000000000013,0.004595449697624598,10581
22,0.30000000000000293,-0.8999999999999981,43,6,-7.200000000000017,-0.040823324894843194,0.5,-0.006737519787161546,7.5,-0.04541877459246779,-8.080000000000013,0.004595449697624598,10582
10,-0.8999999999999981,1.1000000000000032,55,3,-7.080000000000041,-0.040871115800041435,0.6666666666666666,-0.013360336596647926,6.333333333333333,-0.007654999123473449,-1.3100000000000023,-0.033216116676567986,10583
10,-0.799999999999998,1.1000000000000032,55,3,-7.080000000000041,-0.040871115800041435,0.6666666666666666,-0.013360336596647926,6.333333333333333,-0.007654999123473449,-1.3100000000000023,-0.033216116676567986,10584
22,-1.2999999999999985,0.10000000000000275,43,6,-7.150000000000034,-0.040893214917163356,0.5,-0.006789914822662113,3.0,-0.04541877459246779,-8.080000000000013,0.004525559675304436,10585
10,-1.899999999999999,-1.5999999999999988,55,24,-7.230000000000018,-0.04095036547223729,0.5416666666666666,-0.0017083068798399205,1.5833333333333333,-0.007654999123473449,-1.3100000000000023,-0.033295366348763844,10586
10,-1.799999999999999,-1.5999999999999988,55,24,-7.230000000000018,-0.04095036547223729,0.5416666666666666,-0.0017083068798399205,1.5833333333333333,-0.007654999123473449,-1.3100000000000023,-0.033295366348763844,10587
5,-0.1999999999999975,-1.799999999999999,60,18,-7.260000000000019,-0.04101164424907122,0.5555555555555556,-0.0021864693646052777,3.2777777777777777,-0.0014112666117841455,-0.2400000000000091,-0.039600377637287076,10588
5,-0.09999999999999742,-1.799999999999999,60,18,-7.260000000000019,-0.04101164424907122,0.5555555555555556,-0.0021864693646052777,3.2777777777777777,-0.0014112666117841455,-0.2400000000000091,-0.039600377637287076,10589
10,-0.2999999999999976,0.6000000000000032,55,3,-7.120000000000033,-0.04108465024791541,0.6666666666666666,-0.013453607124416012,9.333333333333334,-0.007654999123473449,-1.3100000000000023,-0.03342965112444196,10590
10,-0.2999999999999976,0.7000000000000033,55,3,-7.120000000000033,-0.04108465024791541,0.6666666666666666,-0.013453607124416012,9.333333333333334,-0.007654999123473449,-1.3100000000000023,-0.03342965112444196,10591
10,-0.2999999999999976,0.8000000000000034,55,3,-7.120000000000033,-0.04108465024791541,0.6666666666666666,-0.013453607124416012,9.333333333333334,-0.007654999123473449,-1.3100000000000023,-0.03342965112444196,10592
10,-0.2999999999999976,0.9000000000000035,55,3,-7.120000000000033,-0.04108465024791541,0.6666666666666666,-0.013453607124416012,9.333333333333334,-0.007654999123473449,-1.3100000000000023,-0.03342965112444196,10593
10,-0.1999999999999975,0.6000000000000032,55,3,-7.120000000000033,-0.04108465024791541,0.6666666666666666,-0.013453607124416012,9.333333333333334,-0.007654999123473449,-1.3100000000000023,-0.03342965112444196,10594
10,-0.1999999999999975,0.7000000000000033,55,3,-7.120000000000033,-0.04108465024791541,0.6666666666666666,-0.013453607124416012,9.333333333333334,-0.007654999123473449,-1.3100000000000023,-0.03342965112444196,10595
10,-0.1999999999999975,0.8000000000000034,55,3,-7.120000000000033,-0.04108465024791541,0.6666666666666666,-0.013453607124416012,9.333333333333334,-0.007654999123473449,-1.3100000000000023,-0.03342965112444196,10596
10,-0.1999999999999975,0.9000000000000035,55,3,-7.120000000000033,-0.04108465024791541,0.6666666666666666,-0.013453607124416012,9.333333333333334,-0.007654999123473449,-1.3100000000000023,-0.03342965112444196,10597
10,-0.4999999999999978,-0.2999999999999976,55,6,-7.1200000000000045,-0.04120015611646377,0.5,-0.0067674269022974425,5.166666666666667,-0.007654999123473449,-1.3100000000000023,-0.03354515699299032,10598
10,-0.2999999999999976,-0.2999999999999976,55,5,-7.1299999999999955,-0.041257710582150775,0.6,-0.008108512526587352,6.8,-0.007654999123473449,-1.3100000000000023,-0.033602711458677326,10599
10,-0.1999999999999975,-0.2999999999999976,55,5,-7.1299999999999955,-0.041257710582150775,0.6,-0.008108512526587352,6.8,-0.007654999123473449,-1.3100000000000023,-0.033602711458677326,10600
22,-0.799999999999998,0.10000000000000275,43,3,-7.250000000000028,-0.04128576812058671,0.6666666666666666,-0.013651701189650941,7.666666666666667,-0.04541877459246779,-8.080000000000013,0.004133006471881084,10601
22,-0.699999999999998,0.10000000000000275,43,3,-7.250000000000028,-0.04128576812058671,0.6666666666666666,-0.013651701189650941,7.666666666666667,-0.04541877459246779,-8.080000000000013,0.004133006471881084,10602
22,-1.5999999999999988,1.3000000000000043,43,2,-7.210000000000036,-0.041391136355385716,0.5,-0.02058388642495579,5.0,-0.04541877459246779,-8.080000000000013,0.004027638237082076,10603
5,1.2000000000000037,1.2000000000000037,60,2,-7.250000000000028,-0.04139613235951467,0.5,-0.02059947600270351,17.0,-0.0014112666117841455,-0.2400000000000091,-0.039984865747730525,10604
5,1.2000000000000037,1.3000000000000043,60,2,-7.250000000000028,-0.04139613235951467,0.5,-0.02059947600270351,17.0,-0.0014112666117841455,-0.2400000000000091,-0.039984865747730525,10605
5,1.3000000000000043,1.2000000000000037,60,2,-7.250000000000028,-0.04139613235951467,0.5,-0.02059947600270351,17.0,-0.0014112666117841455,-0.2400000000000091,-0.039984865747730525,10606
5,1.3000000000000043,1.3000000000000043,60,2,-7.250000000000028,-0.04139613235951467,0.5,-0.02059947600270351,17.0,-0.0014112666117841455,-0.2400000000000091,-0.039984865747730525,10607
22,-1.5999999999999988,1.0000000000000036,43,3,-7.220000000000027,-0.04144867935698493,0.3333333333333333,-0.01374260015420444,4.333333333333333,-0.04541877459246779,-8.080000000000013,0.003970095235482862,10608
22,-1.5999999999999988,1.1000000000000032,43,3,-7.220000000000027,-0.04144867935698493,0.3333333333333333,-0.01374260015420444,4.333333333333333,-0.04541877459246779,-8.080000000000013,0.003970095235482862,10609
22,-1.5999999999999988,1.2000000000000037,43,3,-7.220000000000027,-0.04144867935698493,0.3333333333333333,-0.01374260015420444,4.333333333333333,-0.04541877459246779,-8.080000000000013,0.003970095235482862,10610
10,-1.6999999999999988,0.20000000000000284,55,10,-7.2000000000000455,-0.041488816791181216,0.5,-0.004093569713768408,2.1,-0.007654999123473449,-1.3100000000000023,-0.033833817667707766,10611
10,-1.6999999999999988,0.30000000000000293,55,10,-7.2000000000000455,-0.041488816791181216,0.5,-0.004093569713768408,2.1,-0.007654999123473449,-1.3100000000000023,-0.033833817667707766,10612
10,-1.5999999999999988,0.20000000000000284,55,10,-7.2000000000000455,-0.041488816791181216,0.5,-0.004093569713768408,2.1,-0.007654999123473449,-1.3100000000000023,-0.033833817667707766,10613
10,-1.5999999999999988,0.30000000000000293,55,10,-7.2000000000000455,-0.041488816791181216,0.5,-0.004093569713768408,2.1,-0.007654999123473449,-1.3100000000000023,-0.033833817667707766,10614
10,-1.4999999999999987,0.20000000000000284,55,10,-7.2000000000000455,-0.041488816791181216,0.5,-0.004093569713768408,2.1,-0.007654999123473449,-1.3100000000000023,-0.033833817667707766,10615
10,-1.4999999999999987,0.30000000000000293,55,10,-7.2000000000000455,-0.041488816791181216,0.5,-0.004093569713768408,2.1,-0.007654999123473449,-1.3100000000000023,-0.033833817667707766,10616
10,-1.3999999999999986,0.20000000000000284,55,10,-7.2000000000000455,-0.041488816791181216,0.5,-0.004093569713768408,2.1,-0.007654999123473449,-1.3100000000000023,-0.033833817667707766,10617
10,-1.3999999999999986,0.30000000000000293,55,10,-7.2000000000000455,-0.041488816791181216,0.5,-0.004093569713768408,2.1,-0.007654999123473449,-1.3100000000000023,-0.033833817667707766,10618
5,-1.2999999999999985,-0.4999999999999978,60,13,-7.1299999999999955,-0.0415292894705227,0.5384615384615384,-0.003099529394507203,1.9230769230769231,-0.0014112666117841455,-0.2400000000000091,-0.040118022858738556,10619
5,-1.2999999999999985,-0.5999999999999979,60,14,-7.139999999999986,-0.041586824179120296,0.5,-0.0028824221243782416,2.0,-0.0014112666117841455,-0.2400000000000091,-0.04017555756733615,10620
10,-1.0999999999999983,-0.2999999999999976,55,11,-7.360000000000014,-0.041762861188686884,0.45454545454545453,-0.0036642459100984463,2.727272727272727,-0.007654999123473449,-1.3100000000000023,-0.034107862065213435,10621
10,-0.699999999999998,1.400000000000004,55,2,-7.260000000000019,-0.041843630301611645,0.5,-0.020641094285531236,7.5,-0.007654999123473449,-1.3100000000000023,-0.034188631178138196,10622
10,-0.699999999999998,1.5000000000000036,55,2,-7.260000000000019,-0.041843630301611645,0.5,-0.020641094285531236,7.5,-0.007654999123473449,-1.3100000000000023,-0.034188631178138196,10623
10,-0.5999999999999979,1.400000000000004,55,2,-7.260000000000019,-0.041843630301611645,0.5,-0.020641094285531236,7.5,-0.007654999123473449,-1.3100000000000023,-0.034188631178138196,10624
10,-0.5999999999999979,1.5000000000000036,55,2,-7.260000000000019,-0.041843630301611645,0.5,-0.020641094285531236,7.5,-0.007654999123473449,-1.3100000000000023,-0.034188631178138196,10625
10,-0.4999999999999978,1.400000000000004,55,2,-7.260000000000019,-0.041843630301611645,0.5,-0.020641094285531236,7.5,-0.007654999123473449,-1.3100000000000023,-0.034188631178138196,10626
10,-0.4999999999999978,1.5000000000000036,55,2,-7.260000000000019,-0.041843630301611645,0.5,-0.020641094285531236,7.5,-0.007654999123473449,-1.3100000000000023,-0.034188631178138196,10627
10,-0.3999999999999977,1.400000000000004,55,2,-7.27000000000001,-0.04190114614107965,0.5,-0.020669545406505396,9.0,-0.007654999123473449,-1.3100000000000023,-0.0342461470176062,10628
10,-0.3999999999999977,1.5000000000000036,55,2,-7.27000000000001,-0.04190114614107965,0.5,-0.020669545406505396,9.0,-0.007654999123473449,-1.3100000000000023,-0.0342461470176062,10629
10,-1.6999999999999988,1.1000000000000032,55,3,-7.30000000000004,-0.04205171916932182,0.3333333333333333,-0.01386891670035817,4.666666666666667,-0.007654999123473449,-1.3100000000000023,-0.03439672004584837,10630
10,-1.5999999999999988,1.1000000000000032,55,3,-7.30000000000004,-0.04205171916932182,0.3333333333333333,-0.01386891670035817,4.666666666666667,-0.007654999123473449,-1.3100000000000023,-0.03439672004584837,10631
10,-1.4999999999999987,1.1000000000000032,55,3,-7.30000000000004,-0.04205171916932182,0.3333333333333333,-0.01386891670035817,4.666666666666667,-0.007654999123473449,-1.3100000000000023,-0.03439672004584837,10632
10,-1.3999999999999986,1.1000000000000032,55,3,-7.30000000000004,-0.04205171916932182,0.3333333333333333,-0.01386891670035817,4.666666666666667,-0.007654999123473449,-1.3100000000000023,-0.03439672004584837,10633
22,-1.2999999999999985,0.20000000000000284,43,4,-7.340000000000032,-0.04206419635616632,0.5,-0.010453704130333474,3.75,-0.04541877459246779,-8.080000000000013,0.0033545782363014753,10634
22,-1.2999999999999985,0.30000000000000293,43,4,-7.340000000000032,-0.04206419635616632,0.5,-0.010453704130333474,3.75,-0.04541877459246779,-8.080000000000013,0.0033545782363014753,10635
22,-1.2999999999999985,0.400000000000003,43,4,-7.340000000000032,-0.04206419635616632,0.5,-0.010453704130333474,3.75,-0.04541877459246779,-8.080000000000013,0.0033545782363014753,10636
22,-1.2999999999999985,0.9000000000000035,43,3,-7.320000000000022,-0.042078311331172014,0.3333333333333333,-0.014001949630894295,4.333333333333333,-0.04541877459246779,-8.080000000000013,0.0033404632612957785,10637
10,-1.0999999999999983,1.2000000000000037,55,3,-7.320000000000022,-0.042207017126566604,0.6666666666666666,-0.013850594640649638,4.333333333333333,-0.007654999123473449,-1.3100000000000023,-0.034552018003093155,10638
10,-1.0999999999999983,1.3000000000000043,55,3,-7.320000000000022,-0.042207017126566604,0.6666666666666666,-0.013850594640649638,4.333333333333333,-0.007654999123473449,-1.3100000000000023,-0.034552018003093155,10639
22,-1.899999999999999,1.400000000000004,43,2,-7.360000000000014,-0.042284796061574204,0.5,-0.021067127942575148,4.5,-0.04541877459246779,-8.080000000000013,0.0031339785308935886,10640
22,-1.899999999999999,1.5000000000000036,43,2,-7.360000000000014,-0.042284796061574204,0.5,-0.021067127942575148,4.5,-0.04541877459246779,-8.080000000000013,0.0031339785308935886,10641
22,-1.799999999999999,1.400000000000004,43,2,-7.360000000000014,-0.042284796061574204,0.5,-0.021067127942575148,4.5,-0.04541877459246779,-8.080000000000013,0.0031339785308935886,10642
22,-1.799999999999999,1.5000000000000036,43,2,-7.360000000000014,-0.042284796061574204,0.5,-0.021067127942575148,4.5,-0.04541877459246779,-8.080000000000013,0.0031339785308935886,10643
22,-1.6999999999999988,1.400000000000004,43,2,-7.360000000000014,-0.042284796061574204,0.5,-0.021067127942575148,4.5,-0.04541877459246779,-8.080000000000013,0.0031339785308935886,10644
22,-1.6999999999999988,1.5000000000000036,43,2,-7.360000000000014,-0.042284796061574204,0.5,-0.021067127942575148,4.5,-0.04541877459246779,-8.080000000000013,0.0031339785308935886,10645
10,-0.4999999999999978,-0.699999999999998,55,7,-7.3300000000000125,-0.04232863026741973,0.42857142857142855,-0.0059672908524031855,4.428571428571429,-0.007654999123473449,-1.3100000000000023,-0.03467363114394628,10646
10,-0.4999999999999978,-0.5999999999999979,55,7,-7.3300000000000125,-0.04232863026741973,0.42857142857142855,-0.0059672908524031855,4.428571428571429,-0.007654999123473449,-1.3100000000000023,-0.03467363114394628,10647
10,-0.4999999999999978,-0.4999999999999978,55,7,-7.3300000000000125,-0.04232863026741973,0.42857142857142855,-0.0059672908524031855,4.428571428571429,-0.007654999123473449,-1.3100000000000023,-0.03467363114394628,10648
10,-0.4999999999999978,-0.3999999999999977,55,7,-7.3300000000000125,-0.04232863026741973,0.42857142857142855,-0.0059672908524031855,4.428571428571429,-0.007654999123473449,-1.3100000000000023,-0.03467363114394628,10649
10,-0.4999999999999978,-0.1999999999999975,55,5,-7.320000000000022,-0.04233074964736827,0.4,-0.008357025853384404,5.6,-0.007654999123473449,-1.3100000000000023,-0.03467575052389482,10650
10,-0.4999999999999978,-0.09999999999999742,55,5,-7.320000000000022,-0.04233074964736827,0.4,-0.008357025853384404,5.6,-0.007654999123473449,-1.3100000000000023,-0.03467575052389482,10651
10,-0.4999999999999978,2.6645352591003757e-15,55,5,-7.320000000000022,-0.04233074964736827,0.4,-0.008357025853384404,5.6,-0.007654999123473449,-1.3100000000000023,-0.03467575052389482,10652
10,-0.4999999999999978,0.10000000000000275,55,5,-7.320000000000022,-0.04233074964736827,0.4,-0.008357025853384404,5.6,-0.007654999123473449,-1.3100000000000023,-0.03467575052389482,10653
10,-0.2999999999999976,-0.1999999999999975,55,4,-7.3300000000000125,-0.042388236246224675,0.5,-0.01043078262151853,7.75,-0.007654999123473449,-1.3100000000000023,-0.034733237122751226,10654
10,-0.2999999999999976,-0.09999999999999742,55,4,-7.3300000000000125,-0.042388236246224675,0.5,-0.01043078262151853,7.75,-0.007654999123473449,-1.3100000000000023,-0.034733237122751226,10655
10,-0.2999999999999976,2.6645352591003757e-15,55,4,-7.3300000000000125,-0.042388236246224675,0.5,-0.01043078262151853,7.75,-0.007654999123473449,-1.3100000000000023,-0.034733237122751226,10656
10,-0.2999999999999976,0.10000000000000275,55,4,-7.3300000000000125,-0.042388236246224675,0.5,-0.01043078262151853,7.75,-0.007654999123473449,-1.3100000000000023,-0.034733237122751226,10657
10,-0.1999999999999975,-0.1999999999999975,55,4,-7.3300000000000125,-0.042388236246224675,0.5,-0.01043078262151853,7.75,-0.007654999123473449,-1.3100000000000023,-0.034733237122751226,10658
10,-0.1999999999999975,-0.09999999999999742,55,4,-7.3300000000000125,-0.042388236246224675,0.5,-0.01043078262151853,7.75,-0.007654999123473449,-1.3100000000000023,-0.034733237122751226,10659
10,-0.1999999999999975,2.6645352591003757e-15,55,4,-7.3300000000000125,-0.042388236246224675,0.5,-0.01043078262151853,7.75,-0.007654999123473449,-1.3100000000000023,-0.034733237122751226,10660
10,-0.1999999999999975,0.10000000000000275,55,4,-7.3300000000000125,-0.042388236246224675,0.5,-0.01043078262151853,7.75,-0.007654999123473449,-1.3100000000000023,-0.034733237122751226,10661
22,-0.5999999999999979,2.6645352591003757e-15,43,3,-7.449999999999989,-0.042391213764998326,0.3333333333333333,-0.01411541357171849,9.0,-0.04541877459246779,-8.080000000000013,0.0030275608274694665,10662
22,-0.4999999999999978,2.6645352591003757e-15,43,3,-7.449999999999989,-0.042391213764998326,0.3333333333333333,-0.01411541357171849,9.0,-0.04541877459246779,-8.080000000000013,0.0030275608274694665,10663
22,-0.8999999999999981,0.5000000000000031,43,1,-7.420000000000016,-0.042470379486005516,0.0,-0.042470379486005516,18.0,-0.04541877459246779,-8.080000000000013,0.002948395106462276,10664
22,-0.8999999999999981,0.6000000000000032,43,1,-7.420000000000016,-0.042470379486005516,0.0,-0.042470379486005516,18.0,-0.04541877459246779,-8.080000000000013,0.002948395106462276,10665
22,-0.8999999999999981,0.7000000000000033,43,1,-7.420000000000016,-0.042470379486005516,0.0,-0.042470379486005516,18.0,-0.04541877459246779,-8.080000000000013,0.002948395106462276,10666
22,-0.8999999999999981,0.8000000000000034,43,1,-7.420000000000016,-0.042470379486005516,0.0,-0.042470379486005516,18.0,-0.04541877459246779,-8.080000000000013,0.002948395106462276,10667
22,-0.799999999999998,0.5000000000000031,43,1,-7.420000000000016,-0.042470379486005516,0.0,-0.042470379486005516,18.0,-0.04541877459246779,-8.080000000000013,0.002948395106462276,10668
22,-0.799999999999998,0.6000000000000032,43,1,-7.420000000000016,-0.042470379486005516,0.0,-0.042470379486005516,18.0,-0.04541877459246779,-8.080000000000013,0.002948395106462276,10669
22,-0.799999999999998,0.7000000000000033,43,1,-7.420000000000016,-0.042470379486005516,0.0,-0.042470379486005516,18.0,-0.04541877459246779,-8.080000000000013,0.002948395106462276,10670
22,-0.799999999999998,0.8000000000000034,43,1,-7.420000000000016,-0.042470379486005516,0.0,-0.042470379486005516,18.0,-0.04541877459246779,-8.080000000000013,0.002948395106462276,10671
22,-0.699999999999998,0.5000000000000031,43,1,-7.420000000000016,-0.042470379486005516,0.0,-0.042470379486005516,18.0,-0.04541877459246779,-8.080000000000013,0.002948395106462276,10672
22,-0.699999999999998,0.6000000000000032,43,1,-7.420000000000016,-0.042470379486005516,0.0,-0.042470379486005516,18.0,-0.04541877459246779,-8.080000000000013,0.002948395106462276,10673
22,-0.699999999999998,0.7000000000000033,43,1,-7.420000000000016,-0.042470379486005516,0.0,-0.042470379486005516,18.0,-0.04541877459246779,-8.080000000000013,0.002948395106462276,10674
22,-0.699999999999998,0.8000000000000034,43,1,-7.420000000000016,-0.042470379486005516,0.0,-0.042470379486005516,18.0,-0.04541877459246779,-8.080000000000013,0.002948395106462276,10675
10,0.30000000000000293,1.8000000000000043,55,1,-7.420000000000016,-0.042470379486005516,0.0,-0.042470379486005516,18.0,-0.007654999123473449,-1.3100000000000023,-0.03481538036253207,10676
10,0.400000000000003,1.8000000000000043,55,1,-7.420000000000016,-0.042470379486005516,0.0,-0.042470379486005516,18.0,-0.007654999123473449,-1.3100000000000023,-0.03481538036253207,10677
10,0.5000000000000031,1.8000000000000043,55,1,-7.420000000000016,-0.042470379486005516,0.0,-0.042470379486005516,18.0,-0.007654999123473449,-1.3100000000000023,-0.03481538036253207,10678
10,0.6000000000000032,1.8000000000000043,55,1,-7.420000000000016,-0.042470379486005516,0.0,-0.042470379486005516,18.0,-0.007654999123473449,-1.3100000000000023,-0.03481538036253207,10679
10,0.7000000000000033,1.8000000000000043,55,1,-7.420000000000016,-0.042470379486005516,0.0,-0.042470379486005516,18.0,-0.007654999123473449,-1.3100000000000023,-0.03481538036253207,10680
10,0.8000000000000034,1.8000000000000043,55,1,-7.420000000000016,-0.042470379486005516,0.0,-0.042470379486005516,18.0,-0.007654999123473449,-1.3100000000000023,-0.03481538036253207,10681
10,0.9000000000000035,1.8000000000000043,55,1,-7.420000000000016,-0.042470379486005516,0.0,-0.042470379486005516,18.0,-0.007654999123473449,-1.3100000000000023,-0.03481538036253207,10682
10,1.0000000000000036,1.8000000000000043,55,1,-7.420000000000016,-0.042470379486005516,0.0,-0.042470379486005516,18.0,-0.007654999123473449,-1.3100000000000023,-0.03481538036253207,10683
10,1.1000000000000032,1.8000000000000043,55,1,-7.420000000000016,-0.042470379486005516,0.0,-0.042470379486005516,18.0,-0.007654999123473449,-1.3100000000000023,-0.03481538036253207,10684
10,1.2000000000000037,1.8000000000000043,55,1,-7.420000000000016,-0.042470379486005516,0.0,-0.042470379486005516,18.0,-0.007654999123473449,-1.3100000000000023,-0.03481538036253207,10685
10,1.3000000000000043,1.8000000000000043,55,1,-7.420000000000016,-0.042470379486005516,0.0,-0.042470379486005516,18.0,-0.007654999123473449,-1.3100000000000023,-0.03481538036253207,10686
10,1.400000000000004,1.8000000000000043,55,1,-7.420000000000016,-0.042470379486005516,0.0,-0.042470379486005516,18.0,-0.007654999123473449,-1.3100000000000023,-0.03481538036253207,10687
10,1.5000000000000036,1.8000000000000043,55,1,-7.420000000000016,-0.042470379486005516,0.0,-0.042470379486005516,18.0,-0.007654999123473449,-1.3100000000000023,-0.03481538036253207,10688
5,1.2000000000000037,1.0000000000000036,60,2,-7.450000000000017,-0.04253218814007931,0.5,-0.02119459972994231,18.0,-0.0014112666117841455,-0.2400000000000091,-0.04112092152829516,10689
5,1.2000000000000037,1.1000000000000032,60,2,-7.450000000000017,-0.04253218814007931,0.5,-0.02119459972994231,18.0,-0.0014112666117841455,-0.2400000000000091,-0.04112092152829516,10690
5,1.3000000000000043,1.0000000000000036,60,2,-7.450000000000017,-0.04253218814007931,0.5,-0.02119459972994231,18.0,-0.0014112666117841455,-0.2400000000000091,-0.04112092152829516,10691
5,1.3000000000000043,1.1000000000000032,60,2,-7.450000000000017,-0.04253218814007931,0.5,-0.02119459972994231,18.0,-0.0014112666117841455,-0.2400000000000091,-0.04112092152829516,10692
22,-0.5999999999999979,-0.2999999999999976,43,5,-7.490000000000009,-0.04262845429487083,0.2,-0.008515823588644954,6.6,-0.04541877459246779,-8.080000000000013,0.00279032029759696,10693
22,-0.4999999999999978,-0.2999999999999976,43,5,-7.490000000000009,-0.04262845429487083,0.2,-0.008515823588644954,6.6,-0.04541877459246779,-8.080000000000013,0.00279032029759696,10694
10,-1.6999999999999988,-1.5999999999999988,55,22,-7.470000000000027,-0.042641209711201666,0.5909090909090909,-0.0019086536706276116,1.8181818181818181,-0.007654999123473449,-1.3100000000000023,-0.03498621058772822,10695
10,-1.5999999999999988,-1.5999999999999988,55,22,-7.470000000000027,-0.042641209711201666,0.5909090909090909,-0.0019086536706276116,1.8181818181818181,-0.007654999123473449,-1.3100000000000023,-0.03498621058772822,10696
10,-1.4999999999999987,-1.5999999999999988,55,22,-7.470000000000027,-0.042641209711201666,0.5909090909090909,-0.0019086536706276116,1.8181818181818181,-0.007654999123473449,-1.3100000000000023,-0.03498621058772822,10697
10,-1.3999999999999986,-1.5999999999999988,55,22,-7.470000000000027,-0.042641209711201666,0.5909090909090909,-0.0019086536706276116,1.8181818181818181,-0.007654999123473449,-1.3100000000000023,-0.03498621058772822,10698
10,-0.09999999999999742,-1.5999999999999988,55,14,-7.439999999999998,-0.04268576577957994,0.6428571428571429,-0.002994644767891202,3.7142857142857144,-0.007654999123473449,-1.3100000000000023,-0.03503076665610649,10699
10,2.6645352591003757e-15,-1.5999999999999988,55,14,-7.439999999999998,-0.04268576577957994,0.6428571428571429,-0.002994644767891202,3.7142857142857144,-0.007654999123473449,-1.3100000000000023,-0.03503076665610649,10700
10,0.10000000000000275,-1.5999999999999988,55,14,-7.439999999999998,-0.04268576577957994,0.6428571428571429,-0.002994644767891202,3.7142857142857144,-0.007654999123473449,-1.3100000000000023,-0.03503076665610649,10701
10,-0.699999999999998,-1.5999999999999988,55,18,-7.500000000000028,-0.042781023689024256,0.6111111111111112,-0.002337450785876549,2.2222222222222223,-0.007654999123473449,-1.3100000000000023,-0.035126024565550806,10702
10,-0.9999999999999982,1.2000000000000037,55,3,-7.430000000000035,-0.04284074481448297,0.6666666666666666,-0.01405923619446022,4.666666666666667,-0.007654999123473449,-1.3100000000000023,-0.03518574569100952,10703
10,-0.9999999999999982,1.3000000000000043,55,3,-7.430000000000035,-0.04284074481448297,0.6666666666666666,-0.01405923619446022,4.666666666666667,-0.007654999123473449,-1.3100000000000023,-0.03518574569100952,10704
22,-1.4999999999999987,1.400000000000004,43,1,-7.460000000000008,-0.04286124676817016,0.0,-0.04286124676817016,10.0,-0.04541877459246779,-8.080000000000013,0.002557527824297634,10705
22,-1.4999999999999987,1.5000000000000036,43,1,-7.460000000000008,-0.04286124676817016,0.0,-0.04286124676817016,10.0,-0.04541877459246779,-8.080000000000013,0.002557527824297634,10706
22,-1.3999999999999986,1.400000000000004,43,1,-7.460000000000008,-0.04286124676817016,0.0,-0.04286124676817016,10.0,-0.04541877459246779,-8.080000000000013,0.002557527824297634,10707
22,-1.3999999999999986,1.5000000000000036,43,1,-7.460000000000008,-0.04286124676817016,0.0,-0.04286124676817016,10.0,-0.04541877459246779,-8.080000000000013,0.002557527824297634,10708
22,-1.2999999999999985,1.400000000000004,43,1,-7.460000000000008,-0.04286124676817016,0.0,-0.04286124676817016,10.0,-0.04541877459246779,-8.080000000000013,0.002557527824297634,10709
22,-1.2999999999999985,1.5000000000000036,43,1,-7.460000000000008,-0.04286124676817016,0.0,-0.04286124676817016,10.0,-0.04541877459246779,-8.080000000000013,0.002557527824297634,10710
22,-1.1999999999999984,1.400000000000004,43,1,-7.469999999999999,-0.04291870152255095,0.0,-0.04291870152255095,13.0,-0.04541877459246779,-8.080000000000013,0.0025000730699168416,10711
22,-1.1999999999999984,1.5000000000000036,43,1,-7.469999999999999,-0.04291870152255095,0.0,-0.04291870152255095,13.0,-0.04541877459246779,-8.080000000000013,0.0025000730699168416,10712
10,-0.699999999999998,0.20000000000000284,55,6,-7.4900000000000375,-0.04314926866343094,0.5,-0.007102724958087799,4.0,-0.007654999123473449,-1.3100000000000023,-0.03549426953995749,10713
10,-0.699999999999998,0.30000000000000293,55,6,-7.4900000000000375,-0.04314926866343094,0.5,-0.007102724958087799,4.0,-0.007654999123473449,-1.3100000000000023,-0.03549426953995749,10714
10,0.400000000000003,-1.5999999999999988,55,10,-7.650000000000006,-0.04326139326269096,0.8,-0.004197765334616421,5.5,-0.007654999123473449,-1.3100000000000023,-0.03560639413921751,10715
10,0.5000000000000031,-1.5999999999999988,55,10,-7.650000000000006,-0.04326139326269096,0.8,-0.004197765334616421,5.5,-0.007654999123473449,-1.3100000000000023,-0.03560639413921751,10716
10,0.6000000000000032,-1.5999999999999988,55,10,-7.650000000000006,-0.04326139326269096,0.8,-0.004197765334616421,5.5,-0.007654999123473449,-1.3100000000000023,-0.03560639413921751,10717
10,0.7000000000000033,-1.5999999999999988,55,10,-7.650000000000006,-0.04326139326269096,0.8,-0.004197765334616421,5.5,-0.007654999123473449,-1.3100000000000023,-0.03560639413921751,10718
10,0.8000000000000034,-1.5999999999999988,55,10,-7.650000000000006,-0.04326139326269096,0.8,-0.004197765334616421,5.5,-0.007654999123473449,-1.3100000000000023,-0.03560639413921751,10719
10,0.9000000000000035,-1.5999999999999988,55,10,-7.650000000000006,-0.04326139326269096,0.8,-0.004197765334616421,5.5,-0.007654999123473449,-1.3100000000000023,-0.03560639413921751,10720
10,-0.8999999999999981,-0.2999999999999976,55,9,-7.640000000000015,-0.04327507910497863,0.5555555555555556,-0.004652048047593412,3.4444444444444446,-0.007654999123473449,-1.3100000000000023,-0.03562007998150518,10721
10,-0.799999999999998,-0.2999999999999976,55,9,-7.640000000000015,-0.04327507910497863,0.5555555555555556,-0.004652048047593412,3.4444444444444446,-0.007654999123473449,-1.3100000000000023,-0.03562007998150518,10722
10,-2.2999999999999994,0.6000000000000032,55,9,-7.480000000000018,-0.04335676189815174,0.4444444444444444,-0.0047543208994485185,1.6666666666666667,-0.007654999123473449,-1.3100000000000023,-0.03570176277467829,10723
10,-2.2999999999999994,0.7000000000000033,55,9,-7.480000000000018,-0.04335676189815174,0.4444444444444444,-0.0047543208994485185,1.6666666666666667,-0.007654999123473449,-1.3100000000000023,-0.03570176277467829,10724
10,-2.2999999999999994,0.8000000000000034,55,9,-7.480000000000018,-0.04335676189815174,0.4444444444444444,-0.0047543208994485185,1.6666666666666667,-0.007654999123473449,-1.3100000000000023,-0.03570176277467829,10725
10,-2.2999999999999994,0.9000000000000035,55,9,-7.480000000000018,-0.04335676189815174,0.4444444444444444,-0.0047543208994485185,1.6666666666666667,-0.007654999123473449,-1.3100000000000023,-0.03570176277467829,10726
10,-2.1999999999999993,0.6000000000000032,55,9,-7.480000000000018,-0.04335676189815174,0.4444444444444444,-0.0047543208994485185,1.6666666666666667,-0.007654999123473449,-1.3100000000000023,-0.03570176277467829,10727
10,-2.1999999999999993,0.7000000000000033,55,9,-7.480000000000018,-0.04335676189815174,0.4444444444444444,-0.0047543208994485185,1.6666666666666667,-0.007654999123473449,-1.3100000000000023,-0.03570176277467829,10728
10,-2.1999999999999993,0.8000000000000034,55,9,-7.480000000000018,-0.04335676189815174,0.4444444444444444,-0.0047543208994485185,1.6666666666666667,-0.007654999123473449,-1.3100000000000023,-0.03570176277467829,10729
10,-2.1999999999999993,0.9000000000000035,55,9,-7.480000000000018,-0.04335676189815174,0.4444444444444444,-0.0047543208994485185,1.6666666666666667,-0.007654999123473449,-1.3100000000000023,-0.03570176277467829,10730
10,-2.099999999999999,0.6000000000000032,55,9,-7.480000000000018,-0.04335676189815174,0.4444444444444444,-0.0047543208994485185,1.6666666666666667,-0.007654999123473449,-1.3100000000000023,-0.03570176277467829,10731
10,-2.099999999999999,0.7000000000000033,55,9,-7.480000000000018,-0.04335676189815174,0.4444444444444444,-0.0047543208994485185,1.6666666666666667,-0.007654999123473449,-1.3100000000000023,-0.03570176277467829,10732
10,-2.099999999999999,0.8000000000000034,55,9,-7.480000000000018,-0.04335676189815174,0.4444444444444444,-0.0047543208994485185,1.6666666666666667,-0.007654999123473449,-1.3100000000000023,-0.03570176277467829,10733
10,-2.099999999999999,0.9000000000000035,55,9,-7.480000000000018,-0.04335676189815174,0.4444444444444444,-0.0047543208994485185,1.6666666666666667,-0.007654999123473449,-1.3100000000000023,-0.03570176277467829,10734
10,-1.9999999999999991,0.6000000000000032,55,9,-7.480000000000018,-0.04335676189815174,0.4444444444444444,-0.0047543208994485185,1.6666666666666667,-0.007654999123473449,-1.3100000000000023,-0.03570176277467829,10735
10,-1.9999999999999991,0.7000000000000033,55,9,-7.480000000000018,-0.04335676189815174,0.4444444444444444,-0.0047543208994485185,1.6666666666666667,-0.007654999123473449,-1.3100000000000023,-0.03570176277467829,10736
10,-1.9999999999999991,0.8000000000000034,55,9,-7.480000000000018,-0.04335676189815174,0.4444444444444444,-0.0047543208994485185,1.6666666666666667,-0.007654999123473449,-1.3100000000000023,-0.03570176277467829,10737
10,-1.9999999999999991,0.9000000000000035,55,9,-7.480000000000018,-0.04335676189815174,0.4444444444444444,-0.0047543208994485185,1.6666666666666667,-0.007654999123473449,-1.3100000000000023,-0.03570176277467829,10738
22,-0.5999999999999979,-0.1999999999999975,43,4,-7.659999999999997,-0.04357966506875899,0.25,-0.010896825529536469,7.5,-0.04541877459246779,-8.080000000000013,0.001839109523708804,10739
22,-0.5999999999999979,-0.09999999999999742,43,4,-7.659999999999997,-0.04357966506875899,0.25,-0.010896825529536469,7.5,-0.04541877459246779,-8.080000000000013,0.001839109523708804,10740
22,-0.4999999999999978,-0.1999999999999975,43,4,-7.659999999999997,-0.04357966506875899,0.25,-0.010896825529536469,7.5,-0.04541877459246779,-8.080000000000013,0.001839109523708804,10741
22,-0.4999999999999978,-0.09999999999999742,43,4,-7.659999999999997,-0.04357966506875899,0.25,-0.010896825529536469,7.5,-0.04541877459246779,-8.080000000000013,0.001839109523708804,10742
10,-1.0999999999999983,1.400000000000004,55,2,-7.600000000000023,-0.04379916884352564,0.5,-0.0216084323986529,6.0,-0.007654999123473449,-1.3100000000000023,-0.03614416972005219,10743
10,-1.0999999999999983,1.5000000000000036,55,2,-7.600000000000023,-0.04379916884352564,0.5,-0.0216084323986529,6.0,-0.007654999123473449,-1.3100000000000023,-0.03614416972005219,10744
22,-0.5999999999999979,0.10000000000000275,43,2,-7.72999999999999,-0.04398305928949253,0.0,-0.022005660795256177,13.0,-0.04541877459246779,-8.080000000000013,0.00143571530297526,10745
22,-0.4999999999999978,0.10000000000000275,43,2,-7.72999999999999,-0.04398305928949253,0.0,-0.022005660795256177,13.0,-0.04541877459246779,-8.080000000000013,0.00143571530297526,10746
22,-1.0999999999999983,0.30000000000000293,43,2,-7.680000000000007,-0.04398951390405004,0.5,-0.02187392274067218,10.5,-0.04541877459246779,-8.080000000000013,0.001429260688417755,10747
22,-1.0999999999999983,0.400000000000003,43,2,-7.680000000000007,-0.04398951390405004,0.5,-0.02187392274067218,10.5,-0.04541877459246779,-8.080000000000013,0.001429260688417755,10748
22,-1.0999999999999983,0.5000000000000031,43,2,-7.680000000000007,-0.04398951390405004,0.5,-0.02187392274067218,10.5,-0.04541877459246779,-8.080000000000013,0.001429260688417755,10749
22,-1.0999999999999983,0.6000000000000032,43,2,-7.680000000000007,-0.04398951390405004,0.5,-0.02187392274067218,10.5,-0.04541877459246779,-8.080000000000013,0.001429260688417755,10750
22,-0.9999999999999982,0.30000000000000293,43,2,-7.680000000000007,-0.04398951390405004,0.5,-0.02187392274067218,10.5,-0.04541877459246779,-8.080000000000013,0.001429260688417755,10751
22,-0.9999999999999982,0.400000000000003,43,2,-7.680000000000007,-0.04398951390405004,0.5,-0.02187392274067218,10.5,-0.04541877459246779,-8.080000000000013,0.001429260688417755,10752
22,-0.9999999999999982,0.5000000000000031,43,2,-7.680000000000007,-0.04398951390405004,0.5,-0.02187392274067218,10.5,-0.04541877459246779,-8.080000000000013,0.001429260688417755,10753
22,-0.9999999999999982,0.6000000000000032,43,2,-7.680000000000007,-0.04398951390405004,0.5,-0.02187392274067218,10.5,-0.04541877459246779,-8.080000000000013,0.001429260688417755,10754
10,-0.4999999999999978,-1.5999999999999988,55,17,-7.720000000000027,-0.04401659326840757,0.5882352941176471,-0.0025526435983251558,2.6470588235294117,-0.007654999123473449,-1.3100000000000023,-0.03636159414493412,10755
10,-2.2999999999999994,-0.1999999999999975,55,12,-7.610000000000014,-0.044072457237888774,0.3333333333333333,-0.0036232021787766153,1.5,-0.007654999123473449,-1.3100000000000023,-0.036417458114415324,10756
10,-2.1999999999999993,-0.1999999999999975,55,12,-7.610000000000014,-0.044072457237888774,0.3333333333333333,-0.0036232021787766153,1.5,-0.007654999123473449,-1.3100000000000023,-0.036417458114415324,10757
10,-2.099999999999999,-0.1999999999999975,55,12,-7.610000000000014,-0.044072457237888774,0.3333333333333333,-0.0036232021787766153,1.5,-0.007654999123473449,-1.3100000000000023,-0.036417458114415324,10758
10,-1.9999999999999991,-0.1999999999999975,55,12,-7.610000000000014,-0.044072457237888774,0.3333333333333333,-0.0036232021787766153,1.5,-0.007654999123473449,-1.3100000000000023,-0.036417458114415324,10759
10,-0.2999999999999976,1.400000000000004,55,2,-7.650000000000034,-0.044086748040865986,0.5,-0.021750688003523755,10.5,-0.007654999123473449,-1.3100000000000023,-0.03643174891739254,10760
10,-0.2999999999999976,1.5000000000000036,55,2,-7.650000000000034,-0.044086748040865986,0.5,-0.021750688003523755,10.5,-0.007654999123473449,-1.3100000000000023,-0.03643174891739254,10761
10,-0.1999999999999975,1.400000000000004,55,2,-7.650000000000034,-0.044086748040865986,0.5,-0.021750688003523755,10.5,-0.007654999123473449,-1.3100000000000023,-0.03643174891739254,10762
10,-0.1999999999999975,1.5000000000000036,55,2,-7.650000000000034,-0.044086748040865986,0.5,-0.021750688003523755,10.5,-0.007654999123473449,-1.3100000000000023,-0.03643174891739254,10763
10,-0.2999999999999976,-0.699999999999998,55,5,-7.680000000000007,-0.04422228166878628,0.4,-0.00872840652729412,7.0,-0.007654999123473449,-1.3100000000000023,-0.03656728254531283,10764
10,-0.2999999999999976,-0.5999999999999979,55,5,-7.680000000000007,-0.04422228166878628,0.4,-0.00872840652729412,7.0,-0.007654999123473449,-1.3100000000000023,-0.03656728254531283,10765
10,-0.2999999999999976,-0.4999999999999978,55,5,-7.680000000000007,-0.04422228166878628,0.4,-0.00872840652729412,7.0,-0.007654999123473449,-1.3100000000000023,-0.03656728254531283,10766
10,-0.2999999999999976,-0.3999999999999977,55,5,-7.680000000000007,-0.04422228166878628,0.4,-0.00872840652729412,7.0,-0.007654999123473449,-1.3100000000000023,-0.03656728254531283,10767
10,-0.1999999999999975,-0.699999999999998,55,5,-7.680000000000007,-0.04422228166878628,0.4,-0.00872840652729412,7.0,-0.007654999123473449,-1.3100000000000023,-0.03656728254531283,10768
10,-0.1999999999999975,-0.5999999999999979,55,5,-7.680000000000007,-0.04422228166878628,0.4,-0.00872840652729412,7.0,-0.007654999123473449,-1.3100000000000023,-0.03656728254531283,10769
10,-0.1999999999999975,-0.4999999999999978,55,5,-7.680000000000007,-0.04422228166878628,0.4,-0.00872840652729412,7.0,-0.007654999123473449,-1.3100000000000023,-0.03656728254531283,10770
10,-0.1999999999999975,-0.3999999999999977,55,5,-7.680000000000007,-0.04422228166878628,0.4,-0.00872840652729412,7.0,-0.007654999123473449,-1.3100000000000023,-0.03656728254531283,10771
10,-1.6999999999999988,-0.2999999999999976,55,13,-7.750000000000028,-0.044386070321424165,0.46153846153846156,-0.0033937680266330483,1.6153846153846154,-0.007654999123473449,-1.3100000000000023,-0.036731071197950715,10772
10,-1.5999999999999988,-0.2999999999999976,55,13,-7.750000000000028,-0.044386070321424165,0.46153846153846156,-0.0033937680266330483,1.6153846153846154,-0.007654999123473449,-1.3100000000000023,-0.036731071197950715,10773
10,-1.6999999999999988,1.8000000000000043,55,1,-7.760000000000019,-0.044416461564879106,0.0,-0.044416461564879106,7.0,-0.007654999123473449,-1.3100000000000023,-0.03676146244140566,10774
10,-1.5999999999999988,1.8000000000000043,55,1,-7.760000000000019,-0.044416461564879106,0.0,-0.044416461564879106,7.0,-0.007654999123473449,-1.3100000000000023,-0.03676146244140566,10775
10,-1.4999999999999987,1.8000000000000043,55,1,-7.760000000000019,-0.044416461564879106,0.0,-0.044416461564879106,7.0,-0.007654999123473449,-1.3100000000000023,-0.03676146244140566,10776
10,-1.3999999999999986,1.8000000000000043,55,1,-7.760000000000019,-0.044416461564879106,0.0,-0.044416461564879106,7.0,-0.007654999123473449,-1.3100000000000023,-0.03676146244140566,10777
10,-1.2999999999999985,1.8000000000000043,55,1,-7.760000000000019,-0.044416461564879106,0.0,-0.044416461564879106,7.0,-0.007654999123473449,-1.3100000000000023,-0.03676146244140566,10778
10,-1.1999999999999984,1.8000000000000043,55,1,-7.760000000000019,-0.044416461564879106,0.0,-0.044416461564879106,7.0,-0.007654999123473449,-1.3100000000000023,-0.03676146244140566,10779
10,-0.9999999999999982,1.400000000000004,55,2,-7.710000000000036,-0.04443184307767434,0.5,-0.02192139472936877,6.5,-0.007654999123473449,-1.3100000000000023,-0.03677684395420089,10780
10,-0.9999999999999982,1.5000000000000036,55,2,-7.710000000000036,-0.04443184307767434,0.5,-0.02192139472936877,6.5,-0.007654999123473449,-1.3100000000000023,-0.03677684395420089,10781
10,-1.0999999999999983,1.1000000000000032,55,3,-7.720000000000027,-0.04447990033224647,0.3333333333333333,-0.01464292582311714,5.333333333333333,-0.007654999123473449,-1.3100000000000023,-0.03682490120877302,10782
5,-1.2999999999999985,-0.3999999999999977,60,12,-7.680000000000007,-0.044503035877768604,0.5,-0.003617787009971433,2.0,-0.0014112666117841455,-0.2400000000000091,-0.04309176926598446,10783
5,-0.4999999999999978,-1.6999999999999988,60,19,-7.859999999999985,-0.04455238518905236,0.631578947368421,-0.002320401594592423,2.6842105263157894,-0.0014112666117841455,-0.2400000000000091,-0.04314111857726821,10784
22,-1.0999999999999983,0.20000000000000284,43,3,-7.789999999999992,-0.04461265418297,0.3333333333333333,-0.01479988623574239,7.333333333333333,-0.04541877459246779,-8.080000000000013,0.0008061204094977903,10785
22,-0.9999999999999982,0.20000000000000284,43,3,-7.789999999999992,-0.04461265418297,0.3333333333333333,-0.01479988623574239,7.333333333333333,-0.04541877459246779,-8.080000000000013,0.0008061204094977903,10786
10,-1.2999999999999985,0.20000000000000284,55,9,-7.770000000000039,-0.044713487443965416,0.4444444444444444,-0.004924541651111965,2.3333333333333335,-0.007654999123473449,-1.3100000000000023,-0.03705848832049197,10787
10,-1.2999999999999985,0.30000000000000293,55,9,-7.770000000000039,-0.044713487443965416,0.4444444444444444,-0.004924541651111965,2.3333333333333335,-0.007654999123473449,-1.3100000000000023,-0.03705848832049197,10788
10,-1.1999999999999984,0.20000000000000284,55,9,-7.770000000000039,-0.044713487443965416,0.4444444444444444,-0.004924541651111965,2.3333333333333335,-0.007654999123473449,-1.3100000000000023,-0.03705848832049197,10789
10,-1.1999999999999984,0.30000000000000293,55,9,-7.770000000000039,-0.044713487443965416,0.4444444444444444,-0.004924541651111965,2.3333333333333335,-0.007654999123473449,-1.3100000000000023,-0.03705848832049197,10790
22,-2.9,2.6645352591003757e-15,43,9,-7.8700000000000045,-0.045001972485793296,0.4444444444444444,-0.005010261254038239,2.111111111111111,-0.04541877459246779,-8.080000000000013,0.00041680210667449646,10791
22,-2.8,2.6645352591003757e-15,43,9,-7.8700000000000045,-0.045001972485793296,0.4444444444444444,-0.005010261254038239,2.111111111111111,-0.04541877459246779,-8.080000000000013,0.00041680210667449646,10792
22,-2.6999999999999997,2.6645352591003757e-15,43,9,-7.8700000000000045,-0.045001972485793296,0.4444444444444444,-0.005010261254038239,2.111111111111111,-0.04541877459246779,-8.080000000000013,0.00041680210667449646,10793
22,-2.5999999999999996,2.6645352591003757e-15,43,9,-7.8700000000000045,-0.045001972485793296,0.4444444444444444,-0.005010261254038239,2.111111111111111,-0.04541877459246779,-8.080000000000013,0.00041680210667449646,10794
22,-2.4999999999999996,2.6645352591003757e-15,43,9,-7.8700000000000045,-0.045001972485793296,0.4444444444444444,-0.005010261254038239,2.111111111111111,-0.04541877459246779,-8.080000000000013,0.00041680210667449646,10795
22,-2.3999999999999995,2.6645352591003757e-15,43,9,-7.8700000000000045,-0.045001972485793296,0.4444444444444444,-0.005010261254038239,2.111111111111111,-0.04541877459246779,-8.080000000000013,0.00041680210667449646,10796
22,-2.2999999999999994,2.6645352591003757e-15,43,9,-7.8700000000000045,-0.045001972485793296,0.4444444444444444,-0.005010261254038239,2.111111111111111,-0.04541877459246779,-8.080000000000013,0.00041680210667449646,10797
22,-2.1999999999999993,2.6645352591003757e-15,43,9,-7.8700000000000045,-0.045001972485793296,0.4444444444444444,-0.005010261254038239,2.111111111111111,-0.04541877459246779,-8.080000000000013,0.00041680210667449646,10798
22,-2.099999999999999,2.6645352591003757e-15,43,9,-7.8700000000000045,-0.045001972485793296,0.4444444444444444,-0.005010261254038239,2.111111111111111,-0.04541877459246779,-8.080000000000013,0.00041680210667449646,10799
10,-0.8999999999999981,1.400000000000004,55,2,-7.810000000000031,-0.045007001472354924,0.5,-0.022205905939110426,7.0,-0.007654999123473449,-1.3100000000000023,-0.037352002348881475,10800
10,-0.8999999999999981,1.5000000000000036,55,2,-7.810000000000031,-0.045007001472354924,0.5,-0.022205905939110426,7.0,-0.007654999123473449,-1.3100000000000023,-0.037352002348881475,10801
10,-0.799999999999998,1.400000000000004,55,2,-7.810000000000031,-0.045007001472354924,0.5,-0.022205905939110426,7.0,-0.007654999123473449,-1.3100000000000023,-0.037352002348881475,10802
10,-0.799999999999998,1.5000000000000036,55,2,-7.810000000000031,-0.045007001472354924,0.5,-0.022205905939110426,7.0,-0.007654999123473449,-1.3100000000000023,-0.037352002348881475,10803
22,-1.0999999999999983,2.6645352591003757e-15,43,5,-7.8799999999999955,-0.04502303404115837,0.4,-0.008997640252306715,5.0,-0.04541877459246779,-8.080000000000013,0.0003957405513094203,10804
22,-0.9999999999999982,2.6645352591003757e-15,43,5,-7.8799999999999955,-0.04502303404115837,0.4,-0.008997640252306715,5.0,-0.04541877459246779,-8.080000000000013,0.0003957405513094203,10805
22,-2.9,0.9000000000000035,43,5,-7.840000000000032,-0.04508092237482442,0.4,-0.009041226442767369,2.0,-0.04541877459246779,-8.080000000000013,0.00033785221764337514,10806
22,-2.9,1.0000000000000036,43,5,-7.840000000000032,-0.04508092237482442,0.4,-0.009041226442767369,2.0,-0.04541877459246779,-8.080000000000013,0.00033785221764337514,10807
22,-2.9,1.1000000000000032,43,5,-7.840000000000032,-0.04508092237482442,0.4,-0.009041226442767369,2.0,-0.04541877459246779,-8.080000000000013,0.00033785221764337514,10808
22,-2.8,0.9000000000000035,43,5,-7.840000000000032,-0.04508092237482442,0.4,-0.009041226442767369,2.0,-0.04541877459246779,-8.080000000000013,0.00033785221764337514,10809
22,-2.8,1.0000000000000036,43,5,-7.840000000000032,-0.04508092237482442,0.4,-0.009041226442767369,2.0,-0.04541877459246779,-8.080000000000013,0.00033785221764337514,10810
22,-2.8,1.1000000000000032,43,5,-7.840000000000032,-0.04508092237482442,0.4,-0.009041226442767369,2.0,-0.04541877459246779,-8.080000000000013,0.00033785221764337514,10811
22,-2.6999999999999997,0.9000000000000035,43,5,-7.840000000000032,-0.04508092237482442,0.4,-0.009041226442767369,2.0,-0.04541877459246779,-8.080000000000013,0.00033785221764337514,10812
22,-2.6999999999999997,1.0000000000000036,43,5,-7.840000000000032,-0.04508092237482442,0.4,-0.009041226442767369,2.0,-0.04541877459246779,-8.080000000000013,0.00033785221764337514,10813
22,-2.6999999999999997,1.1000000000000032,43,5,-7.840000000000032,-0.04508092237482442,0.4,-0.009041226442767369,2.0,-0.04541877459246779,-8.080000000000013,0.00033785221764337514,10814
22,-2.5999999999999996,0.9000000000000035,43,5,-7.840000000000032,-0.04508092237482442,0.4,-0.009041226442767369,2.0,-0.04541877459246779,-8.080000000000013,0.00033785221764337514,10815
22,-2.5999999999999996,1.0000000000000036,43,5,-7.840000000000032,-0.04508092237482442,0.4,-0.009041226442767369,2.0,-0.04541877459246779,-8.080000000000013,0.00033785221764337514,10816
22,-2.5999999999999996,1.1000000000000032,43,5,-7.840000000000032,-0.04508092237482442,0.4,-0.009041226442767369,2.0,-0.04541877459246779,-8.080000000000013,0.00033785221764337514,10817
22,-2.4999999999999996,0.9000000000000035,43,5,-7.840000000000032,-0.04508092237482442,0.4,-0.009041226442767369,2.0,-0.04541877459246779,-8.080000000000013,0.00033785221764337514,10818
22,-2.4999999999999996,1.0000000000000036,43,5,-7.840000000000032,-0.04508092237482442,0.4,-0.009041226442767369,2.0,-0.04541877459246779,-8.080000000000013,0.00033785221764337514,10819
22,-2.4999999999999996,1.1000000000000032,43,5,-7.840000000000032,-0.04508092237482442,0.4,-0.009041226442767369,2.0,-0.04541877459246779,-8.080000000000013,0.00033785221764337514,10820
22,-2.3999999999999995,0.9000000000000035,43,5,-7.840000000000032,-0.04508092237482442,0.4,-0.009041226442767369,2.0,-0.04541877459246779,-8.080000000000013,0.00033785221764337514,10821
22,-2.3999999999999995,1.0000000000000036,43,5,-7.840000000000032,-0.04508092237482442,0.4,-0.009041226442767369,2.0,-0.04541877459246779,-8.080000000000013,0.00033785221764337514,10822
22,-2.3999999999999995,1.1000000000000032,43,5,-7.840000000000032,-0.04508092237482442,0.4,-0.009041226442767369,2.0,-0.04541877459246779,-8.080000000000013,0.00033785221764337514,10823
22,-2.2999999999999994,0.9000000000000035,43,5,-7.840000000000032,-0.04508092237482442,0.4,-0.009041226442767369,2.0,-0.04541877459246779,-8.080000000000013,0.00033785221764337514,10824
22,-2.2999999999999994,1.0000000000000036,43,5,-7.840000000000032,-0.04508092237482442,0.4,-0.009041226442767369,2.0,-0.04541877459246779,-8.080000000000013,0.00033785221764337514,10825
22,-2.2999999999999994,1.1000000000000032,43,5,-7.840000000000032,-0.04508092237482442,0.4,-0.009041226442767369,2.0,-0.04541877459246779,-8.080000000000013,0.00033785221764337514,10826
22,-2.1999999999999993,0.9000000000000035,43,5,-7.840000000000032,-0.04508092237482442,0.4,-0.009041226442767369,2.0,-0.04541877459246779,-8.080000000000013,0.00033785221764337514,10827
22,-2.1999999999999993,1.0000000000000036,43,5,-7.840000000000032,-0.04508092237482442,0.4,-0.009041226442767369,2.0,-0.04541877459246779,-8.080000000000013,0.00033785221764337514,10828
22,-2.1999999999999993,1.1000000000000032,43,5,-7.840000000000032,-0.04508092237482442,0.4,-0.009041226442767369,2.0,-0.04541877459246779,-8.080000000000013,0.00033785221764337514,10829
22,-2.099999999999999,0.9000000000000035,43,5,-7.840000000000032,-0.04508092237482442,0.4,-0.009041226442767369,2.0,-0.04541877459246779,-8.080000000000013,0.00033785221764337514,10830
22,-2.099999999999999,1.0000000000000036,43,5,-7.840000000000032,-0.04508092237482442,0.4,-0.009041226442767369,2.0,-0.04541877459246779,-8.080000000000013,0.00033785221764337514,10831
22,-2.099999999999999,1.1000000000000032,43,5,-7.840000000000032,-0.04508092237482442,0.4,-0.009041226442767369,2.0,-0.04541877459246779,-8.080000000000013,0.00033785221764337514,10832
22,-1.0999999999999983,0.9000000000000035,43,1,-7.850000000000023,-0.04510198218902628,0.0,-0.04510198218902628,16.0,-0.04541877459246779,-8.080000000000013,0.0003167924034415126,10833
22,-1.0999999999999983,1.0000000000000036,43,1,-7.850000000000023,-0.04510198218902628,0.0,-0.04510198218902628,16.0,-0.04541877459246779,-8.080000000000013,0.0003167924034415126,10834
22,-1.0999999999999983,1.1000000000000032,43,1,-7.850000000000023,-0.04510198218902628,0.0,-0.04510198218902628,16.0,-0.04541877459246779,-8.080000000000013,0.0003167924034415126,10835
22,-1.0999999999999983,1.2000000000000037,43,1,-7.850000000000023,-0.04510198218902628,0.0,-0.04510198218902628,16.0,-0.04541877459246779,-8.080000000000013,0.0003167924034415126,10836
22,-1.0999999999999983,1.3000000000000043,43,1,-7.850000000000023,-0.04510198218902628,0.0,-0.04510198218902628,16.0,-0.04541877459246779,-8.080000000000013,0.0003167924034415126,10837
22,-1.0999999999999983,1.400000000000004,43,1,-7.850000000000023,-0.04510198218902628,0.0,-0.04510198218902628,16.0,-0.04541877459246779,-8.080000000000013,0.0003167924034415126,10838
22,-1.0999999999999983,1.5000000000000036,43,1,-7.850000000000023,-0.04510198218902628,0.0,-0.04510198218902628,16.0,-0.04541877459246779,-8.080000000000013,0.0003167924034415126,10839
22,-0.9999999999999982,0.9000000000000035,43,1,-7.850000000000023,-0.04510198218902628,0.0,-0.04510198218902628,16.0,-0.04541877459246779,-8.080000000000013,0.0003167924034415126,10840
22,-0.9999999999999982,1.0000000000000036,43,1,-7.850000000000023,-0.04510198218902628,0.0,-0.04510198218902628,16.0,-0.04541877459246779,-8.080000000000013,0.0003167924034415126,10841
22,-0.9999999999999982,1.1000000000000032,43,1,-7.850000000000023,-0.04510198218902628,0.0,-0.04510198218902628,16.0,-0.04541877459246779,-8.080000000000013,0.0003167924034415126,10842
22,-0.9999999999999982,1.2000000000000037,43,1,-7.850000000000023,-0.04510198218902628,0.0,-0.04510198218902628,16.0,-0.04541877459246779,-8.080000000000013,0.0003167924034415126,10843
22,-0.9999999999999982,1.3000000000000043,43,1,-7.850000000000023,-0.04510198218902628,0.0,-0.04510198218902628,16.0,-0.04541877459246779,-8.080000000000013,0.0003167924034415126,10844
22,-0.9999999999999982,1.400000000000004,43,1,-7.850000000000023,-0.04510198218902628,0.0,-0.04510198218902628,16.0,-0.04541877459246779,-8.080000000000013,0.0003167924034415126,10845
22,-0.9999999999999982,1.5000000000000036,43,1,-7.850000000000023,-0.04510198218902628,0.0,-0.04510198218902628,16.0,-0.04541877459246779,-8.080000000000013,0.0003167924034415126,10846
10,-0.9999999999999982,1.1000000000000032,55,3,-7.830000000000041,-0.04511212415759058,0.3333333333333333,-0.014851567376927721,5.666666666666667,-0.007654999123473449,-1.3100000000000023,-0.037457125034117134,10847
5,-1.2999999999999985,2.6645352591003757e-15,60,10,-7.780000000000001,-0.04517986971726784,0.6,-0.004414001329540384,2.2,-0.0014112666117841455,-0.2400000000000091,-0.043768603105483694,10848
5,-1.2999999999999985,1.400000000000004,60,4,-7.840000000000032,-0.045200024571182884,0.75,-0.011052348612479834,2.5,-0.0014112666117841455,-0.2400000000000091,-0.04378875795939874,10849
22,-2.9,-0.2999999999999976,43,11,-7.910000000000025,-0.04523856621940503,0.36363636363636365,-0.004120475319492132,2.272727272727273,-0.04541877459246779,-8.080000000000013,0.00018020837306276238,10850
22,-2.8,-0.2999999999999976,43,11,-7.910000000000025,-0.04523856621940503,0.36363636363636365,-0.004120475319492132,2.272727272727273,-0.04541877459246779,-8.080000000000013,0.00018020837306276238,10851
22,-2.6999999999999997,-0.2999999999999976,43,11,-7.910000000000025,-0.04523856621940503,0.36363636363636365,-0.004120475319492132,2.272727272727273,-0.04541877459246779,-8.080000000000013,0.00018020837306276238,10852
22,-2.5999999999999996,-0.2999999999999976,43,11,-7.910000000000025,-0.04523856621940503,0.36363636363636365,-0.004120475319492132,2.272727272727273,-0.04541877459246779,-8.080000000000013,0.00018020837306276238,10853
22,-2.4999999999999996,-0.2999999999999976,43,11,-7.910000000000025,-0.04523856621940503,0.36363636363636365,-0.004120475319492132,2.272727272727273,-0.04541877459246779,-8.080000000000013,0.00018020837306276238,10854
22,-2.3999999999999995,-0.2999999999999976,43,11,-7.910000000000025,-0.04523856621940503,0.36363636363636365,-0.004120475319492132,2.272727272727273,-0.04541877459246779,-8.080000000000013,0.00018020837306276238,10855
22,-2.2999999999999994,-0.2999999999999976,43,11,-7.910000000000025,-0.04523856621940503,0.36363636363636365,-0.004120475319492132,2.272727272727273,-0.04541877459246779,-8.080000000000013,0.00018020837306276238,10856
22,-2.1999999999999993,-0.2999999999999976,43,11,-7.910000000000025,-0.04523856621940503,0.36363636363636365,-0.004120475319492132,2.272727272727273,-0.04541877459246779,-8.080000000000013,0.00018020837306276238,10857
22,-2.099999999999999,-0.2999999999999976,43,11,-7.910000000000025,-0.04523856621940503,0.36363636363636365,-0.004120475319492132,2.272727272727273,-0.04541877459246779,-8.080000000000013,0.00018020837306276238,10858
10,-2.2999999999999994,0.20000000000000284,55,11,-7.8300000000000125,-0.04524838032352607,0.36363636363636365,-0.0040696684644587955,1.7272727272727273,-0.007654999123473449,-1.3100000000000023,-0.03759338120005262,10859
10,-2.2999999999999994,0.30000000000000293,55,11,-7.8300000000000125,-0.04524838032352607,0.36363636363636365,-0.0040696684644587955,1.7272727272727273,-0.007654999123473449,-1.3100000000000023,-0.03759338120005262,10860
10,-2.1999999999999993,0.20000000000000284,55,11,-7.8300000000000125,-0.04524838032352607,0.36363636363636365,-0.0040696684644587955,1.7272727272727273,-0.007654999123473449,-1.3100000000000023,-0.03759338120005262,10861
10,-2.1999999999999993,0.30000000000000293,55,11,-7.8300000000000125,-0.04524838032352607,0.36363636363636365,-0.0040696684644587955,1.7272727272727273,-0.007654999123473449,-1.3100000000000023,-0.03759338120005262,10862
10,-2.099999999999999,0.20000000000000284,55,11,-7.8300000000000125,-0.04524838032352607,0.36363636363636365,-0.0040696684644587955,1.7272727272727273,-0.007654999123473449,-1.3100000000000023,-0.03759338120005262,10863
10,-2.099999999999999,0.30000000000000293,55,11,-7.8300000000000125,-0.04524838032352607,0.36363636363636365,-0.0040696684644587955,1.7272727272727273,-0.007654999123473449,-1.3100000000000023,-0.03759338120005262,10864
10,-1.9999999999999991,0.20000000000000284,55,11,-7.8300000000000125,-0.04524838032352607,0.36363636363636365,-0.0040696684644587955,1.7272727272727273,-0.007654999123473449,-1.3100000000000023,-0.03759338120005262,10865
10,-1.9999999999999991,0.30000000000000293,55,11,-7.8300000000000125,-0.04524838032352607,0.36363636363636365,-0.0040696684644587955,1.7272727272727273,-0.007654999123473449,-1.3100000000000023,-0.03759338120005262,10866
10,-0.9999999999999982,-0.1999999999999975,55,8,-7.850000000000051,-0.04525830838422862,0.375,-0.005576108498814292,3.0,-0.007654999123473449,-1.3100000000000023,-0.03760330926075517,10867
22,-1.0999999999999983,-0.2999999999999976,43,7,-7.920000000000016,-0.04525962255692484,0.2857142857142857,-0.006460154069943269,4.428571428571429,-0.04541877459246779,-8.080000000000013,0.0001591520355429532,10868
22,-0.9999999999999982,-0.2999999999999976,43,7,-7.920000000000016,-0.04525962255692484,0.2857142857142857,-0.006460154069943269,4.428571428571429,-0.04541877459246779,-8.080000000000013,0.0001591520355429532,10869
22,-1.9999999999999991,1.400000000000004,43,2,-7.900000000000006,-0.045389636364384645,0.0,-0.022708305213737123,4.0,-0.04541877459246779,-8.080000000000013,2.9138228083147588e-05,10870
22,-1.9999999999999991,1.5000000000000036,43,2,-7.900000000000006,-0.045389636364384645,0.0,-0.022708305213737123,4.0,-0.04541877459246779,-8.080000000000013,2.9138228083147588e-05,10871
10,0.400000000000003,1.400000000000004,55,1,-7.980000000000018,-0.045529754093684094,0.0,-0.045529754093684094,29.0,-0.007654999123473449,-1.3100000000000023,-0.037874754970210645,10872
10,0.400000000000003,1.5000000000000036,55,1,-7.980000000000018,-0.045529754093684094,0.0,-0.045529754093684094,29.0,-0.007654999123473449,-1.3100000000000023,-0.037874754970210645,10873
10,0.400000000000003,1.600000000000004,55,1,-7.980000000000018,-0.045529754093684094,0.0,-0.045529754093684094,29.0,-0.007654999123473449,-1.3100000000000023,-0.037874754970210645,10874
10,0.400000000000003,1.7000000000000046,55,1,-7.980000000000018,-0.045529754093684094,0.0,-0.045529754093684094,29.0,-0.007654999123473449,-1.3100000000000023,-0.037874754970210645,10875
10,0.5000000000000031,1.400000000000004,55,1,-7.980000000000018,-0.045529754093684094,0.0,-0.045529754093684094,29.0,-0.007654999123473449,-1.3100000000000023,-0.037874754970210645,10876
10,0.5000000000000031,1.5000000000000036,55,1,-7.980000000000018,-0.045529754093684094,0.0,-0.045529754093684094,29.0,-0.007654999123473449,-1.3100000000000023,-0.037874754970210645,10877
10,0.5000000000000031,1.600000000000004,55,1,-7.980000000000018,-0.045529754093684094,0.0,-0.045529754093684094,29.0,-0.007654999123473449,-1.3100000000000023,-0.037874754970210645,10878
10,0.5000000000000031,1.7000000000000046,55,1,-7.980000000000018,-0.045529754093684094,0.0,-0.045529754093684094,29.0,-0.007654999123473449,-1.3100000000000023,-0.037874754970210645,10879
10,0.6000000000000032,1.400000000000004,55,1,-7.980000000000018,-0.045529754093684094,0.0,-0.045529754093684094,29.0,-0.007654999123473449,-1.3100000000000023,-0.037874754970210645,10880
10,0.6000000000000032,1.5000000000000036,55,1,-7.980000000000018,-0.045529754093684094,0.0,-0.045529754093684094,29.0,-0.007654999123473449,-1.3100000000000023,-0.037874754970210645,10881
10,0.6000000000000032,1.600000000000004,55,1,-7.980000000000018,-0.045529754093684094,0.0,-0.045529754093684094,29.0,-0.007654999123473449,-1.3100000000000023,-0.037874754970210645,10882
10,0.6000000000000032,1.7000000000000046,55,1,-7.980000000000018,-0.045529754093684094,0.0,-0.045529754093684094,29.0,-0.007654999123473449,-1.3100000000000023,-0.037874754970210645,10883
10,0.7000000000000033,1.400000000000004,55,1,-7.980000000000018,-0.045529754093684094,0.0,-0.045529754093684094,29.0,-0.007654999123473449,-1.3100000000000023,-0.037874754970210645,10884
10,0.7000000000000033,1.5000000000000036,55,1,-7.980000000000018,-0.045529754093684094,0.0,-0.045529754093684094,29.0,-0.007654999123473449,-1.3100000000000023,-0.037874754970210645,10885
10,0.7000000000000033,1.600000000000004,55,1,-7.980000000000018,-0.045529754093684094,0.0,-0.045529754093684094,29.0,-0.007654999123473449,-1.3100000000000023,-0.037874754970210645,10886
10,0.7000000000000033,1.7000000000000046,55,1,-7.980000000000018,-0.045529754093684094,0.0,-0.045529754093684094,29.0,-0.007654999123473449,-1.3100000000000023,-0.037874754970210645,10887
10,0.8000000000000034,1.400000000000004,55,1,-7.980000000000018,-0.045529754093684094,0.0,-0.045529754093684094,29.0,-0.007654999123473449,-1.3100000000000023,-0.037874754970210645,10888
10,0.8000000000000034,1.5000000000000036,55,1,-7.980000000000018,-0.045529754093684094,0.0,-0.045529754093684094,29.0,-0.007654999123473449,-1.3100000000000023,-0.037874754970210645,10889
10,0.8000000000000034,1.600000000000004,55,1,-7.980000000000018,-0.045529754093684094,0.0,-0.045529754093684094,29.0,-0.007654999123473449,-1.3100000000000023,-0.037874754970210645,10890
10,0.8000000000000034,1.7000000000000046,55,1,-7.980000000000018,-0.045529754093684094,0.0,-0.045529754093684094,29.0,-0.007654999123473449,-1.3100000000000023,-0.037874754970210645,10891
10,0.9000000000000035,1.400000000000004,55,1,-7.980000000000018,-0.045529754093684094,0.0,-0.045529754093684094,29.0,-0.007654999123473449,-1.3100000000000023,-0.037874754970210645,10892
10,0.9000000000000035,1.5000000000000036,55,1,-7.980000000000018,-0.045529754093684094,0.0,-0.045529754093684094,29.0,-0.007654999123473449,-1.3100000000000023,-0.037874754970210645,10893
10,0.9000000000000035,1.600000000000004,55,1,-7.980000000000018,-0.045529754093684094,0.0,-0.045529754093684094,29.0,-0.007654999123473449,-1.3100000000000023,-0.037874754970210645,10894
10,0.9000000000000035,1.7000000000000046,55,1,-7.980000000000018,-0.045529754093684094,0.0,-0.045529754093684094,29.0,-0.007654999123473449,-1.3100000000000023,-0.037874754970210645,10895
10,1.0000000000000036,1.400000000000004,55,1,-7.980000000000018,-0.045529754093684094,0.0,-0.045529754093684094,29.0,-0.007654999123473449,-1.3100000000000023,-0.037874754970210645,10896
10,1.0000000000000036,1.5000000000000036,55,1,-7.980000000000018,-0.045529754093684094,0.0,-0.045529754093684094,29.0,-0.007654999123473449,-1.3100000000000023,-0.037874754970210645,10897
10,1.0000000000000036,1.600000000000004,55,1,-7.980000000000018,-0.045529754093684094,0.0,-0.045529754093684094,29.0,-0.007654999123473449,-1.3100000000000023,-0.037874754970210645,10898
10,1.0000000000000036,1.7000000000000046,55,1,-7.980000000000018,-0.045529754093684094,0.0,-0.045529754093684094,29.0,-0.007654999123473449,-1.3100000000000023,-0.037874754970210645,10899
10,1.1000000000000032,1.400000000000004,55,1,-7.980000000000018,-0.045529754093684094,0.0,-0.045529754093684094,29.0,-0.007654999123473449,-1.3100000000000023,-0.037874754970210645,10900
10,1.1000000000000032,1.5000000000000036,55,1,-7.980000000000018,-0.045529754093684094,0.0,-0.045529754093684094,29.0,-0.007654999123473449,-1.3100000000000023,-0.037874754970210645,10901
10,1.1000000000000032,1.600000000000004,55,1,-7.980000000000018,-0.045529754093684094,0.0,-0.045529754093684094,29.0,-0.007654999123473449,-1.3100000000000023,-0.037874754970210645,10902
10,1.1000000000000032,1.7000000000000046,55,1,-7.980000000000018,-0.045529754093684094,0.0,-0.045529754093684094,29.0,-0.007654999123473449,-1.3100000000000023,-0.037874754970210645,10903
10,1.2000000000000037,1.400000000000004,55,1,-7.980000000000018,-0.045529754093684094,0.0,-0.045529754093684094,29.0,-0.007654999123473449,-1.3100000000000023,-0.037874754970210645,10904
10,1.2000000000000037,1.5000000000000036,55,1,-7.980000000000018,-0.045529754093684094,0.0,-0.045529754093684094,29.0,-0.007654999123473449,-1.3100000000000023,-0.037874754970210645,10905
10,1.2000000000000037,1.600000000000004,55,1,-7.980000000000018,-0.045529754093684094,0.0,-0.045529754093684094,29.0,-0.007654999123473449,-1.3100000000000023,-0.037874754970210645,10906
10,1.2000000000000037,1.7000000000000046,55,1,-7.980000000000018,-0.045529754093684094,0.0,-0.045529754093684094,29.0,-0.007654999123473449,-1.3100000000000023,-0.037874754970210645,10907
10,1.3000000000000043,1.400000000000004,55,1,-7.980000000000018,-0.045529754093684094,0.0,-0.045529754093684094,29.0,-0.007654999123473449,-1.3100000000000023,-0.037874754970210645,10908
10,1.3000000000000043,1.5000000000000036,55,1,-7.980000000000018,-0.045529754093684094,0.0,-0.045529754093684094,29.0,-0.007654999123473449,-1.3100000000000023,-0.037874754970210645,10909
10,1.3000000000000043,1.600000000000004,55,1,-7.980000000000018,-0.045529754093684094,0.0,-0.045529754093684094,29.0,-0.007654999123473449,-1.3100000000000023,-0.037874754970210645,10910
10,1.3000000000000043,1.7000000000000046,55,1,-7.980000000000018,-0.045529754093684094,0.0,-0.045529754093684094,29.0,-0.007654999123473449,-1.3100000000000023,-0.037874754970210645,10911
10,1.400000000000004,1.400000000000004,55,1,-7.980000000000018,-0.045529754093684094,0.0,-0.045529754093684094,29.0,-0.007654999123473449,-1.3100000000000023,-0.037874754970210645,10912
10,1.400000000000004,1.5000000000000036,55,1,-7.980000000000018,-0.045529754093684094,0.0,-0.045529754093684094,29.0,-0.007654999123473449,-1.3100000000000023,-0.037874754970210645,10913
10,1.400000000000004,1.600000000000004,55,1,-7.980000000000018,-0.045529754093684094,0.0,-0.045529754093684094,29.0,-0.007654999123473449,-1.3100000000000023,-0.037874754970210645,10914
10,1.400000000000004,1.7000000000000046,55,1,-7.980000000000018,-0.045529754093684094,0.0,-0.045529754093684094,29.0,-0.007654999123473449,-1.3100000000000023,-0.037874754970210645,10915
10,1.5000000000000036,1.400000000000004,55,1,-7.980000000000018,-0.045529754093684094,0.0,-0.045529754093684094,29.0,-0.007654999123473449,-1.3100000000000023,-0.037874754970210645,10916
10,1.5000000000000036,1.5000000000000036,55,1,-7.980000000000018,-0.045529754093684094,0.0,-0.045529754093684094,29.0,-0.007654999123473449,-1.3100000000000023,-0.037874754970210645,10917
10,1.5000000000000036,1.600000000000004,55,1,-7.980000000000018,-0.045529754093684094,0.0,-0.045529754093684094,29.0,-0.007654999123473449,-1.3100000000000023,-0.037874754970210645,10918
10,1.5000000000000036,1.7000000000000046,55,1,-7.980000000000018,-0.045529754093684094,0.0,-0.045529754093684094,29.0,-0.007654999123473449,-1.3100000000000023,-0.037874754970210645,10919
5,1.2000000000000037,1.5000000000000036,60,1,-7.980000000000018,-0.045529754093684094,0.0,-0.045529754093684094,29.0,-0.0014112666117841455,-0.2400000000000091,-0.04411848748189995,10920
5,1.2000000000000037,1.600000000000004,60,1,-7.980000000000018,-0.045529754093684094,0.0,-0.045529754093684094,29.0,-0.0014112666117841455,-0.2400000000000091,-0.04411848748189995,10921
5,1.2000000000000037,1.7000000000000046,60,1,-7.980000000000018,-0.045529754093684094,0.0,-0.045529754093684094,29.0,-0.0014112666117841455,-0.2400000000000091,-0.04411848748189995,10922
5,1.2000000000000037,1.8000000000000043,60,1,-7.980000000000018,-0.045529754093684094,0.0,-0.045529754093684094,29.0,-0.0014112666117841455,-0.2400000000000091,-0.04411848748189995,10923
5,1.2000000000000037,1.900000000000004,60,1,-7.980000000000018,-0.045529754093684094,0.0,-0.045529754093684094,29.0,-0.0014112666117841455,-0.2400000000000091,-0.04411848748189995,10924
5,1.3000000000000043,1.5000000000000036,60,1,-7.980000000000018,-0.045529754093684094,0.0,-0.045529754093684094,29.0,-0.0014112666117841455,-0.2400000000000091,-0.04411848748189995,10925
5,1.3000000000000043,1.600000000000004,60,1,-7.980000000000018,-0.045529754093684094,0.0,-0.045529754093684094,29.0,-0.0014112666117841455,-0.2400000000000091,-0.04411848748189995,10926
5,1.3000000000000043,1.7000000000000046,60,1,-7.980000000000018,-0.045529754093684094,0.0,-0.045529754093684094,29.0,-0.0014112666117841455,-0.2400000000000091,-0.04411848748189995,10927
5,1.3000000000000043,1.8000000000000043,60,1,-7.980000000000018,-0.045529754093684094,0.0,-0.045529754093684094,29.0,-0.0014112666117841455,-0.2400000000000091,-0.04411848748189995,10928
5,1.3000000000000043,1.900000000000004,60,1,-7.980000000000018,-0.045529754093684094,0.0,-0.045529754093684094,29.0,-0.0014112666117841455,-0.2400000000000091,-0.04411848748189995,10929
5,1.400000000000004,1.5000000000000036,60,1,-7.980000000000018,-0.045529754093684094,0.0,-0.045529754093684094,29.0,-0.0014112666117841455,-0.2400000000000091,-0.04411848748189995,10930
5,1.400000000000004,1.600000000000004,60,1,-7.980000000000018,-0.045529754093684094,0.0,-0.045529754093684094,29.0,-0.0014112666117841455,-0.2400000000000091,-0.04411848748189995,10931
5,1.400000000000004,1.7000000000000046,60,1,-7.980000000000018,-0.045529754093684094,0.0,-0.045529754093684094,29.0,-0.0014112666117841455,-0.2400000000000091,-0.04411848748189995,10932
5,1.400000000000004,1.8000000000000043,60,1,-7.980000000000018,-0.045529754093684094,0.0,-0.045529754093684094,29.0,-0.0014112666117841455,-0.2400000000000091,-0.04411848748189995,10933
5,1.400000000000004,1.900000000000004,60,1,-7.980000000000018,-0.045529754093684094,0.0,-0.045529754093684094,29.0,-0.0014112666117841455,-0.2400000000000091,-0.04411848748189995,10934
5,-1.2999999999999985,1.0000000000000036,60,5,-7.910000000000025,-0.045603182085027893,0.6,-0.008926189663934592,2.8,-0.0014112666117841455,-0.2400000000000091,-0.04419191547324375,10935
5,-1.2999999999999985,1.1000000000000032,60,5,-7.910000000000025,-0.045603182085027893,0.6,-0.008926189663934592,2.8,-0.0014112666117841455,-0.2400000000000091,-0.04419191547324375,10936
22,-1.2999999999999985,0.5000000000000031,43,3,-7.980000000000018,-0.04569704130954422,0.3333333333333333,-0.015207207061556538,4.666666666666667,-0.04541877459246779,-8.080000000000013,-0.00027826671707642525,10937
22,-1.2999999999999985,0.6000000000000032,43,3,-7.980000000000018,-0.04569704130954422,0.3333333333333333,-0.015207207061556538,4.666666666666667,-0.04541877459246779,-8.080000000000013,-0.00027826671707642525,10938
22,-1.2999999999999985,0.7000000000000033,43,3,-7.980000000000018,-0.04569704130954422,0.3333333333333333,-0.015207207061556538,4.666666666666667,-0.04541877459246779,-8.080000000000013,-0.00027826671707642525,10939
22,-1.2999999999999985,0.8000000000000034,43,3,-7.980000000000018,-0.04569704130954422,0.3333333333333333,-0.015207207061556538,4.666666666666667,-0.04541877459246779,-8.080000000000013,-0.00027826671707642525,10940
10,-0.5999999999999979,-1.5999999999999988,55,17,-8.03000000000003,-0.04578135521332982,0.5882352941176471,-0.002659988310464963,2.411764705882353,-0.007654999123473449,-1.3100000000000023,-0.03812635608985637,10941
10,-0.2999999999999976,-1.5999999999999988,55,15,-8.070000000000022,-0.04590690697627786,0.6,-0.003017729189411729,3.2666666666666666,-0.007654999123473449,-1.3100000000000023,-0.03825190785280441,10942
10,-0.1999999999999975,-1.5999999999999988,55,15,-8.070000000000022,-0.04590690697627786,0.6,-0.003017729189411729,3.2666666666666666,-0.007654999123473449,-1.3100000000000023,-0.03825190785280441,10943
5,-1.2999999999999985,-1.6999999999999988,60,25,-8.089999999999947,-0.04600731068680064,0.56,-0.0017916360580188507,1.76,-0.0014112666117841455,-0.2400000000000091,-0.044596044075016494,10944
22,-1.5999999999999988,1.400000000000004,43,1,-8.01000000000002,-0.04602125825912107,0.0,-0.04602125825912107,9.0,-0.04541877459246779,-8.080000000000013,-0.0006024836666532751,10945
22,-1.5999999999999988,1.5000000000000036,43,1,-8.01000000000002,-0.04602125825912107,0.0,-0.04602125825912107,9.0,-0.04541877459246779,-8.080000000000013,-0.0006024836666532751,10946
10,-0.5999999999999979,0.20000000000000284,55,5,-8.020000000000039,-0.0461484459513154,0.4,-0.009152407376130656,5.0,-0.007654999123473449,-1.3100000000000023,-0.03849344682784195,10947
10,-0.5999999999999979,0.30000000000000293,55,5,-8.020000000000039,-0.0461484459513154,0.4,-0.009152407376130656,5.0,-0.007654999123473449,-1.3100000000000023,-0.03849344682784195,10948
22,-2.9,-0.1999999999999975,43,10,-8.080000000000013,-0.04618718367767316,0.4,-0.004633341268933455,2.2,-0.04541877459246779,-8.080000000000013,-0.0007684090852053682,10949
22,-2.9,-0.09999999999999742,43,10,-8.080000000000013,-0.04618718367767316,0.4,-0.004633341268933455,2.2,-0.04541877459246779,-8.080000000000013,-0.0007684090852053682,10950
22,-2.8,-0.1999999999999975,43,10,-8.080000000000013,-0.04618718367767316,0.4,-0.004633341268933455,2.2,-0.04541877459246779,-8.080000000000013,-0.0007684090852053682,10951
22,-2.8,-0.09999999999999742,43,10,-8.080000000000013,-0.04618718367767316,0.4,-0.004633341268933455,2.2,-0.04541877459246779,-8.080000000000013,-0.0007684090852053682,10952
22,-2.6999999999999997,-0.1999999999999975,43,10,-8.080000000000013,-0.04618718367767316,0.4,-0.004633341268933455,2.2,-0.04541877459246779,-8.080000000000013,-0.0007684090852053682,10953
22,-2.6999999999999997,-0.09999999999999742,43,10,-8.080000000000013,-0.04618718367767316,0.4,-0.004633341268933455,2.2,-0.04541877459246779,-8.080000000000013,-0.0007684090852053682,10954
22,-2.5999999999999996,-0.1999999999999975,43,10,-8.080000000000013,-0.04618718367767316,0.4,-0.004633341268933455,2.2,-0.04541877459246779,-8.080000000000013,-0.0007684090852053682,10955
22,-2.5999999999999996,-0.09999999999999742,43,10,-8.080000000000013,-0.04618718367767316,0.4,-0.004633341268933455,2.2,-0.04541877459246779,-8.080000000000013,-0.0007684090852053682,10956
22,-2.4999999999999996,-0.1999999999999975,43,10,-8.080000000000013,-0.04618718367767316,0.4,-0.004633341268933455,2.2,-0.04541877459246779,-8.080000000000013,-0.0007684090852053682,10957
22,-2.4999999999999996,-0.09999999999999742,43,10,-8.080000000000013,-0.04618718367767316,0.4,-0.004633341268933455,2.2,-0.04541877459246779,-8.080000000000013,-0.0007684090852053682,10958
22,-2.3999999999999995,-0.1999999999999975,43,10,-8.080000000000013,-0.04618718367767316,0.4,-0.004633341268933455,2.2,-0.04541877459246779,-8.080000000000013,-0.0007684090852053682,10959
22,-2.3999999999999995,-0.09999999999999742,43,10,-8.080000000000013,-0.04618718367767316,0.4,-0.004633341268933455,2.2,-0.04541877459246779,-8.080000000000013,-0.0007684090852053682,10960
22,-2.2999999999999994,-0.1999999999999975,43,10,-8.080000000000013,-0.04618718367767316,0.4,-0.004633341268933455,2.2,-0.04541877459246779,-8.080000000000013,-0.0007684090852053682,10961
22,-2.2999999999999994,-0.09999999999999742,43,10,-8.080000000000013,-0.04618718367767316,0.4,-0.004633341268933455,2.2,-0.04541877459246779,-8.080000000000013,-0.0007684090852053682,10962
22,-2.1999999999999993,-0.1999999999999975,43,10,-8.080000000000013,-0.04618718367767316,0.4,-0.004633341268933455,2.2,-0.04541877459246779,-8.080000000000013,-0.0007684090852053682,10963
22,-2.1999999999999993,-0.09999999999999742,43,10,-8.080000000000013,-0.04618718367767316,0.4,-0.004633341268933455,2.2,-0.04541877459246779,-8.080000000000013,-0.0007684090852053682,10964
22,-2.099999999999999,-0.1999999999999975,43,10,-8.080000000000013,-0.04618718367767316,0.4,-0.004633341268933455,2.2,-0.04541877459246779,-8.080000000000013,-0.0007684090852053682,10965
22,-2.099999999999999,-0.09999999999999742,43,10,-8.080000000000013,-0.04618718367767316,0.4,-0.004633341268933455,2.2,-0.04541877459246779,-8.080000000000013,-0.0007684090852053682,10966
22,-1.0999999999999983,-0.1999999999999975,43,6,-8.090000000000003,-0.0462082190943548,0.3333333333333333,-0.007704877110753998,4.666666666666667,-0.04541877459246779,-8.080000000000013,-0.0007894445018870044,10967
22,-1.0999999999999983,-0.09999999999999742,43,6,-8.090000000000003,-0.0462082190943548,0.3333333333333333,-0.007704877110753998,4.666666666666667,-0.04541877459246779,-8.080000000000013,-0.0007894445018870044,10968
22,-0.9999999999999982,-0.1999999999999975,43,6,-8.090000000000003,-0.0462082190943548,0.3333333333333333,-0.007704877110753998,4.666666666666667,-0.04541877459246779,-8.080000000000013,-0.0007894445018870044,10969
22,-0.9999999999999982,-0.09999999999999742,43,6,-8.090000000000003,-0.0462082190943548,0.3333333333333333,-0.007704877110753998,4.666666666666667,-0.04541877459246779,-8.080000000000013,-0.0007894445018870044,10970
10,-2.2999999999999994,1.2000000000000037,55,4,-7.980000000000018,-0.046208622432936775,0.5,-0.011452805807265765,2.0,-0.007654999123473449,-1.3100000000000023,-0.038553623309463325,10971
10,-2.2999999999999994,1.3000000000000043,55,4,-7.980000000000018,-0.046208622432936775,0.5,-0.011452805807265765,2.0,-0.007654999123473449,-1.3100000000000023,-0.038553623309463325,10972
10,-2.1999999999999993,1.2000000000000037,55,4,-7.980000000000018,-0.046208622432936775,0.5,-0.011452805807265765,2.0,-0.007654999123473449,-1.3100000000000023,-0.038553623309463325,10973
10,-2.1999999999999993,1.3000000000000043,55,4,-7.980000000000018,-0.046208622432936775,0.5,-0.011452805807265765,2.0,-0.007654999123473449,-1.3100000000000023,-0.038553623309463325,10974
10,-2.099999999999999,1.2000000000000037,55,4,-7.980000000000018,-0.046208622432936775,0.5,-0.011452805807265765,2.0,-0.007654999123473449,-1.3100000000000023,-0.038553623309463325,10975
10,-2.099999999999999,1.3000000000000043,55,4,-7.980000000000018,-0.046208622432936775,0.5,-0.011452805807265765,2.0,-0.007654999123473449,-1.3100000000000023,-0.038553623309463325,10976
10,-1.9999999999999991,1.2000000000000037,55,4,-7.980000000000018,-0.046208622432936775,0.5,-0.011452805807265765,2.0,-0.007654999123473449,-1.3100000000000023,-0.038553623309463325,10977
10,-1.9999999999999991,1.3000000000000043,55,4,-7.980000000000018,-0.046208622432936775,0.5,-0.011452805807265765,2.0,-0.007654999123473449,-1.3100000000000023,-0.038553623309463325,10978
5,-0.2999999999999976,-1.6999999999999988,60,18,-8.169999999999959,-0.046428481648087105,0.5555555555555556,-0.002543161579404528,3.2222222222222223,-0.0014112666117841455,-0.2400000000000091,-0.04501721503630296,10979
10,-0.699999999999998,1.8000000000000043,55,1,-8.120000000000005,-0.04647701906015689,0.0,-0.04647701906015689,11.0,-0.007654999123473449,-1.3100000000000023,-0.03882201993668344,10980
10,-0.5999999999999979,1.8000000000000043,55,1,-8.120000000000005,-0.04647701906015689,0.0,-0.04647701906015689,11.0,-0.007654999123473449,-1.3100000000000023,-0.03882201993668344,10981
10,-0.4999999999999978,1.8000000000000043,55,1,-8.120000000000005,-0.04647701906015689,0.0,-0.04647701906015689,11.0,-0.007654999123473449,-1.3100000000000023,-0.03882201993668344,10982
10,-0.3999999999999977,1.8000000000000043,55,1,-8.129999999999995,-0.046534256768358984,0.0,-0.046534256768358984,14.0,-0.007654999123473449,-1.3100000000000023,-0.038879257644885534,10983
22,-2.9,0.10000000000000275,43,8,-8.150000000000006,-0.04658947811215275,0.375,-0.005844679020212629,2.25,-0.04541877459246779,-8.080000000000013,-0.001170703519684957,10984
22,-2.8,0.10000000000000275,43,8,-8.150000000000006,-0.04658947811215275,0.375,-0.005844679020212629,2.25,-0.04541877459246779,-8.080000000000013,-0.001170703519684957,10985
22,-2.6999999999999997,0.10000000000000275,43,8,-8.150000000000006,-0.04658947811215275,0.375,-0.005844679020212629,2.25,-0.04541877459246779,-8.080000000000013,-0.001170703519684957,10986
22,-2.5999999999999996,0.10000000000000275,43,8,-8.150000000000006,-0.04658947811215275,0.375,-0.005844679020212629,2.25,-0.04541877459246779,-8.080000000000013,-0.001170703519684957,10987
22,-2.4999999999999996,0.10000000000000275,43,8,-8.150000000000006,-0.04658947811215275,0.375,-0.005844679020212629,2.25,-0.04541877459246779,-8.080000000000013,-0.001170703519684957,10988
22,-2.3999999999999995,0.10000000000000275,43,8,-8.150000000000006,-0.04658947811215275,0.375,-0.005844679020212629,2.25,-0.04541877459246779,-8.080000000000013,-0.001170703519684957,10989
22,-2.2999999999999994,0.10000000000000275,43,8,-8.150000000000006,-0.04658947811215275,0.375,-0.005844679020212629,2.25,-0.04541877459246779,-8.080000000000013,-0.001170703519684957,10990
22,-2.1999999999999993,0.10000000000000275,43,8,-8.150000000000006,-0.04658947811215275,0.375,-0.005844679020212629,2.25,-0.04541877459246779,-8.080000000000013,-0.001170703519684957,10991
22,-2.099999999999999,0.10000000000000275,43,8,-8.150000000000006,-0.04658947811215275,0.375,-0.005844679020212629,2.25,-0.04541877459246779,-8.080000000000013,-0.001170703519684957,10992
22,-1.0999999999999983,0.10000000000000275,43,4,-8.159999999999997,-0.046610504656620755,0.25,-0.011663320534222615,6.0,-0.04541877459246779,-8.080000000000013,-0.0011917300641529627,10993
22,-0.9999999999999982,0.10000000000000275,43,4,-8.159999999999997,-0.046610504656620755,0.25,-0.011663320534222615,6.0,-0.04541877459246779,-8.080000000000013,-0.0011917300641529627,10994
10,-0.699999999999998,-0.1999999999999975,55,6,-8.120000000000033,-0.04670801452057738,0.3333333333333333,-0.007723808381938997,4.166666666666667,-0.007654999123473449,-1.3100000000000023,-0.03905301539710393,10995
10,-0.699999999999998,-0.09999999999999742,55,6,-8.120000000000033,-0.04670801452057738,0.3333333333333333,-0.007723808381938997,4.166666666666667,-0.007654999123473449,-1.3100000000000023,-0.03905301539710393,10996
10,-0.699999999999998,2.6645352591003757e-15,55,6,-8.120000000000033,-0.04670801452057738,0.3333333333333333,-0.007723808381938997,4.166666666666667,-0.007654999123473449,-1.3100000000000023,-0.03905301539710393,10997
10,-0.699999999999998,0.10000000000000275,55,6,-8.120000000000033,-0.04670801452057738,0.3333333333333333,-0.007723808381938997,4.166666666666667,-0.007654999123473449,-1.3100000000000023,-0.03905301539710393,10998
5,-1.2999999999999985,1.5000000000000036,60,3,-8.120000000000033,-0.04678720097298816,0.6666666666666666,-0.015291491775092073,3.0,-0.0014112666117841455,-0.2400000000000091,-0.04537593436120402,10999
5,-1.2999999999999985,1.600000000000004,60,3,-8.120000000000033,-0.04678720097298816,0.6666666666666666,-0.015291491775092073,3.0,-0.0014112666117841455,-0.2400000000000091,-0.04537593436120402,11000
5,-1.2999999999999985,1.7000000000000046,60,3,-8.120000000000033,-0.04678720097298816,0.6666666666666666,-0.015291491775092073,3.0,-0.0014112666117841455,-0.2400000000000091,-0.04537593436120402,11001
5,-1.2999999999999985,1.8000000000000043,60,3,-8.120000000000033,-0.04678720097298816,0.6666666666666666,-0.015291491775092073,3.0,-0.0014112666117841455,-0.2400000000000091,-0.04537593436120402,11002
10,-2.3999999999999995,-1.5999999999999988,55,24,-8.259999999999991,-0.046808569719736126,0.5,-0.0019498240453313664,1.4166666666666667,-0.007654999123473449,-1.3100000000000023,-0.03915357059626268,11003
10,-2.2999999999999994,-1.5999999999999988,55,24,-8.259999999999991,-0.046808569719736126,0.5,-0.0019498240453313664,1.4166666666666667,-0.007654999123473449,-1.3100000000000023,-0.03915357059626268,11004
10,-2.1999999999999993,-1.5999999999999988,55,24,-8.259999999999991,-0.046808569719736126,0.5,-0.0019498240453313664,1.4166666666666667,-0.007654999123473449,-1.3100000000000023,-0.03915357059626268,11005
10,-2.099999999999999,-1.5999999999999988,55,24,-8.259999999999991,-0.046808569719736126,0.5,-0.0019498240453313664,1.4166666666666667,-0.007654999123473449,-1.3100000000000023,-0.03915357059626268,11006
10,-1.9999999999999991,-1.5999999999999988,55,24,-8.259999999999991,-0.046808569719736126,0.5,-0.0019498240453313664,1.4166666666666667,-0.007654999123473449,-1.3100000000000023,-0.03915357059626268,11007
5,-1.2999999999999985,-0.09999999999999742,60,11,-8.120000000000005,-0.04701067754659405,0.5454545454545454,-0.00418704097242838,2.090909090909091,-0.0014112666117841455,-0.2400000000000091,-0.0455994109348099,11008
5,-1.2999999999999985,0.6000000000000032,60,6,-8.170000000000044,-0.04711074386889735,0.5,-0.007699726283824963,2.5,-0.0014112666117841455,-0.2400000000000091,-0.04569947725711321,11009
5,-1.2999999999999985,0.7000000000000033,60,6,-8.170000000000044,-0.04711074386889735,0.5,-0.007699726283824963,2.5,-0.0014112666117841455,-0.2400000000000091,-0.04569947725711321,11010
5,-1.2999999999999985,0.8000000000000034,60,6,-8.170000000000044,-0.04711074386889735,0.5,-0.007699726283824963,2.5,-0.0014112666117841455,-0.2400000000000091,-0.04569947725711321,11011
5,-1.2999999999999985,0.9000000000000035,60,6,-8.170000000000044,-0.04711074386889735,0.5,-0.007699726283824963,2.5,-0.0014112666117841455,-0.2400000000000091,-0.04569947725711321,11012
10,-1.899999999999999,-0.09999999999999742,55,11,-8.200000000000045,-0.04724958671131174,0.36363636363636365,-0.004308155465469769,1.6363636363636365,-0.007654999123473449,-1.3100000000000023,-0.03959458758783829,11013
10,-1.899999999999999,2.6645352591003757e-15,55,11,-8.200000000000045,-0.04724958671131174,0.36363636363636365,-0.004308155465469769,1.6363636363636365,-0.007654999123473449,-1.3100000000000023,-0.03959458758783829,11014
10,-1.899999999999999,0.10000000000000275,55,11,-8.200000000000045,-0.04724958671131174,0.36363636363636365,-0.004308155465469769,1.6363636363636365,-0.007654999123473449,-1.3100000000000023,-0.03959458758783829,11015
10,-0.9999999999999982,0.20000000000000284,55,7,-8.240000000000038,-0.047380203645553176,0.42857142857142855,-0.006701030080909006,3.142857142857143,-0.007654999123473449,-1.3100000000000023,-0.03972520452207973,11016
10,-0.9999999999999982,0.30000000000000293,55,7,-8.240000000000038,-0.047380203645553176,0.42857142857142855,-0.006701030080909006,3.142857142857143,-0.007654999123473449,-1.3100000000000023,-0.03972520452207973,11017
5,-1.2999999999999985,1.2000000000000037,60,4,-8.240000000000038,-0.04746580524377153,0.5,-0.01164659699933046,3.25,-0.0014112666117841455,-0.2400000000000091,-0.046054538631987385,11018
5,-1.2999999999999985,1.3000000000000043,60,4,-8.240000000000038,-0.04746580524377153,0.5,-0.01164659699933046,3.25,-0.0014112666117841455,-0.2400000000000091,-0.046054538631987385,11019
10,-2.2999999999999994,1.400000000000004,55,3,-8.26000000000002,-0.04779412222941504,0.3333333333333333,-0.015825434701473313,2.3333333333333335,-0.007654999123473449,-1.3100000000000023,-0.04013912310594159,11020
10,-2.2999999999999994,1.5000000000000036,55,3,-8.26000000000002,-0.04779412222941504,0.3333333333333333,-0.015825434701473313,2.3333333333333335,-0.007654999123473449,-1.3100000000000023,-0.04013912310594159,11021
10,-2.1999999999999993,1.400000000000004,55,3,-8.26000000000002,-0.04779412222941504,0.3333333333333333,-0.015825434701473313,2.3333333333333335,-0.007654999123473449,-1.3100000000000023,-0.04013912310594159,11022
10,-2.1999999999999993,1.5000000000000036,55,3,-8.26000000000002,-0.04779412222941504,0.3333333333333333,-0.015825434701473313,2.3333333333333335,-0.007654999123473449,-1.3100000000000023,-0.04013912310594159,11023
10,-2.099999999999999,1.400000000000004,55,3,-8.26000000000002,-0.04779412222941504,0.3333333333333333,-0.015825434701473313,2.3333333333333335,-0.007654999123473449,-1.3100000000000023,-0.04013912310594159,11024
10,-2.099999999999999,1.5000000000000036,55,3,-8.26000000000002,-0.04779412222941504,0.3333333333333333,-0.015825434701473313,2.3333333333333335,-0.007654999123473449,-1.3100000000000023,-0.04013912310594159,11025
10,-1.9999999999999991,1.400000000000004,55,3,-8.26000000000002,-0.04779412222941504,0.3333333333333333,-0.015825434701473313,2.3333333333333335,-0.007654999123473449,-1.3100000000000023,-0.04013912310594159,11026
10,-1.9999999999999991,1.5000000000000036,55,3,-8.26000000000002,-0.04779412222941504,0.3333333333333333,-0.015825434701473313,2.3333333333333335,-0.007654999123473449,-1.3100000000000023,-0.04013912310594159,11027
22,-1.2999999999999985,1.0000000000000036,43,2,-8.410000000000025,-0.04831977609684257,0.0,-0.02428210615512605,6.0,-0.04541877459246779,-8.080000000000013,-0.0029010015043747783,11028
22,-1.2999999999999985,1.1000000000000032,43,2,-8.410000000000025,-0.04831977609684257,0.0,-0.02428210615512605,6.0,-0.04541877459246779,-8.080000000000013,-0.0029010015043747783,11029
10,-1.0999999999999983,1.8000000000000043,55,1,-8.460000000000008,-0.04842310113903048,0.0,-0.04842310113903048,8.0,-0.007654999123473449,-1.3100000000000023,-0.04076810201555703,11030
22,-1.4999999999999987,0.30000000000000293,43,4,-8.469999999999999,-0.04854997225907132,0.5,-0.012144908039915747,4.25,-0.04541877459246779,-8.080000000000013,-0.0031311976666035246,11031
22,-1.4999999999999987,0.400000000000003,43,4,-8.469999999999999,-0.04854997225907132,0.5,-0.012144908039915747,4.25,-0.04541877459246779,-8.080000000000013,-0.0031311976666035246,11032
22,-1.4999999999999987,0.5000000000000031,43,4,-8.469999999999999,-0.04854997225907132,0.5,-0.012144908039915747,4.25,-0.04541877459246779,-8.080000000000013,-0.0031311976666035246,11033
22,-1.4999999999999987,0.6000000000000032,43,4,-8.469999999999999,-0.04854997225907132,0.5,-0.012144908039915747,4.25,-0.04541877459246779,-8.080000000000013,-0.0031311976666035246,11034
22,-1.3999999999999986,0.30000000000000293,43,4,-8.469999999999999,-0.04854997225907132,0.5,-0.012144908039915747,4.25,-0.04541877459246779,-8.080000000000013,-0.0031311976666035246,11035
22,-1.3999999999999986,0.400000000000003,43,4,-8.469999999999999,-0.04854997225907132,0.5,-0.012144908039915747,4.25,-0.04541877459246779,-8.080000000000013,-0.0031311976666035246,11036
22,-1.3999999999999986,0.5000000000000031,43,4,-8.469999999999999,-0.04854997225907132,0.5,-0.012144908039915747,4.25,-0.04541877459246779,-8.080000000000013,-0.0031311976666035246,11037
22,-1.3999999999999986,0.6000000000000032,43,4,-8.469999999999999,-0.04854997225907132,0.5,-0.012144908039915747,4.25,-0.04541877459246779,-8.080000000000013,-0.0031311976666035246,11038
10,-0.9999999999999982,-0.2999999999999976,55,10,-8.56000000000003,-0.04868858632105255,0.5,-0.004750765302147986,2.9,-0.007654999123473449,-1.3100000000000023,-0.0410335871975791,11039
22,-1.0999999999999983,0.7000000000000033,43,1,-8.51000000000002,-0.04870928968004129,0.0,-0.04870928968004129,17.0,-0.04541877459246779,-8.080000000000013,-0.003290515087573498,11040
22,-1.0999999999999983,0.8000000000000034,43,1,-8.51000000000002,-0.04870928968004129,0.0,-0.04870928968004129,17.0,-0.04541877459246779,-8.080000000000013,-0.003290515087573498,11041
22,-0.9999999999999982,0.7000000000000033,43,1,-8.51000000000002,-0.04870928968004129,0.0,-0.04870928968004129,17.0,-0.04541877459246779,-8.080000000000013,-0.003290515087573498,11042
22,-0.9999999999999982,0.8000000000000034,43,1,-8.51000000000002,-0.04870928968004129,0.0,-0.04870928968004129,17.0,-0.04541877459246779,-8.080000000000013,-0.003290515087573498,11043
10,-0.2999999999999976,1.8000000000000043,55,1,-8.51000000000002,-0.04870928968004129,0.0,-0.04870928968004129,17.0,-0.007654999123473449,-1.3100000000000023,-0.04105429055656784,11044
10,-0.1999999999999975,1.8000000000000043,55,1,-8.51000000000002,-0.04870928968004129,0.0,-0.04870928968004129,17.0,-0.007654999123473449,-1.3100000000000023,-0.04105429055656784,11045
10,-0.09999999999999742,1.8000000000000043,55,1,-8.51000000000002,-0.04870928968004129,0.0,-0.04870928968004129,17.0,-0.007654999123473449,-1.3100000000000023,-0.04105429055656784,11046
10,2.6645352591003757e-15,1.8000000000000043,55,1,-8.51000000000002,-0.04870928968004129,0.0,-0.04870928968004129,17.0,-0.007654999123473449,-1.3100000000000023,-0.04105429055656784,11047
10,0.10000000000000275,1.8000000000000043,55,1,-8.51000000000002,-0.04870928968004129,0.0,-0.04870928968004129,17.0,-0.007654999123473449,-1.3100000000000023,-0.04105429055656784,11048
10,0.20000000000000284,1.8000000000000043,55,1,-8.51000000000002,-0.04870928968004129,0.0,-0.04870928968004129,17.0,-0.007654999123473449,-1.3100000000000023,-0.04105429055656784,11049
10,-1.0999999999999983,-0.09999999999999742,55,8,-8.53000000000003,-0.048870101819664113,0.25,-0.006063260114833421,3.0,-0.007654999123473449,-1.3100000000000023,-0.041215102696190664,11050
10,-1.0999999999999983,2.6645352591003757e-15,55,8,-8.53000000000003,-0.048870101819664113,0.25,-0.006063260114833421,3.0,-0.007654999123473449,-1.3100000000000023,-0.041215102696190664,11051
10,-1.0999999999999983,0.10000000000000275,55,8,-8.53000000000003,-0.048870101819664113,0.25,-0.006063260114833421,3.0,-0.007654999123473449,-1.3100000000000023,-0.041215102696190664,11052
5,-1.2999999999999985,0.5000000000000031,60,7,-8.500000000000028,-0.048976079857915744,0.5714285714285714,-0.006878569123787497,2.7142857142857144,-0.0014112666117841455,-0.2400000000000091,-0.0475648132461316,11053
22,-1.899999999999999,2.6645352591003757e-15,43,8,-8.569999999999993,-0.04900615708752987,0.5,-0.006135566531982578,2.5,-0.04541877459246779,-8.080000000000013,-0.0035873824950620747,11054
22,-1.799999999999999,2.6645352591003757e-15,43,8,-8.569999999999993,-0.04900615708752987,0.5,-0.006135566531982578,2.5,-0.04541877459246779,-8.080000000000013,-0.0035873824950620747,11055
22,-1.6999999999999988,2.6645352591003757e-15,43,8,-8.569999999999993,-0.04900615708752987,0.5,-0.006135566531982578,2.5,-0.04541877459246779,-8.080000000000013,-0.0035873824950620747,11056
10,-0.9999999999999982,1.8000000000000043,55,1,-8.570000000000022,-0.04905271592925431,0.0,-0.04905271592925431,9.0,-0.007654999123473449,-1.3100000000000023,-0.04139771680578086,11057
22,-1.899999999999999,0.9000000000000035,43,4,-8.54000000000002,-0.049084775949772785,0.5,-0.012299578295838332,2.75,-0.04541877459246779,-8.080000000000013,-0.003666001357304993,11058
22,-1.899999999999999,1.0000000000000036,43,4,-8.54000000000002,-0.049084775949772785,0.5,-0.012299578295838332,2.75,-0.04541877459246779,-8.080000000000013,-0.003666001357304993,11059
22,-1.899999999999999,1.1000000000000032,43,4,-8.54000000000002,-0.049084775949772785,0.5,-0.012299578295838332,2.75,-0.04541877459246779,-8.080000000000013,-0.003666001357304993,11060
22,-1.799999999999999,0.9000000000000035,43,4,-8.54000000000002,-0.049084775949772785,0.5,-0.012299578295838332,2.75,-0.04541877459246779,-8.080000000000013,-0.003666001357304993,11061
22,-1.799999999999999,1.0000000000000036,43,4,-8.54000000000002,-0.049084775949772785,0.5,-0.012299578295838332,2.75,-0.04541877459246779,-8.080000000000013,-0.003666001357304993,11062
22,-1.799999999999999,1.1000000000000032,43,4,-8.54000000000002,-0.049084775949772785,0.5,-0.012299578295838332,2.75,-0.04541877459246779,-8.080000000000013,-0.003666001357304993,11063
22,-1.6999999999999988,0.9000000000000035,43,4,-8.54000000000002,-0.049084775949772785,0.5,-0.012299578295838332,2.75,-0.04541877459246779,-8.080000000000013,-0.003666001357304993,11064
22,-1.6999999999999988,1.0000000000000036,43,4,-8.54000000000002,-0.049084775949772785,0.5,-0.012299578295838332,2.75,-0.04541877459246779,-8.080000000000013,-0.003666001357304993,11065
22,-1.6999999999999988,1.1000000000000032,43,4,-8.54000000000002,-0.049084775949772785,0.5,-0.012299578295838332,2.75,-0.04541877459246779,-8.080000000000013,-0.003666001357304993,11066
22,-1.4999999999999987,0.20000000000000284,43,5,-8.579999999999984,-0.04917013997091946,0.4,-0.00984628907710916,3.6,-0.04541877459246779,-8.080000000000013,-0.0037513653784516654,11067
22,-1.3999999999999986,0.20000000000000284,43,5,-8.579999999999984,-0.04917013997091946,0.4,-0.00984628907710916,3.6,-0.04541877459246779,-8.080000000000013,-0.0037513653784516654,11068
22,-1.899999999999999,-0.2999999999999976,43,10,-8.610000000000014,-0.04924175881387294,0.4,-0.004931740948392993,2.6,-0.04541877459246779,-8.080000000000013,-0.0038229842214051457,11069
22,-1.799999999999999,-0.2999999999999976,43,10,-8.610000000000014,-0.04924175881387294,0.4,-0.004931740948392993,2.6,-0.04541877459246779,-8.080000000000013,-0.0038229842214051457,11070
22,-1.6999999999999988,-0.2999999999999976,43,10,-8.610000000000014,-0.04924175881387294,0.4,-0.004931740948392993,2.6,-0.04541877459246779,-8.080000000000013,-0.0038229842214051457,11071
10,-2.2999999999999994,1.0000000000000036,55,6,-8.56000000000003,-0.049445531325157166,0.3333333333333333,-0.008198122175460454,2.0,-0.007654999123473449,-1.3100000000000023,-0.04179053220168372,11072
10,-2.1999999999999993,1.0000000000000036,55,6,-8.56000000000003,-0.049445531325157166,0.3333333333333333,-0.008198122175460454,2.0,-0.007654999123473449,-1.3100000000000023,-0.04179053220168372,11073
10,-2.099999999999999,1.0000000000000036,55,6,-8.56000000000003,-0.049445531325157166,0.3333333333333333,-0.008198122175460454,2.0,-0.007654999123473449,-1.3100000000000023,-0.04179053220168372,11074
10,-1.9999999999999991,1.0000000000000036,55,6,-8.56000000000003,-0.049445531325157166,0.3333333333333333,-0.008198122175460454,2.0,-0.007654999123473449,-1.3100000000000023,-0.04179053220168372,11075
22,-1.4999999999999987,2.6645352591003757e-15,43,7,-8.669999999999987,-0.04957856219341206,0.42857142857142855,-0.007115931876982927,3.0,-0.04541877459246779,-8.080000000000013,-0.004159787600944265,11076
22,-1.3999999999999986,2.6645352591003757e-15,43,7,-8.669999999999987,-0.04957856219341206,0.42857142857142855,-0.007115931876982927,3.0,-0.04541877459246779,-8.080000000000013,-0.004159787600944265,11077
5,1.0000000000000036,1.900000000000004,60,1,-8.689999999999998,-0.049580647001768674,0.0,-0.049580647001768674,25.0,-0.0014112666117841455,-0.2400000000000091,-0.04816938038998453,11078
5,1.1000000000000032,1.900000000000004,60,1,-8.689999999999998,-0.049580647001768674,0.0,-0.049580647001768674,25.0,-0.0014112666117841455,-0.2400000000000091,-0.04816938038998453,11079
10,-0.8999999999999981,1.8000000000000043,55,1,-8.670000000000016,-0.049625093011275934,0.0,-0.049625093011275934,10.0,-0.007654999123473449,-1.3100000000000023,-0.041970093887802484,11080
10,-0.799999999999998,1.8000000000000043,55,1,-8.670000000000016,-0.049625093011275934,0.0,-0.049625093011275934,10.0,-0.007654999123473449,-1.3100000000000023,-0.041970093887802484,11081
22,-1.4999999999999987,0.9000000000000035,43,3,-8.640000000000015,-0.04965713373480363,0.3333333333333333,-0.016641768022124397,4.0,-0.04541877459246779,-8.080000000000013,-0.004238359142335835,11082
22,-1.4999999999999987,1.0000000000000036,43,3,-8.640000000000015,-0.04965713373480363,0.3333333333333333,-0.016641768022124397,4.0,-0.04541877459246779,-8.080000000000013,-0.004238359142335835,11083
22,-1.4999999999999987,1.1000000000000032,43,3,-8.640000000000015,-0.04965713373480363,0.3333333333333333,-0.016641768022124397,4.0,-0.04541877459246779,-8.080000000000013,-0.004238359142335835,11084
22,-1.3999999999999986,0.9000000000000035,43,3,-8.640000000000015,-0.04965713373480363,0.3333333333333333,-0.016641768022124397,4.0,-0.04541877459246779,-8.080000000000013,-0.004238359142335835,11085
22,-1.3999999999999986,1.0000000000000036,43,3,-8.640000000000015,-0.04965713373480363,0.3333333333333333,-0.016641768022124397,4.0,-0.04541877459246779,-8.080000000000013,-0.004238359142335835,11086
22,-1.3999999999999986,1.1000000000000032,43,3,-8.640000000000015,-0.04965713373480363,0.3333333333333333,-0.016641768022124397,4.0,-0.04541877459246779,-8.080000000000013,-0.004238359142335835,11087
10,-0.5999999999999979,-0.1999999999999975,55,5,-8.650000000000034,-0.04969603718486326,0.2,-0.009898589027254445,5.2,-0.007654999123473449,-1.3100000000000023,-0.04204103806138981,11088
10,-0.5999999999999979,-0.09999999999999742,55,5,-8.650000000000034,-0.04969603718486326,0.2,-0.009898589027254445,5.2,-0.007654999123473449,-1.3100000000000023,-0.04204103806138981,11089
10,-0.5999999999999979,2.6645352591003757e-15,55,5,-8.650000000000034,-0.04969603718486326,0.2,-0.009898589027254445,5.2,-0.007654999123473449,-1.3100000000000023,-0.04204103806138981,11090
10,-0.5999999999999979,0.10000000000000275,55,5,-8.650000000000034,-0.04969603718486326,0.2,-0.009898589027254445,5.2,-0.007654999123473449,-1.3100000000000023,-0.04204103806138981,11091
22,-1.4999999999999987,-0.2999999999999976,43,9,-8.710000000000008,-0.04981402211060215,0.3333333333333333,-0.005560488929661088,3.0,-0.04541877459246779,-8.080000000000013,-0.00439524751813436,11092
22,-1.3999999999999986,-0.2999999999999976,43,9,-8.710000000000008,-0.04981402211060215,0.3333333333333333,-0.005560488929661088,3.0,-0.04541877459246779,-8.080000000000013,-0.00439524751813436,11093
10,-1.4999999999999987,-0.2999999999999976,55,12,-8.78000000000003,-0.04998685755010812,0.5,-0.0040963984842828744,2.0,-0.007654999123473449,-1.3100000000000023,-0.04233185842663467,11094
10,-1.3999999999999986,-0.2999999999999976,55,12,-8.78000000000003,-0.04998685755010812,0.5,-0.0040963984842828744,2.0,-0.007654999123473449,-1.3100000000000023,-0.04233185842663467,11095
10,-1.2999999999999985,-0.2999999999999976,55,12,-8.78000000000003,-0.04998685755010812,0.5,-0.0040963984842828744,2.0,-0.007654999123473449,-1.3100000000000023,-0.04233185842663467,11096
10,-1.1999999999999984,-0.2999999999999976,55,12,-8.78000000000003,-0.04998685755010812,0.5,-0.0040963984842828744,2.0,-0.007654999123473449,-1.3100000000000023,-0.04233185842663467,11097
10,-0.699999999999998,-0.2999999999999976,55,8,-8.830000000000013,-0.050133083828703184,0.5,-0.006158806025665431,3.75,-0.007654999123473449,-1.3100000000000023,-0.042478084705229735,11098
22,-1.899999999999999,-0.1999999999999975,43,9,-8.780000000000001,-0.050186398840450064,0.4444444444444444,-0.005591732628761226,2.5555555555555554,-0.04541877459246779,-8.080000000000013,-0.004767624247982272,11099
22,-1.899999999999999,-0.09999999999999742,43,9,-8.780000000000001,-0.050186398840450064,0.4444444444444444,-0.005591732628761226,2.5555555555555554,-0.04541877459246779,-8.080000000000013,-0.004767624247982272,11100
22,-1.799999999999999,-0.1999999999999975,43,9,-8.780000000000001,-0.050186398840450064,0.4444444444444444,-0.005591732628761226,2.5555555555555554,-0.04541877459246779,-8.080000000000013,-0.004767624247982272,11101
22,-1.799999999999999,-0.09999999999999742,43,9,-8.780000000000001,-0.050186398840450064,0.4444444444444444,-0.005591732628761226,2.5555555555555554,-0.04541877459246779,-8.080000000000013,-0.004767624247982272,11102
22,-1.6999999999999988,-0.1999999999999975,43,9,-8.780000000000001,-0.050186398840450064,0.4444444444444444,-0.005591732628761226,2.5555555555555554,-0.04541877459246779,-8.080000000000013,-0.004767624247982272,11103
22,-1.6999999999999988,-0.09999999999999742,43,9,-8.780000000000001,-0.050186398840450064,0.4444444444444444,-0.005591732628761226,2.5555555555555554,-0.04541877459246779,-8.080000000000013,-0.004767624247982272,11104
22,-1.899999999999999,0.10000000000000275,43,7,-8.849999999999994,-0.05058700650581238,0.42857142857142855,-0.007249944733031073,2.7142857142857144,-0.04541877459246779,-8.080000000000013,-0.00516823191334459,11105
22,-1.799999999999999,0.10000000000000275,43,7,-8.849999999999994,-0.05058700650581238,0.42857142857142855,-0.007249944733031073,2.7142857142857144,-0.04541877459246779,-8.080000000000013,-0.00516823191334459,11106
22,-1.6999999999999988,0.10000000000000275,43,7,-8.849999999999994,-0.05058700650581238,0.42857142857142855,-0.007249944733031073,2.7142857142857144,-0.04541877459246779,-8.080000000000013,-0.00516823191334459,11107
5,-1.2999999999999985,-0.2999999999999976,60,11,-8.77000000000001,-0.05072870203171209,0.45454545454545453,-0.00454289159429331,2.090909090909091,-0.0014112666117841455,-0.2400000000000091,-0.049317435419927946,11108
5,-1.2999999999999985,-0.1999999999999975,60,11,-8.77000000000001,-0.05072870203171209,0.45454545454545453,-0.00454289159429331,2.090909090909091,-0.0014112666117841455,-0.2400000000000091,-0.049317435419927946,11109
22,-1.4999999999999987,-0.1999999999999975,43,8,-8.879999999999995,-0.050758093556448336,0.375,-0.006381573067733862,3.0,-0.04541877459246779,-8.080000000000013,-0.005339318963980544,11110
22,-1.4999999999999987,-0.09999999999999742,43,8,-8.879999999999995,-0.050758093556448336,0.375,-0.006381573067733862,3.0,-0.04541877459246779,-8.080000000000013,-0.005339318963980544,11111
22,-1.3999999999999986,-0.1999999999999975,43,8,-8.879999999999995,-0.050758093556448336,0.375,-0.006381573067733862,3.0,-0.04541877459246779,-8.080000000000013,-0.005339318963980544,11112
22,-1.3999999999999986,-0.09999999999999742,43,8,-8.879999999999995,-0.050758093556448336,0.375,-0.006381573067733862,3.0,-0.04541877459246779,-8.080000000000013,-0.005339318963980544,11113
10,-1.6999999999999988,-0.09999999999999742,55,10,-8.860000000000042,-0.050848781220902195,0.4,-0.005075297426161696,1.9,-0.007654999123473449,-1.3100000000000023,-0.043193782097428746,11114
10,-1.6999999999999988,2.6645352591003757e-15,55,10,-8.860000000000042,-0.050848781220902195,0.4,-0.005075297426161696,1.9,-0.007654999123473449,-1.3100000000000023,-0.043193782097428746,11115
10,-1.6999999999999988,0.10000000000000275,55,10,-8.860000000000042,-0.050848781220902195,0.4,-0.005075297426161696,1.9,-0.007654999123473449,-1.3100000000000023,-0.043193782097428746,11116
10,-1.5999999999999988,-0.09999999999999742,55,10,-8.860000000000042,-0.050848781220902195,0.4,-0.005075297426161696,1.9,-0.007654999123473449,-1.3100000000000023,-0.043193782097428746,11117
10,-1.5999999999999988,2.6645352591003757e-15,55,10,-8.860000000000042,-0.050848781220902195,0.4,-0.005075297426161696,1.9,-0.007654999123473449,-1.3100000000000023,-0.043193782097428746,11118
10,-1.5999999999999988,0.10000000000000275,55,10,-8.860000000000042,-0.050848781220902195,0.4,-0.005075297426161696,1.9,-0.007654999123473449,-1.3100000000000023,-0.043193782097428746,11119
10,-1.4999999999999987,-0.09999999999999742,55,10,-8.860000000000042,-0.050848781220902195,0.4,-0.005075297426161696,1.9,-0.007654999123473449,-1.3100000000000023,-0.043193782097428746,11120
10,-1.4999999999999987,2.6645352591003757e-15,55,10,-8.860000000000042,-0.050848781220902195,0.4,-0.005075297426161696,1.9,-0.007654999123473449,-1.3100000000000023,-0.043193782097428746,11121
10,-1.4999999999999987,0.10000000000000275,55,10,-8.860000000000042,-0.050848781220902195,0.4,-0.005075297426161696,1.9,-0.007654999123473449,-1.3100000000000023,-0.043193782097428746,11122
10,-1.3999999999999986,-0.09999999999999742,55,10,-8.860000000000042,-0.050848781220902195,0.4,-0.005075297426161696,1.9,-0.007654999123473449,-1.3100000000000023,-0.043193782097428746,11123
10,-1.3999999999999986,2.6645352591003757e-15,55,10,-8.860000000000042,-0.050848781220902195,0.4,-0.005075297426161696,1.9,-0.007654999123473449,-1.3100000000000023,-0.043193782097428746,11124
10,-1.3999999999999986,0.10000000000000275,55,10,-8.860000000000042,-0.050848781220902195,0.4,-0.005075297426161696,1.9,-0.007654999123473449,-1.3100000000000023,-0.043193782097428746,11125
10,-1.2999999999999985,-0.09999999999999742,55,10,-8.860000000000042,-0.050848781220902195,0.4,-0.005075297426161696,1.9,-0.007654999123473449,-1.3100000000000023,-0.043193782097428746,11126
10,-1.2999999999999985,2.6645352591003757e-15,55,10,-8.860000000000042,-0.050848781220902195,0.4,-0.005075297426161696,1.9,-0.007654999123473449,-1.3100000000000023,-0.043193782097428746,11127
10,-1.2999999999999985,0.10000000000000275,55,10,-8.860000000000042,-0.050848781220902195,0.4,-0.005075297426161696,1.9,-0.007654999123473449,-1.3100000000000023,-0.043193782097428746,11128
10,-1.1999999999999984,-0.09999999999999742,55,10,-8.860000000000042,-0.050848781220902195,0.4,-0.005075297426161696,1.9,-0.007654999123473449,-1.3100000000000023,-0.043193782097428746,11129
10,-1.1999999999999984,2.6645352591003757e-15,55,10,-8.860000000000042,-0.050848781220902195,0.4,-0.005075297426161696,1.9,-0.007654999123473449,-1.3100000000000023,-0.043193782097428746,11130
10,-1.1999999999999984,0.10000000000000275,55,10,-8.860000000000042,-0.050848781220902195,0.4,-0.005075297426161696,1.9,-0.007654999123473449,-1.3100000000000023,-0.043193782097428746,11131
22,-1.4999999999999987,0.10000000000000275,43,6,-8.949999999999989,-0.0511584600952516,0.3333333333333333,-0.008579434002372896,3.3333333333333335,-0.04541877459246779,-8.080000000000013,-0.005739685502783809,11132
22,-1.3999999999999986,0.10000000000000275,43,6,-8.949999999999989,-0.0511584600952516,0.3333333333333333,-0.008579434002372896,3.3333333333333335,-0.04541877459246779,-8.080000000000013,-0.005739685502783809,11133
5,-1.2999999999999985,0.10000000000000275,60,8,-9.200000000000017,-0.052963601535660376,0.5,-0.006542856997989108,2.5,-0.0014112666117841455,-0.2400000000000091,-0.05155233492387623,11134
5,-1.2999999999999985,0.20000000000000284,60,8,-9.200000000000017,-0.052963601535660376,0.5,-0.006542856997989108,2.5,-0.0014112666117841455,-0.2400000000000091,-0.05155233492387623,11135
5,-1.2999999999999985,0.30000000000000293,60,8,-9.200000000000017,-0.052963601535660376,0.5,-0.006542856997989108,2.5,-0.0014112666117841455,-0.2400000000000091,-0.05155233492387623,11136
5,-1.2999999999999985,0.400000000000003,60,8,-9.200000000000017,-0.052963601535660376,0.5,-0.006542856997989108,2.5,-0.0014112666117841455,-0.2400000000000091,-0.05155233492387623,11137
10,-0.5999999999999979,-0.2999999999999976,55,7,-9.360000000000014,-0.05311037086856818,0.42857142857142855,-0.0074886490071373836,4.428571428571429,-0.007654999123473449,-1.3100000000000023,-0.04545537174509473,11138
22,-1.4999999999999987,0.7000000000000033,43,3,-9.300000000000011,-0.05324723328110903,0.3333333333333333,-0.01784702545278664,4.333333333333333,-0.04541877459246779,-8.080000000000013,-0.007828458688641238,11139
22,-1.4999999999999987,0.8000000000000034,43,3,-9.300000000000011,-0.05324723328110903,0.3333333333333333,-0.01784702545278664,4.333333333333333,-0.04541877459246779,-8.080000000000013,-0.007828458688641238,11140
22,-1.3999999999999986,0.7000000000000033,43,3,-9.300000000000011,-0.05324723328110903,0.3333333333333333,-0.01784702545278664,4.333333333333333,-0.04541877459246779,-8.080000000000013,-0.007828458688641238,11141
22,-1.3999999999999986,0.8000000000000034,43,3,-9.300000000000011,-0.05324723328110903,0.3333333333333333,-0.01784702545278664,4.333333333333333,-0.04541877459246779,-8.080000000000013,-0.007828458688641238,11142
10,-2.2999999999999994,1.1000000000000032,55,5,-9.360000000000014,-0.054036750155923685,0.2,-0.010808443692394443,2.2,-0.007654999123473449,-1.3100000000000023,-0.046381751032450236,11143
10,-2.1999999999999993,1.1000000000000032,55,5,-9.360000000000014,-0.054036750155923685,0.2,-0.010808443692394443,2.2,-0.007654999123473449,-1.3100000000000023,-0.046381751032450236,11144
10,-2.099999999999999,1.1000000000000032,55,5,-9.360000000000014,-0.054036750155923685,0.2,-0.010808443692394443,2.2,-0.007654999123473449,-1.3100000000000023,-0.046381751032450236,11145
10,-1.9999999999999991,1.1000000000000032,55,5,-9.360000000000014,-0.054036750155923685,0.2,-0.010808443692394443,2.2,-0.007654999123473449,-1.3100000000000023,-0.046381751032450236,11146
10,-2.2999999999999994,-0.09999999999999742,55,11,-9.490000000000009,-0.05457163221243322,0.2727272727272727,-0.004962148202998148,1.5454545454545454,-0.007654999123473449,-1.3100000000000023,-0.04691663308895977,11147
10,-2.2999999999999994,2.6645352591003757e-15,55,11,-9.490000000000009,-0.05457163221243322,0.2727272727272727,-0.004962148202998148,1.5454545454545454,-0.007654999123473449,-1.3100000000000023,-0.04691663308895977,11148
10,-2.2999999999999994,0.10000000000000275,55,11,-9.490000000000009,-0.05457163221243322,0.2727272727272727,-0.004962148202998148,1.5454545454545454,-0.007654999123473449,-1.3100000000000023,-0.04691663308895977,11149
10,-2.1999999999999993,-0.09999999999999742,55,11,-9.490000000000009,-0.05457163221243322,0.2727272727272727,-0.004962148202998148,1.5454545454545454,-0.007654999123473449,-1.3100000000000023,-0.04691663308895977,11150
10,-2.1999999999999993,2.6645352591003757e-15,55,11,-9.490000000000009,-0.05457163221243322,0.2727272727272727,-0.004962148202998148,1.5454545454545454,-0.007654999123473449,-1.3100000000000023,-0.04691663308895977,11151
10,-2.1999999999999993,0.10000000000000275,55,11,-9.490000000000009,-0.05457163221243322,0.2727272727272727,-0.004962148202998148,1.5454545454545454,-0.007654999123473449,-1.3100000000000023,-0.04691663308895977,11152
10,-2.099999999999999,-0.09999999999999742,55,11,-9.490000000000009,-0.05457163221243322,0.2727272727272727,-0.004962148202998148,1.5454545454545454,-0.007654999123473449,-1.3100000000000023,-0.04691663308895977,11153
10,-2.099999999999999,2.6645352591003757e-15,55,11,-9.490000000000009,-0.05457163221243322,0.2727272727272727,-0.004962148202998148,1.5454545454545454,-0.007654999123473449,-1.3100000000000023,-0.04691663308895977,11154
10,-2.099999999999999,0.10000000000000275,55,11,-9.490000000000009,-0.05457163221243322,0.2727272727272727,-0.004962148202998148,1.5454545454545454,-0.007654999123473449,-1.3100000000000023,-0.04691663308895977,11155
10,-1.9999999999999991,-0.09999999999999742,55,11,-9.490000000000009,-0.05457163221243322,0.2727272727272727,-0.004962148202998148,1.5454545454545454,-0.007654999123473449,-1.3100000000000023,-0.04691663308895977,11156
10,-1.9999999999999991,2.6645352591003757e-15,55,11,-9.490000000000009,-0.05457163221243322,0.2727272727272727,-0.004962148202998148,1.5454545454545454,-0.007654999123473449,-1.3100000000000023,-0.04691663308895977,11157
10,-1.9999999999999991,0.10000000000000275,55,11,-9.490000000000009,-0.05457163221243322,0.2727272727272727,-0.004962148202998148,1.5454545454545454,-0.007654999123473449,-1.3100000000000023,-0.04691663308895977,11158
10,-0.9999999999999982,-0.09999999999999742,55,7,-9.730000000000047,-0.05574445887927826,0.2857142857142857,-0.00795915315402494,3.2857142857142856,-0.007654999123473449,-1.3100000000000023,-0.04808945975580481,11159
10,-0.9999999999999982,2.6645352591003757e-15,55,7,-9.730000000000047,-0.05574445887927826,0.2857142857142857,-0.00795915315402494,3.2857142857142856,-0.007654999123473449,-1.3100000000000023,-0.04808945975580481,11160
10,-0.9999999999999982,0.10000000000000275,55,7,-9.730000000000047,-0.05574445887927826,0.2857142857142857,-0.00795915315402494,3.2857142857142856,-0.007654999123473449,-1.3100000000000023,-0.04808945975580481,11161
5,-0.1999999999999975,-1.6999999999999988,60,17,-10.009999999999962,-0.05631681617915363,0.5294117647058824,-0.003268388418998778,3.588235294117647,-0.0014112666117841455,-0.2400000000000091,-0.05490554956736948,11162
5,-0.09999999999999742,-1.6999999999999988,60,17,-10.009999999999962,-0.05631681617915363,0.5294117647058824,-0.003268388418998778,3.588235294117647,-0.0014112666117841455,-0.2400000000000091,-0.05490554956736948,11163
